Prime boxes of the F-Pentomino  Toshihiro Shirakawa 2015.03.24

Possible
3x 6x[10,15]
3x 7x[10,15]
3x 8x[10,15]
3x10x[10,11]

4x 5x[10,12,14,16,17,18,19,21,23,25]
4x 6x[15,20,25]
4x 7x[10,15]
4x 8x[10,15]
4x 9x[10,15]
4x10x11

5x 5x[8,10]
5x 6x[6-11]
5x 7x[8-11,13]
5x 8x[8,9]
5x 9x[9,11]

3x3x3x[10,15]

3D Complete

Solutions
3x6x10
01 02 03 02 02 02 04 05 02 04 04 04 06 04 07 06 08 07 01 09 03 01 05 03 01 05 03 06 05 07 06 10 07 08 08 08 09 09 09 01 05 03 11 12 13 11 10 14 06 10 07 15 10 08 09 16 13 11 12 13 11 12 13 17 10 14 18 18 14 15 15 15 16 16 16 19 20 13 11 12 14 17 12 14 17 18 18 17 15 21 19 22 16 19 20 20 19 23 24 25 23 24 17 18 26 21 21 21 22 22 22 20 20 24 19 27 24 25 23 26 25 23 26 28 21 26 29 27 22 30 27 31 25 27 24 25 23 26 32 33 34 28 28 28 29 29 29 30 27 31 30 33 31 32 33 34 32 33 34 32 28 34 30 29 31 30 35 31 35 35 35 36 33 35 36 36 36 32 36 34 
3x6x15
01 02 03 02 02 02 04 05 02 04 04 04 06 04 07 08 08 07 01 09 03 01 10 03 01 05 03 06 05 07 06 05 07 06 08 08 09 09 09 01 10 03 11 10 12 13 05 12 13 14 07 06 08 15 16 10 09 11 10 12 11 14 12 11 14 15 13 14 15 13 17 15 16 18 19 16 20 19 16 20 12 11 14 21 13 22 15 17 17 17 18 18 18 16 23 19 24 20 19 24 20 21 25 22 21 17 22 26 18 23 27 24 23 19 24 20 21 25 22 21 25 22 28 26 26 26 29 30 27 29 23 27 24 23 27 31 32 28 25 32 28 25 26 28 30 30 30 29 33 27 29 33 34 31 35 34 31 32 36 37 32 28 38 33 30 29 33 34 31 35 34 31 35 36 39 32 36 37 37 37 38 38 38 40 33 41 42 43 34 39 35 44 39 35 36 39 37 36 40 38 41 40 43 41 42 43 41 42 43 44 42 45 44 39 45 46 47 48 41 40 43 49 40 50 44 42 45 44 51 45 52 46 46 46 47 48 48 47 50 49 47 50 49 51 50 52 51 45 52 51 46 52 48 48 49 47 53 49 53 53 53 54 50 53 54 54 54 51 54 52 

3x7x10
01 02 03 01 04 03 04 04 04 05 06 04 05 05 05 07 05 08 09 09 08 02 02 02 01 10 03 01 10 03 11 06 12 07 06 08 07 13 08 07 09 09 14 10 02 01 10 03 11 06 12 11 06 12 11 13 12 15 13 08 07 09 16 14 14 14 17 10 18 11 19 12 19 19 19 19 20 16 15 13 16 15 13 16 17 14 18 17 21 18 17 22 18 22 22 22 15 20 22 15 20 16 23 20 24 17 21 18 25 21 26 25 21 27 27 27 27 23 27 24 23 20 24 23 28 24 25 29 26 25 29 26 30 21 26 30 30 30 31 30 32 23 33 24 28 28 28 34 35 26 25 29 36 31 29 32 31 37 32 31 37 32 38 33 39 28 33 40 34 35 35 34 29 36 34 37 36 31 37 32 38 33 39 38 33 39 40 40 40 35 35 36 34 41 36 41 41 41 42 37 41 42 42 42 38 42 39 38 40 39 
3x7x15
01 02 02 02 02 03 04 02 03 04 05 06 05 05 05 05 07 08 09 07 08 01 10 03 01 11 03 01 12 06 04 12 06 04 07 08 13 07 08 09 09 09 10 10 10 01 11 03 14 11 15 04 12 06 13 12 06 13 07 08 13 09 16 10 11 15 14 11 15 14 17 15 14 12 18 13 19 18 20 19 21 16 16 16 22 17 23 14 17 15 24 17 18 24 19 18 20 19 21 20 25 21 20 16 21 22 26 23 22 17 23 22 27 23 24 27 18 24 19 28 25 25 25 20 29 21 26 26 26 22 30 23 30 30 30 24 27 30 31 27 28 25 32 28 29 29 29 33 33 26 34 33 33 34 33 35 31 27 28 31 32 28 31 32 36 37 32 29 34 38 35 34 39 35 39 39 35 31 39 39 37 40 36 37 40 36 37 32 36 38 38 38 34 41 35 42 43 44 43 43 43 43 45 46 37 40 46 47 40 36 42 41 38 42 41 48 42 41 44 49 45 44 47 45 44 47 40 46 47 50 46 51 52 48 42 52 48 49 41 48 49 53 44 49 45 54 47 45 46 50 50 50 51 51 51 55 52 56 49 52 48 57 53 58 57 53 54 59 60 54 50 61 54 55 51 56 55 52 56 57 53 56 57 53 58 59 60 58 59 60 54 61 61 61 62 62 56 55 62 62 55 62 58 57 63 58 63 63 63 59 60 63 59 60 61 

3x8x10
01 02 03 01 04 03 04 04 04 05 05 04 06 07 07 06 06 06 08 06 09 08 10 09 02 02 02 01 11 03 01 11 03 12 05 05 07 07 13 08 14 09 08 14 09 10 10 10 15 11 02 01 11 03 12 16 17 12 05 13 12 07 13 18 19 13 08 14 09 10 14 20 15 15 15 21 11 22 12 16 17 18 16 17 18 19 17 18 19 13 23 14 24 20 20 20 25 15 22 21 16 22 21 16 22 21 26 17 18 27 24 23 19 24 23 19 24 23 20 28 25 25 25 29 30 31 21 30 22 26 26 26 27 27 27 23 32 24 33 32 34 28 28 28 29 25 31 29 35 31 29 30 31 36 30 26 27 32 37 33 32 34 33 38 34 33 28 34 39 35 31 40 35 41 29 30 37 36 42 37 36 43 37 36 32 34 44 38 45 33 38 46 39 39 39 40 35 41 40 35 41 42 42 37 36 43 43 44 38 45 44 38 45 46 46 46 40 39 41 40 47 41 47 47 47 47 42 42 43 43 48 48 48 48 44 48 45 44 46 45 
3x8x15
01 02 03 01 04 03 04 04 04 05 06 04 07 08 09 07 07 07 10 07 11 10 12 11 02 02 02 01 06 03 01 06 03 05 06 09 05 08 09 10 08 11 10 08 11 12 12 12 13 14 02 01 14 03 05 06 15 05 16 16 17 17 09 18 08 09 10 19 11 12 19 20 13 21 15 13 14 15 13 14 15 16 16 22 23 17 17 18 19 20 18 19 20 18 24 20 21 21 21 13 14 15 25 26 22 23 16 22 23 17 22 23 27 28 18 19 20 24 24 24 25 29 21 25 26 30 25 26 31 23 26 31 32 27 22 32 27 28 33 27 28 24 34 28 29 29 29 25 26 30 35 36 30 32 36 31 32 37 31 33 37 38 33 27 28 34 34 34 29 39 30 35 36 30 35 36 40 35 41 31 32 42 38 43 37 38 33 37 38 33 44 34 39 39 39 35 45 40 46 36 40 41 41 41 42 42 42 43 37 47 43 48 38 44 44 44 39 49 49 46 45 50 46 45 40 41 45 40 43 48 42 43 48 47 51 48 47 52 52 44 49 49 50 53 54 50 46 45 50 46 55 56 57 58 47 51 48 47 51 59 60 51 52 52 53 49 50 53 54 56 53 54 56 55 55 56 57 58 58 57 59 60 57 59 60 51 52 60 53 54 61 62 54 63 64 65 56 64 55 55 58 58 66 57 67 66 68 59 69 70 59 60 61 61 61 62 65 63 62 65 63 64 65 66 64 67 66 68 67 69 68 67 69 70 70 70 62 61 63 62 71 63 71 71 71 64 65 71 72 67 66 72 72 72 68 72 69 68 70 69 

3x10x10
01 02 03 01 04 03 04 04 04 05 06 04 07 06 08 07 09 08 10 09 11 10 10 10 12 10 13 12 14 13 02 02 02 01 15 03 01 06 03 05 06 08 05 16 08 07 17 11 07 09 11 12 09 13 12 18 13 14 14 14 19 15 02 01 15 03 05 15 20 05 06 21 16 16 08 07 17 17 22 09 11 23 18 11 12 18 13 14 18 24 19 19 19 25 25 20 26 15 20 21 21 21 27 16 16 17 17 28 22 22 22 23 18 29 23 30 30 24 24 24 31 19 32 26 25 25 26 33 20 26 21 20 27 27 27 28 28 28 23 22 29 23 34 29 30 30 29 35 24 36 31 37 32 31 25 32 31 33 32 26 33 38 39 27 40 39 28 40 41 34 29 35 34 36 35 30 36 35 42 36 37 37 37 31 33 32 43 33 38 39 44 38 39 44 38 41 45 40 41 45 40 41 34 46 35 34 36 42 42 42 43 47 37 43 48 49 43 44 50 51 44 50 39 52 38 41 53 40 54 45 55 54 45 46 56 57 46 42 58 46 47 47 47 43 48 49 51 48 49 51 44 50 52 52 50 54 53 53 54 45 55 56 57 55 56 57 46 58 58 58 47 48 49 59 48 49 59 59 59 51 59 50 51 52 52 53 53 55 54 60 55 60 60 60 56 57 60 56 57 58 
3x10x11
01 02 03 02 02 03 04 02 02 04 04 04 05 04 06 05 07 06 07 07 07 08 08 07 09 08 08 09 08 10 01 01 01 11 12 03 13 13 03 05 13 13 05 13 14 15 16 06 16 16 06 09 16 16 09 17 18 10 10 10 11 01 19 11 12 03 11 12 14 20 12 14 05 21 14 15 22 06 15 17 23 15 17 18 09 17 18 24 10 18 11 25 19 20 26 19 20 12 19 20 27 14 21 21 21 22 22 22 15 28 23 24 17 23 24 29 23 24 30 18 25 25 25 26 26 19 20 27 31 32 27 33 32 27 21 22 28 34 35 28 34 36 28 23 24 29 29 30 30 30 37 37 25 38 26 26 31 31 31 33 33 33 32 27 34 32 28 34 35 35 35 36 36 36 29 29 39 30 40 40 38 37 37 38 41 41 38 31 42 43 33 42 32 44 45 46 47 34 48 35 49 48 36 39 50 50 39 40 40 39 38 37 51 41 41 42 43 44 42 43 44 45 43 44 45 46 47 49 46 47 49 48 47 49 48 50 50 52 40 39 51 51 51 53 41 54 43 55 42 56 44 57 46 58 45 46 59 45 60 47 61 48 62 49 63 50 64 52 52 52 53 51 54 53 55 54 56 55 54 56 55 57 58 58 57 60 59 59 60 62 61 63 62 61 63 62 64 63 52 64 65 65 54 53 65 65 53 65 57 56 55 57 56 58 58 59 59 61 60 62 61 60 66 64 66 66 64 63 66 66 

4x5x10
01 02 03 03 02 02 02 04 02 05 06 04 07 05 05 08 05 05 09 09 01 03 03 04 01 10 06 04 01 11 06 08 07 12 06 08 07 09 09 08 13 10 03 14 01 10 06 04 07 11 11 11 07 12 12 12 15 16 09 08 13 13 13 14 17 10 18 14 15 10 11 14 15 19 12 20 15 16 16 16 17 13 18 21 17 22 18 14 17 22 23 20 15 19 23 20 24 19 16 20 17 22 25 21 26 22 18 21 24 19 18 21 24 19 23 27 24 28 23 20 26 25 25 25 26 22 29 21 26 30 31 27 24 32 23 27 28 28 28 27 33 30 29 25 34 30 29 35 26 30 31 27 36 32 31 37 28 32 31 38 33 33 33 35 34 30 29 35 34 32 29 37 36 32 31 37 36 38 38 38 34 33 39 39 34 39 39 35 36 40 39 35 36 40 40 37 40 40 38 37 
4x5x12
01 02 03 03 02 02 02 04 02 05 06 04 07 05 05 08 05 05 09 09 01 03 03 04 01 10 06 04 01 10 06 08 07 11 06 08 07 09 09 08 12 10 03 13 01 10 14 04 07 14 14 14 07 11 06 14 15 11 09 08 12 16 16 13 12 10 17 13 12 11 18 13 19 11 20 20 15 15 15 21 22 23 16 16 12 17 17 13 19 18 18 21 19 20 20 21 19 15 24 21 22 23 16 25 22 23 17 17 22 23 18 18 26 27 20 21 19 24 24 24 28 25 25 25 22 23 29 30 26 27 31 31 26 27 32 32 26 27 33 24 28 34 25 30 28 29 29 30 28 31 31 30 35 32 32 36 26 27 33 33 34 34 34 30 28 37 29 29 35 37 31 36 35 38 32 36 35 33 33 36 34 37 39 40 41 37 42 43 41 43 43 43 44 38 43 45 35 38 46 36 41 39 39 40 41 37 42 40 44 38 42 40 44 38 42 45 44 46 46 45 47 47 39 39 41 47 47 40 48 47 42 45 48 48 48 45 44 48 46 46 
4x5x14
01 02 03 03 02 02 02 04 02 05 06 04 07 05 05 08 05 05 09 09 01 03 03 04 01 10 06 04 01 10 06 08 07 11 06 08 07 09 09 08 12 10 03 13 01 10 14 04 07 14 14 14 07 11 06 14 15 11 09 08 12 12 12 13 16 10 17 13 15 11 18 13 15 11 18 18 15 18 18 19 16 12 17 20 16 21 17 13 16 21 21 21 15 22 21 23 24 19 19 19 16 20 20 20 25 26 17 27 24 22 17 23 24 22 28 23 24 22 19 23 25 29 20 27 25 26 26 27 25 22 28 27 24 30 28 31 32 30 28 23 29 29 29 27 26 26 33 34 25 30 28 31 35 30 36 31 32 32 32 31 29 37 33 34 38 38 33 34 35 39 33 34 35 30 36 40 35 32 36 31 37 37 33 34 41 38 38 42 41 39 36 40 43 39 36 40 35 39 44 40 41 37 37 42 41 38 45 42 43 46 45 42 43 39 47 47 43 44 44 40 48 49 45 42 41 50 45 51 46 46 46 51 52 47 47 53 43 54 44 44 48 49 49 51 48 50 45 51 48 50 46 53 52 50 47 53 52 54 54 53 49 49 55 55 48 55 55 51 52 50 55 56 52 56 56 56 54 54 56 53 
4x5x16
01 01 02 03 04 01 01 03 04 01 05 06 07 05 05 06 07 08 05 05 04 02 02 02 04 09 10 03 07 09 11 03 07 12 11 06 08 08 08 06 13 09 10 02 04 09 10 03 14 12 10 15 07 12 11 06 08 12 11 16 13 13 13 15 17 09 18 15 14 12 10 15 14 19 11 20 14 16 16 16 17 13 18 21 17 22 18 15 17 19 18 20 14 19 23 20 24 19 16 20 17 25 25 21 22 22 22 21 24 19 18 21 24 23 23 23 24 26 26 20 25 25 27 27 22 27 27 21 28 29 27 30 24 29 29 23 29 29 26 26 28 25 31 31 28 31 31 32 28 33 31 30 34 33 33 30 33 33 26 30 35 35 36 32 28 35 35 32 34 35 37 32 34 37 37 30 34 38 37 37 39 39 36 36 40 39 39 41 34 39 42 32 43 42 42 44 38 38 42 42 45 36 36 41 40 40 40 41 43 46 47 41 43 44 44 44 43 38 38 48 45 49 47 41 45 40 47 50 45 46 47 48 51 46 44 48 43 46 52 48 49 49 49 50 45 53 47 50 51 54 55 50 51 46 56 48 51 52 52 52 49 53 55 57 58 53 55 59 51 54 55 50 60 54 56 61 62 54 56 52 58 57 57 57 58 53 55 59 60 53 56 59 60 54 56 61 62 62 62 61 63 63 57 59 58 63 63 59 58 63 64 61 60 64 64 61 60 62 64 64 
4x5x17
01 01 02 02 03 01 01 04 03 01 05 06 07 05 05 06 08 08 05 05 03 02 02 04 03 09 09 04 07 10 11 04 07 12 12 06 07 08 08 06 13 10 02 14 03 10 09 09 07 10 11 04 12 12 11 06 15 08 11 16 13 14 14 14 13 10 09 17 13 18 19 16 20 12 11 16 15 15 15 16 21 18 14 17 13 18 22 17 20 18 19 17 20 23 19 16 20 15 19 24 21 25 22 17 21 18 22 26 21 23 22 24 27 23 19 24 20 23 28 24 25 25 25 26 21 29 30 26 27 23 22 26 27 31 32 24 27 28 28 28 25 33 30 34 29 29 30 34 27 31 30 26 35 31 32 32 35 31 36 28 33 33 33 37 38 29 29 34 35 31 30 34 35 32 32 39 40 36 36 36 33 37 37 37 38 38 38 34 41 42 43 44 35 39 39 39 40 40 40 36 45 45 37 44 46 38 43 44 41 42 43 44 41 42 39 47 41 40 48 48 46 45 45 49 46 42 50 44 46 42 43 47 41 51 43 47 52 48 48 47 46 45 53 49 54 51 50 49 52 51 50 49 52 51 50 55 52 56 48 47 54 53 53 53 54 57 58 49 54 51 50 55 52 59 60 55 56 56 56 55 54 57 61 53 62 57 58 58 63 57 60 64 59 59 60 65 56 66 60 55 62 61 61 64 62 58 58 64 63 57 60 64 63 59 59 65 63 66 66 65 67 67 61 61 62 67 67 64 62 67 68 65 63 68 68 65 66 66 68 68 
4x5x18
01 01 02 03 04 01 01 03 04 01 05 06 07 05 05 06 07 08 05 05 04 02 02 02 04 09 10 03 07 09 11 03 07 12 11 06 08 08 08 06 13 09 10 02 04 09 10 03 14 12 10 15 07 12 11 06 08 12 11 16 13 13 13 15 17 09 18 15 14 12 10 15 14 19 11 20 14 16 16 16 17 13 18 21 17 22 18 15 17 19 18 20 14 19 23 20 24 19 16 20 17 25 25 21 22 22 22 21 24 19 18 21 24 23 23 23 24 26 26 20 25 25 27 27 22 27 27 21 28 29 27 30 24 29 29 23 29 29 26 26 31 25 32 30 31 31 31 30 28 31 33 30 28 33 33 33 28 34 26 33 35 35 32 32 36 35 35 30 37 35 38 39 28 38 38 40 34 34 38 38 36 32 32 39 36 41 42 39 37 43 42 39 37 43 44 40 37 34 34 40 45 41 42 46 36 41 42 39 36 41 44 40 37 43 44 40 47 43 44 48 45 45 45 46 49 50 42 46 47 41 44 46 47 43 51 52 47 48 48 48 49 45 53 54 49 50 53 46 49 50 51 52 47 55 51 52 56 55 48 52 49 50 57 54 58 50 53 54 56 55 53 54 56 55 51 59 56 60 51 52 58 57 57 57 58 61 53 54 58 62 63 59 56 55 64 59 60 60 60 59 65 61 63 57 66 61 63 67 58 62 63 59 68 62 64 69 60 62 64 70 65 65 65 67 66 61 63 67 66 61 64 69 68 62 64 69 68 70 70 70 66 65 71 71 66 71 71 67 68 72 71 67 68 72 72 69 72 72 70 69 
4x5x19
01 01 02 03 04 01 01 03 04 01 05 06 07 05 05 06 07 08 05 05 04 02 02 02 04 09 10 03 07 09 11 03 07 12 11 06 08 08 08 06 13 09 10 02 04 09 10 03 14 12 10 15 07 12 11 06 08 12 11 16 13 13 13 15 17 09 18 15 14 12 10 15 14 19 11 20 14 16 16 16 17 13 18 21 17 22 18 15 17 19 18 20 14 19 23 20 24 19 16 20 17 25 25 21 22 22 22 21 24 19 18 21 24 23 23 23 24 26 26 20 25 25 27 27 22 27 27 21 28 29 27 30 24 29 29 23 29 29 26 26 31 25 32 30 32 32 32 30 28 32 33 30 28 33 33 33 28 33 26 34 31 35 36 36 31 36 36 30 31 37 36 34 28 37 37 34 37 37 38 34 35 35 39 39 31 39 39 40 41 42 39 43 44 42 42 34 42 42 38 38 41 35 35 40 41 45 46 40 41 47 46 43 44 47 48 43 44 38 38 43 49 45 46 50 41 45 46 40 44 45 48 40 44 47 48 43 51 47 48 52 49 49 49 50 53 54 46 50 51 45 48 50 51 47 55 56 51 52 52 52 53 49 57 58 53 54 57 50 53 54 55 56 51 59 55 56 60 59 52 56 53 54 61 58 62 54 57 58 60 59 57 58 60 59 55 63 60 64 55 56 62 61 61 61 62 65 57 58 62 66 67 63 60 59 68 63 64 64 64 63 69 65 67 61 70 65 67 71 62 66 67 63 72 66 68 73 64 66 68 74 69 69 69 71 70 65 67 71 70 65 68 73 72 66 68 73 72 74 74 74 70 69 75 75 70 75 75 71 72 76 75 71 72 76 76 73 76 76 74 73 
4x5x21
01 01 02 03 04 01 01 03 04 01 05 06 07 05 05 06 07 08 05 05 04 02 02 02 04 09 10 03 07 11 10 03 07 11 12 06 08 08 08 06 13 09 10 02 04 09 10 03 14 09 12 15 07 11 12 06 08 11 12 16 13 13 13 15 17 18 10 15 14 09 12 15 14 11 19 20 14 16 16 16 17 13 21 22 17 18 21 15 17 18 19 20 14 23 19 20 24 23 16 20 17 18 25 22 26 18 21 22 24 23 21 22 24 23 19 27 24 28 19 20 26 25 25 25 26 29 21 22 26 30 31 27 24 23 32 27 28 28 28 27 26 29 31 25 33 29 31 34 35 30 31 34 35 30 32 36 28 30 32 27 33 37 37 34 33 29 31 34 33 29 32 36 35 30 32 36 35 38 38 36 37 37 39 39 40 39 39 34 33 41 39 36 35 41 41 42 41 41 38 38 40 37 43 44 40 44 44 44 40 45 44 42 45 45 45 42 45 46 38 42 40 47 43 43 48 47 47 47 49 50 47 51 50 50 50 52 46 46 50 42 48 43 43 51 48 53 54 51 49 55 54 51 49 55 56 52 49 46 46 52 57 53 54 58 48 53 54 51 48 53 56 52 49 55 56 52 59 55 56 60 57 57 57 58 61 62 54 58 59 53 56 58 59 55 63 64 59 60 60 60 61 57 65 66 61 62 65 58 61 62 63 64 59 67 63 64 68 67 60 64 61 62 69 66 70 62 65 66 68 67 65 66 68 67 63 71 68 72 63 64 70 69 69 69 70 73 65 66 70 74 75 71 68 67 76 71 72 72 72 71 77 73 75 69 78 73 75 79 70 74 75 71 80 74 76 81 72 74 76 82 77 77 77 79 78 73 75 79 78 73 76 81 80 74 76 81 80 82 82 82 78 77 83 83 78 83 83 79 80 84 83 79 80 84 84 81 84 84 82 81 
4x5x23
01 01 02 03 04 01 01 03 04 01 05 06 07 05 05 06 07 08 05 05 04 02 02 02 04 09 10 03 07 11 10 03 07 11 12 06 08 08 08 06 13 09 10 02 04 09 10 03 14 09 12 15 07 11 12 06 08 11 12 16 13 13 13 15 17 18 10 15 14 09 12 15 14 11 19 20 14 16 16 16 17 13 21 22 17 18 21 15 17 18 19 20 14 23 19 20 24 23 16 20 17 18 25 22 26 18 21 22 24 23 21 22 24 23 19 27 24 28 19 20 26 25 25 25 26 29 21 22 26 30 31 27 24 23 32 27 28 28 28 27 26 29 31 25 33 29 31 34 35 30 31 34 35 30 32 36 28 30 32 27 33 37 37 34 33 29 31 34 33 29 32 36 35 30 32 36 35 38 38 36 37 37 39 39 40 39 39 34 33 41 39 36 35 41 41 42 41 41 38 38 43 37 44 44 40 44 44 42 40 45 44 42 40 45 45 42 45 45 38 46 43 43 43 47 48 47 47 47 40 49 47 42 49 49 49 50 49 46 46 46 48 43 51 52 48 52 52 52 48 53 52 50 53 53 53 50 53 54 46 50 48 55 51 51 56 55 55 55 57 58 55 59 58 58 58 60 54 54 58 50 56 51 51 59 56 61 62 59 57 63 62 59 57 63 64 60 57 54 54 60 65 61 62 66 56 61 62 59 56 61 64 60 57 63 64 60 67 63 64 68 65 65 65 66 69 70 62 66 67 61 64 66 67 63 71 72 67 68 68 68 69 65 73 74 69 70 73 66 69 70 71 72 67 75 71 72 76 75 68 72 69 70 77 74 78 70 73 74 76 75 73 74 76 75 71 79 76 80 71 72 78 77 77 77 78 81 73 74 78 82 83 79 76 75 84 79 80 80 80 79 85 81 83 77 86 81 83 87 78 82 83 79 88 82 84 89 80 82 84 90 85 85 85 87 86 81 83 87 86 81 84 89 88 82 84 89 88 90 90 90 86 85 91 91 86 91 91 87 88 92 91 87 88 92 92 89 92 92 90 89 
4x5x25
01 01 02 03 04 01 01 03 04 01 05 06 07 05 05 06 07 08 05 05 04 02 02 02 04 09 10 03 07 11 10 03 07 11 12 06 08 08 08 06 13 09 10 02 04 09 10 03 14 09 12 15 07 11 12 06 08 11 12 16 13 13 13 15 17 18 10 15 14 09 12 15 14 11 19 20 14 16 16 16 17 13 21 22 17 18 21 15 17 18 19 20 14 23 19 20 24 23 16 20 17 18 25 22 26 18 21 22 24 23 21 22 24 23 19 27 24 28 19 20 26 25 25 25 26 29 21 22 26 30 31 27 24 23 32 27 28 28 28 27 26 29 31 25 33 29 31 34 35 30 31 34 35 30 32 36 28 30 32 27 33 37 37 34 33 29 31 34 33 29 32 36 35 30 32 36 35 38 38 36 37 37 39 40 39 39 39 34 33 39 41 36 35 41 41 41 42 41 38 38 43 37 44 40 43 43 43 40 42 43 45 40 42 45 45 45 42 46 38 45 47 44 44 44 47 47 47 40 48 47 49 50 42 49 49 49 46 46 46 49 51 52 52 44 51 51 51 50 48 51 53 50 48 53 53 53 46 54 54 53 55 55 52 52 48 55 55 56 48 55 57 50 58 57 57 50 54 54 57 57 59 60 52 56 59 59 59 56 58 59 61 56 58 61 61 61 58 54 62 61 60 60 63 56 63 63 63 64 65 63 66 67 68 66 66 66 58 66 62 62 65 60 60 64 65 69 70 64 65 71 70 67 68 71 72 67 68 62 62 67 73 69 70 74 65 69 70 64 68 69 72 64 68 71 72 67 75 71 72 76 73 73 73 74 77 78 70 74 75 69 72 74 75 71 79 80 75 76 76 76 77 73 81 82 77 78 81 74 77 78 79 80 75 83 79 80 84 83 76 80 77 78 85 82 86 78 81 82 84 83 81 82 84 83 79 87 84 88 79 80 86 85 85 85 86 89 81 82 86 90 91 87 84 83 92 87 88 88 88 87 93 89 91 85 94 89 91 95 86 90 91 87 96 90 92 97 88 90 92 98 93 93 93 95 94 89 91 95 94 89 92 97 96 90 92 97 96 98 98 98 94 93 99 99 94 99 99 95 96 100 99 95 96 100 100 97 100 100 98 97 

4x6x15
01 02 02 03 04 04 02 02 05 06 02 07 05 08 09 07 08 08 10 10 11 08 08 12 01 03 03 03 01 04 04 07 01 06 06 07 05 09 09 12 05 10 10 12 11 11 11 12 13 14 03 15 01 04 16 16 06 06 17 07 05 18 09 09 19 19 10 12 20 11 21 22 13 14 14 15 13 16 16 15 13 17 17 15 20 18 18 22 20 19 19 22 20 21 21 22 14 14 23 24 13 25 16 15 26 25 17 17 18 18 27 28 20 19 27 22 29 30 21 21 31 25 23 24 26 25 23 24 26 32 23 24 29 30 33 28 29 30 27 28 29 30 27 34 31 31 31 35 36 25 23 24 26 32 33 28 26 32 33 28 29 30 27 37 38 34 34 34 36 31 39 35 36 32 40 35 36 32 40 35 38 41 33 37 38 41 33 37 38 42 34 37 36 39 39 39 43 44 45 35 46 41 40 47 46 41 40 47 38 48 49 50 42 42 42 37 43 44 45 39 43 44 45 47 43 44 40 47 46 41 49 50 46 48 49 50 42 48 49 50 43 44 51 51 52 53 45 54 55 55 45 47 46 48 56 56 57 48 58 59 60 60 49 50 52 51 51 54 52 53 53 54 52 55 55 54 57 56 56 59 57 58 58 59 57 60 60 59 52 61 51 54 53 53 62 63 64 55 65 66 64 67 56 66 68 69 58 58 57 60 70 59 61 61 61 63 64 62 62 63 64 65 65 63 68 67 67 66 68 69 69 66 68 70 70 70 61 71 71 63 71 71 62 62 64 71 65 65 67 67 72 66 69 69 72 72 68 72 72 70 
4x6x20
01 02 03 04 01 02 05 04 06 05 05 05 06 06 06 05 07 06 08 09 07 10 08 09 11 03 03 03 01 02 12 04 01 02 12 04 07 13 08 09 07 13 08 09 10 10 10 14 11 11 11 03 01 02 15 04 16 13 12 17 18 13 12 19 07 20 08 09 10 14 14 14 16 11 21 21 16 15 15 17 16 22 12 17 18 13 23 19 18 20 20 19 24 24 14 19 25 21 21 26 16 22 15 15 18 22 23 17 18 22 23 17 20 20 23 19 27 24 24 28 25 29 21 26 25 22 30 26 25 31 32 26 27 31 32 28 27 33 23 28 27 24 34 28 29 29 29 35 25 31 30 26 36 31 30 37 36 33 32 37 27 33 32 28 38 34 34 34 29 39 30 35 36 40 30 35 36 31 41 35 38 42 32 37 38 33 43 37 38 33 44 34 39 39 39 45 40 40 40 35 36 41 41 41 42 42 42 37 38 43 43 43 46 44 44 44 39 45 45 45 40 47 47 48 47 47 49 41 42 47 49 49 50 49 49 43 46 46 46 44 51 52 45 48 52 52 53 48 54 52 52 48 50 55 55 56 50 57 55 55 50 46 55 58 51 51 51 59 60 53 53 53 54 54 54 48 50 56 56 56 57 57 57 61 62 58 58 58 60 51 63 59 60 53 64 59 60 54 64 59 62 65 56 61 62 65 57 61 62 66 58 61 60 63 63 63 67 68 69 59 70 65 64 71 70 65 64 71 62 72 73 74 66 66 66 61 67 68 69 63 67 68 69 71 67 68 64 71 70 65 73 74 70 72 73 74 66 72 73 74 67 68 75 75 76 77 69 78 79 79 69 71 70 72 80 80 81 72 82 83 84 84 73 74 76 75 75 78 76 77 77 78 76 79 79 78 81 80 80 83 81 82 82 83 81 84 84 83 76 85 75 78 77 77 86 87 88 79 89 90 88 91 80 90 92 93 82 82 81 84 94 83 85 85 85 87 88 86 86 87 88 89 89 87 92 91 91 90 92 93 93 90 92 94 94 94 85 95 95 87 95 95 86 86 88 95 89 89 91 91 96 90 93 93 96 96 92 96 96 94 
4x6x25
01 02 02 03 04 04 02 02 05 06 02 07 05 08 09 07 08 08 10 10 11 08 08 12 01 03 03 03 01 04 04 07 01 06 06 07 05 09 09 12 05 10 10 12 11 11 11 12 13 14 03 15 01 04 16 15 06 06 16 07 05 17 09 09 18 17 10 12 18 11 19 20 13 14 16 21 13 14 16 15 13 14 22 15 18 23 19 20 18 17 19 20 24 17 19 20 25 21 21 21 13 14 16 15 22 22 22 26 27 23 23 23 18 17 19 20 24 24 24 28 25 29 21 26 25 30 31 26 25 22 31 26 27 32 23 28 27 32 33 28 27 24 34 28 29 29 29 35 25 30 30 26 36 32 31 37 36 32 31 37 27 33 33 28 38 34 34 34 29 35 35 35 30 30 39 37 40 41 31 37 36 32 42 43 36 44 33 33 38 38 38 34 40 45 35 46 40 39 39 39 40 41 41 37 36 42 42 43 44 44 44 43 47 38 48 43 45 45 45 46 40 39 49 46 41 41 49 46 47 50 42 42 47 50 44 43 47 48 48 48 45 51 49 52 53 54 49 46 54 54 54 55 54 55 55 55 47 50 55 56 57 50 58 48 53 51 59 52 53 51 49 52 53 51 60 52 57 61 58 56 57 50 58 56 57 62 58 56 53 59 59 59 63 51 64 52 60 60 60 65 66 61 61 61 57 67 58 68 62 62 62 56 63 59 64 65 63 69 64 65 63 60 64 65 66 67 61 68 66 67 70 68 66 67 62 68 63 69 64 71 72 69 73 65 74 73 73 73 74 74 74 73 66 74 70 75 76 67 70 68 72 71 71 71 72 69 77 78 72 69 79 79 80 80 70 75 81 82 70 75 76 76 76 75 72 83 71 78 77 77 77 78 84 79 79 78 81 80 80 85 81 82 82 82 81 76 86 75 83 83 83 87 84 77 88 88 84 89 79 78 81 80 90 85 91 91 82 85 92 86 86 86 83 87 87 87 93 88 88 94 84 89 90 85 84 89 90 85 95 91 91 96 92 92 92 86 93 97 87 94 93 89 88 94 93 89 98 94 95 99 90 96 95 91 90 96 95 92 100 96 97 97 97 94 101 102 103 104 93 98 98 98 99 99 99 96 105 106 107 108 95 100 100 100 97 102 103 104 101 102 103 104 101 98 103 104 105 106 99 108 105 106 107 108 105 106 107 100 101 109 103 104 101 102 110 111 112 102 113 114 112 115 107 114 116 117 107 108 105 106 118 108 109 109 109 111 112 110 110 111 112 113 113 111 116 115 115 114 116 117 117 114 116 118 118 118 109 119 119 111 119 119 110 110 112 119 113 113 115 115 120 114 117 117 120 120 116 120 120 118 

4x7x10
01 01 02 02 03 02 02 04 03 05 02 04 05 05 05 06 05 07 08 06 09 08 08 08 09 10 10 08 03 01 01 11 03 11 11 11 12 07 11 04 12 07 13 04 09 07 14 06 09 14 14 06 10 10 14 14 15 01 16 16 03 16 16 17 18 18 16 04 12 07 13 13 12 19 20 06 09 20 20 21 22 10 20 20 15 23 23 17 15 24 24 17 15 18 18 17 12 13 13 25 22 19 19 21 22 26 26 21 22 27 27 21 23 23 28 17 15 29 24 24 30 18 31 31 30 31 31 25 19 19 31 25 22 32 26 26 27 27 33 21 34 23 28 28 29 29 24 35 36 36 37 25 30 36 36 25 30 36 38 38 32 32 26 39 40 27 33 33 34 28 28 35 34 29 29 35 34 37 37 35 30 41 41 42 40 38 38 39 40 32 32 39 40 33 33 39 43 43 44 35 34 43 43 45 46 43 37 37 41 41 47 42 48 49 38 42 40 49 49 50 49 49 51 39 52 44 44 45 52 52 52 45 46 52 47 42 46 41 47 42 48 53 47 50 48 53 53 50 53 53 51 51 54 54 44 44 46 54 54 45 46 54 55 45 48 55 55 55 48 56 47 55 56 56 56 50 56 51 51 50 
4x7x15
01 02 03 03 02 02 02 04 02 05 06 04 07 08 06 09 10 08 11 12 10 12 12 12 13 13 12 14 01 03 03 04 01 05 06 04 01 05 06 09 07 05 11 09 07 08 11 14 10 08 11 14 10 13 13 14 15 15 03 16 01 15 15 04 07 15 06 17 07 05 11 09 18 08 19 09 10 19 19 14 20 13 19 19 21 16 16 16 22 22 23 24 18 22 22 17 18 22 25 17 18 25 25 17 26 27 25 25 20 20 20 28 21 29 16 24 21 23 23 24 21 30 30 24 18 31 32 17 26 33 33 28 26 27 27 28 26 20 34 28 29 29 29 24 21 31 23 23 35 31 30 30 35 31 32 36 33 33 32 36 27 27 32 28 26 34 34 34 29 37 38 38 37 37 37 39 37 31 30 36 35 40 41 36 35 33 32 42 43 42 42 42 44 44 42 34 45 38 38 39 45 45 45 39 46 45 41 39 35 40 41 36 43 40 47 48 43 47 47 47 43 44 44 47 49 50 38 39 50 50 50 51 46 40 50 48 46 40 41 48 46 52 41 48 53 52 52 52 43 44 52 54 49 49 49 51 55 56 57 51 57 57 57 51 46 57 58 48 53 58 58 58 53 58 59 60 53 54 54 54 55 49 61 51 55 56 56 62 55 62 62 62 63 64 62 65 64 64 64 60 64 59 59 60 53 66 54 60 55 61 61 61 56 56 67 67 63 67 67 65 63 68 67 65 63 68 68 65 68 68 59 59 66 66 66 60 69 69 70 61 71 69 69 72 73 69 74 65 73 75 76 77 63 78 79 77 80 79 79 81 66 82 79 79 71 70 70 72 71 75 74 72 71 75 74 77 73 75 76 77 73 78 76 81 80 78 76 81 80 82 82 81 71 83 70 70 83 83 83 72 83 75 74 72 73 78 74 77 80 78 76 84 80 84 84 84 82 82 84 81 

4x8x10
01 02 03 03 02 02 02 04 02 05 06 07 05 05 05 08 05 08 08 08 09 10 08 11 12 11 11 11 13 13 11 14 01 03 03 04 01 15 16 04 01 15 06 07 09 10 06 07 09 10 06 07 09 10 17 14 12 18 17 14 12 13 13 14 19 15 03 20 01 15 16 04 21 21 16 04 22 22 06 07 09 10 23 23 12 18 24 24 12 18 17 14 25 13 17 26 19 27 16 20 19 15 16 20 19 21 21 20 28 22 22 29 28 23 23 29 25 24 24 26 25 18 17 26 25 18 30 26 27 27 27 31 19 32 32 20 28 21 32 32 28 22 32 33 34 35 23 29 35 35 24 29 25 35 35 26 36 30 30 30 27 31 31 31 37 38 38 39 38 38 40 33 28 38 41 33 34 42 43 29 34 44 43 43 45 43 43 46 36 36 36 30 37 47 31 39 37 47 48 39 37 40 40 39 34 41 41 33 34 42 42 33 45 44 44 46 45 49 50 46 45 36 50 46 37 51 48 39 52 47 48 53 52 47 40 40 54 55 41 41 42 42 56 57 44 44 50 58 59 49 50 58 45 49 60 46 52 51 51 53 52 47 48 53 54 55 48 53 54 55 56 57 54 55 56 57 59 49 56 57 59 49 50 58 59 60 60 58 51 51 61 53 52 61 61 61 54 55 62 61 63 62 62 62 63 63 63 62 64 63 56 57 64 64 64 58 59 64 60 60 
4x8x15
01 02 02 03 04 04 05 03 06 05 05 05 06 07 08 05 09 07 08 10 09 09 09 10 11 09 12 12 11 13 13 14 01 15 02 02 01 04 04 03 01 07 16 03 06 07 17 10 06 18 08 10 11 19 08 14 11 12 12 14 13 13 20 14 15 15 02 21 01 04 22 03 23 16 16 16 06 07 17 17 18 18 08 10 19 19 19 24 11 25 12 14 26 13 20 20 27 15 15 21 22 22 22 21 23 16 28 21 23 17 17 29 30 18 18 24 26 31 19 24 26 25 25 25 26 20 20 32 27 27 27 33 23 22 34 21 23 35 28 29 30 31 28 29 30 31 28 29 30 31 36 24 26 37 25 24 38 32 32 32 39 27 40 33 34 34 34 33 35 35 35 33 30 41 28 42 43 31 44 29 38 36 36 36 38 37 37 37 38 45 32 46 39 40 40 40 39 34 47 33 39 48 35 42 43 41 41 42 43 44 44 42 43 36 49 46 38 50 37 46 45 45 45 46 51 48 47 40 39 48 47 52 53 48 47 42 41 41 54 54 55 55 44 44 43 50 49 56 57 50 49 46 45 50 49 58 51 51 51 52 59 48 60 52 53 61 47 52 53 54 54 56 53 55 55 56 57 50 62 56 57 63 49 64 57 58 58 58 59 51 65 52 59 60 60 60 59 61 61 61 53 66 54 67 68 55 69 56 62 62 62 64 63 63 63 64 57 70 58 64 59 65 65 65 71 60 72 73 68 66 61 73 68 66 69 67 68 66 69 67 74 62 69 67 74 75 63 76 70 70 70 64 71 77 77 65 71 72 72 72 71 66 78 73 68 79 79 73 74 80 80 67 74 81 69 76 75 75 75 76 70 82 82 76 71 83 77 77 84 72 85 86 78 78 78 73 79 79 87 88 89 90 80 80 74 81 81 81 91 92 75 93 82 82 94 76 83 83 77 86 84 85 85 86 84 78 87 86 89 79 87 88 89 90 80 88 91 90 81 93 91 92 92 93 91 82 94 94 84 83 83 86 84 95 85 85 95 95 95 88 95 90 87 88 89 90 87 96 89 96 96 96 92 92 96 93 91 94 94 93 

4x9x10
01 02 03 04 02 02 02 04 02 05 06 06 05 05 05 07 08 09 05 10 11 09 09 09 12 12 09 13 14 13 13 13 14 15 13 16 01 03 03 03 01 17 18 04 01 06 06 04 08 07 07 07 08 19 20 10 11 11 11 10 14 12 12 16 14 21 22 16 15 15 15 16 23 17 18 03 01 17 18 04 24 17 06 25 24 19 07 10 08 19 20 10 08 11 20 26 27 12 22 26 14 21 22 16 15 21 22 28 23 29 30 25 23 29 18 25 23 17 18 25 24 31 20 32 24 19 20 26 33 19 34 26 27 21 22 28 27 21 35 28 27 36 35 28 37 30 30 30 23 29 38 25 39 29 40 32 24 31 40 32 33 31 34 32 33 41 34 26 33 41 35 42 27 43 35 28 36 36 36 44 37 37 37 30 45 29 38 46 39 31 38 32 39 31 40 47 39 41 40 42 48 41 34 42 33 43 34 42 49 43 35 50 36 44 44 44 45 37 38 46 45 51 38 46 45 51 52 46 39 53 40 47 48 53 54 47 48 41 54 42 49 55 56 50 49 43 56 50 49 43 44 50 57 51 52 46 58 51 52 59 45 60 52 47 61 62 54 47 61 53 54 63 48 53 64 63 48 55 65 50 66 55 56 67 49 55 56 68 57 57 57 59 58 51 52 59 58 60 60 59 62 62 62 63 61 53 54 63 61 64 64 64 66 65 65 67 66 55 56 67 66 68 68 68 58 57 69 59 58 69 69 69 60 60 70 69 62 70 70 70 61 70 71 63 71 71 71 64 72 71 65 65 72 72 72 67 66 72 68 67 
4x9x15
01 02 03 03 02 02 02 04 05 05 02 06 07 06 06 06 08 09 06 10 09 09 09 11 09 12 13 13 14 12 12 12 15 15 12 16 01 03 03 04 01 17 17 04 01 05 05 04 07 07 07 10 08 18 19 10 08 11 11 11 14 13 13 16 14 20 20 16 14 15 15 16 21 21 03 22 01 23 17 17 24 05 19 04 08 07 19 25 08 18 19 10 26 18 11 10 14 18 13 27 20 20 28 16 29 15 30 30 31 21 21 22 23 23 17 22 24 24 24 22 32 33 19 25 26 33 34 25 26 18 34 35 29 27 27 27 29 20 28 28 29 30 30 36 31 21 37 38 31 23 23 22 31 24 39 25 32 40 34 25 32 33 34 35 26 33 41 35 26 42 27 36 29 28 28 36 43 44 30 36 45 37 37 38 31 40 39 38 32 40 39 38 32 40 39 46 47 33 34 46 47 42 41 35 43 42 41 35 43 42 41 36 43 44 44 48 45 49 37 37 45 50 39 38 45 40 51 52 47 52 52 52 47 53 52 46 53 53 53 46 53 54 41 48 43 42 55 48 44 44 56 48 49 49 49 57 45 50 50 50 58 51 51 59 58 58 58 59 47 58 60 46 61 60 60 60 61 54 54 60 55 55 55 48 62 56 56 56 49 57 57 57 63 64 50 65 66 64 51 51 66 66 66 59 61 66 67 59 61 67 67 67 54 54 68 67 69 55 68 70 62 62 62 56 63 64 57 65 63 64 71 65 63 72 72 65 72 72 73 59 74 72 75 76 61 77 75 75 69 75 75 70 69 78 68 70 69 62 68 70 63 79 71 65 80 64 71 81 74 82 71 83 74 77 73 83 74 77 73 76 84 77 73 76 84 78 85 76 86 78 68 87 69 78 88 70 80 79 79 81 80 82 89 81 80 82 71 81 74 82 90 83 84 77 73 83 84 91 85 76 86 78 85 87 86 92 85 87 86 88 88 87 79 79 93 81 94 82 89 89 80 95 90 96 97 98 90 83 97 91 90 99 84 91 100 99 101 91 102 87 92 92 85 103 86 104 88 88 93 93 93 96 94 89 89 96 94 95 95 96 98 98 98 99 97 91 90 99 97 100 100 100 101 102 102 103 101 92 92 103 101 104 104 104 94 93 105 105 94 105 105 96 95 95 105 106 98 106 106 106 97 107 106 99 107 107 107 100 107 108 102 102 101 108 108 103 108 108 104 103 

4x10x11
01 02 03 04 05 05 03 03 06 03 03 07 06 06 06 07 08 06 09 10 08 11 12 10 13 12 12 12 13 14 14 12 14 14 15 15 16 14 17 18 01 02 02 04 01 05 05 04 01 19 19 04 08 20 09 07 08 11 09 07 13 11 09 10 13 11 21 10 16 22 22 18 16 15 15 18 16 17 17 18 02 02 23 23 01 05 24 04 25 26 19 19 20 20 20 07 08 11 27 28 29 30 09 10 13 21 21 21 22 22 31 32 16 33 15 18 34 34 17 17 35 23 23 36 25 26 24 24 25 26 19 28 25 26 20 28 37 30 27 28 29 30 27 38 29 21 31 32 29 22 31 32 33 33 31 32 39 34 34 40 35 41 23 36 35 24 24 36 35 42 42 36 25 26 27 28 37 43 27 38 37 30 44 38 29 30 31 32 39 45 45 40 39 33 33 40 39 34 46 40 41 41 41 47 35 48 48 36 48 48 42 42 37 48 49 50 37 43 44 50 51 43 44 38 51 52 53 38 45 45 53 53 39 53 53 40 54 46 46 46 41 55 56 47 57 55 55 47 55 55 42 47 58 43 49 49 51 43 59 50 51 60 44 50 52 52 44 61 54 45 62 62 54 62 62 63 54 64 62 46 57 56 56 56 57 65 66 47 57 66 66 66 58 49 49 66 58 59 59 50 51 60 60 61 67 52 52 61 67 67 67 63 54 67 68 63 64 64 64 63 57 65 69 56 70 65 71 72 58 71 71 71 58 71 73 74 75 76 59 59 60 60 77 78 79 80 81 61 81 81 81 61 82 81 68 83 64 84 68 63 70 69 69 69 70 65 73 72 70 65 73 72 75 76 73 74 75 76 77 74 79 76 77 78 79 80 77 78 82 80 68 83 82 80 68 83 84 84 84 83 70 69 85 72 85 85 85 72 86 85 73 74 86 86 86 74 75 86 77 78 75 76 87 78 79 87 87 87 79 80 88 87 82 88 88 88 82 88 84 83 

5x5x8
01 02 02 03 04 05 05 03 03 03 06 05 05 07 03 06 05 07 07 07 08 08 09 09 07 01 10 02 02 04 01 11 12 13 04 01 12 12 12 04 06 12 14 15 16 06 08 08 09 09 10 10 02 13 17 01 11 18 13 04 19 11 14 15 16 06 11 14 15 16 20 08 14 09 16 19 10 10 21 17 19 18 18 13 17 19 11 14 13 17 22 23 23 15 24 20 20 20 15 16 25 26 21 21 21 19 26 18 18 17 22 27 28 29 24 22 27 23 23 24 22 20 30 30 24 25 31 28 32 21 25 26 28 29 33 25 26 28 29 24 34 27 23 29 35 22 27 36 30 30 31 31 32 32 33 25 26 28 37 33 34 37 37 37 35 34 27 37 29 35 34 36 36 30 35 38 31 31 32 32 38 38 38 39 33 40 38 39 39 33 40 40 40 39 39 34 40 36 36 35 
5x5x10
01 02 03 04 05 02 02 02 04 04 02 06 04 04 07 06 06 06 08 07 06 09 09 10 10 01 11 03 03 05 01 11 11 11 05 01 12 11 13 05 14 08 08 08 07 09 09 10 10 07 15 03 03 16 17 01 16 16 16 05 14 12 16 13 13 14 12 08 18 07 14 09 19 10 20 15 21 17 17 17 15 12 22 23 24 15 12 13 13 20 25 18 18 18 20 14 19 19 19 20 26 21 22 17 24 15 21 22 23 24 25 21 22 23 24 25 27 18 28 20 25 19 29 28 30 26 31 22 23 24 26 21 32 23 33 26 27 29 28 30 34 27 29 28 30 25 27 29 35 30 36 31 31 31 33 26 32 32 32 33 34 37 38 38 33 34 37 29 28 30 34 27 35 35 35 36 39 31 40 33 36 37 41 32 42 36 37 43 38 38 44 43 43 43 45 34 46 46 43 35 39 39 39 40 40 36 41 41 41 42 44 37 47 38 42 44 47 47 47 45 44 47 46 46 45 39 48 40 40 42 48 48 48 41 42 48 49 49 50 45 49 49 50 50 45 44 49 46 50 50 

5x6x6
01 02 02 03 03 02 02 04 05 06 07 02 05 05 05 07 07 07 08 05 09 07 10 08 08 11 11 08 08 12 01 13 03 03 06 01 14 04 04 06 01 14 14 15 15 14 14 15 15 12 09 10 10 15 12 09 11 11 16 12 13 13 13 03 17 01 04 04 18 06 19 19 18 18 06 09 19 19 18 18 09 19 10 10 12 20 11 16 16 16 13 21 17 17 17 22 23 24 24 25 22 23 23 26 26 23 23 26 26 27 28 29 29 26 27 20 20 20 30 16 22 21 21 17 25 22 24 24 31 25 32 32 31 31 25 28 32 32 31 31 28 32 29 29 27 28 20 30 30 27 21 21 33 33 25 22 34 24 33 33 34 34 34 33 35 34 36 35 35 35 36 36 29 35 27 28 36 36 30 30 
5x6x7
01 02 02 03 04 02 02 05 06 04 07 02 06 06 06 07 07 07 08 06 09 07 10 08 08 09 11 08 08 12 01 13 03 03 03 01 05 05 05 04 01 14 15 15 04 09 16 16 17 12 09 10 10 10 12 11 11 11 18 12 13 13 13 19 03 01 20 21 05 04 14 14 14 15 15 16 16 17 17 17 09 10 22 23 12 11 24 18 18 18 13 25 19 19 19 20 20 21 21 21 14 26 26 15 27 28 16 29 29 17 22 22 22 23 23 24 24 24 30 18 25 25 25 31 19 32 20 20 21 33 26 26 27 27 27 28 28 28 29 29 34 22 23 23 35 24 36 30 30 30 32 37 25 31 31 32 37 37 37 33 32 26 37 27 33 34 28 38 29 35 34 38 38 38 35 36 36 30 38 35 32 39 31 31 33 39 39 39 40 33 39 41 41 40 40 41 41 40 40 42 34 41 42 42 42 34 36 36 42 35 
5x6x8
01 02 03 03 04 02 02 02 03 03 05 06 02 03 07 05 08 09 10 07 08 08 09 09 09 11 08 08 09 12 01 13 04 04 04 01 06 14 14 07 01 06 15 10 07 05 06 16 10 12 05 17 17 10 12 11 11 11 18 12 19 13 15 04 20 01 13 15 14 14 21 13 15 10 07 05 06 16 18 22 17 17 16 18 12 23 11 16 18 24 19 19 19 25 20 26 13 15 14 20 21 21 21 27 20 23 28 22 22 22 23 17 16 18 29 23 30 24 24 24 26 19 25 25 25 26 31 32 33 20 26 21 27 27 27 28 28 28 22 29 23 34 35 36 29 30 30 30 24 29 26 37 32 33 25 31 31 32 33 38 39 40 32 33 27 28 34 35 41 42 43 34 35 36 36 30 34 35 44 29 37 37 37 33 38 39 31 31 41 38 39 40 32 41 38 43 40 35 41 42 43 40 36 36 42 43 34 44 44 44 37 45 45 46 38 45 45 46 46 46 39 45 46 41 42 39 40 47 48 42 47 47 47 48 48 43 47 48 48 44 
5x6x9
01 02 03 03 04 02 02 02 03 03 05 06 02 03 07 05 08 09 10 07 08 08 09 09 09 11 08 08 09 12 01 13 04 04 04 01 06 14 14 07 01 06 15 10 07 05 06 16 10 12 05 17 17 10 12 11 11 11 18 12 13 13 13 04 19 01 06 20 14 14 15 15 15 21 07 05 22 16 16 16 17 17 23 10 12 24 11 18 18 18 13 25 19 19 19 20 20 20 14 26 27 15 21 21 21 22 22 22 16 28 29 17 23 23 23 24 24 24 30 18 25 25 31 19 26 32 20 31 33 26 27 27 27 33 21 22 34 28 28 28 29 34 35 23 36 29 24 35 30 30 32 25 25 33 37 32 38 31 33 26 32 27 31 39 26 29 40 35 28 36 29 34 35 41 36 42 34 30 30 36 32 43 37 37 37 38 38 31 33 44 45 46 39 39 39 40 40 40 47 48 49 34 35 41 41 42 42 42 50 36 43 43 43 37 44 45 38 38 47 44 45 46 39 47 44 49 46 40 47 48 49 46 41 41 48 49 42 50 50 50 43 51 51 52 44 51 51 52 52 52 45 51 52 47 48 45 46 53 54 48 53 53 53 54 54 49 53 54 54 50 
5x6x10
01 02 03 03 04 02 02 02 03 03 05 06 02 03 07 05 08 09 10 07 08 08 09 09 09 11 08 08 09 12 01 13 04 04 04 01 14 15 15 07 01 06 06 06 07 05 10 10 10 12 05 16 16 17 12 11 11 11 18 12 13 13 13 04 19 01 14 20 15 15 21 14 06 22 07 05 23 10 17 24 16 16 25 17 12 26 11 18 18 18 13 14 20 27 19 21 14 20 15 19 21 23 20 22 19 26 23 25 22 24 26 16 25 17 24 26 28 25 17 18 29 30 30 27 27 29 29 29 22 19 21 29 20 22 24 21 23 25 31 24 26 23 31 31 31 28 28 32 32 31 30 30 27 27 33 34 35 33 33 33 36 35 37 33 38 36 39 40 41 38 39 39 39 41 42 39 28 28 32 32 34 30 37 43 44 34 45 37 43 38 34 35 37 41 38 36 35 40 41 42 36 46 40 47 42 48 46 40 32 42 34 49 44 44 44 45 45 37 43 50 51 35 52 43 38 36 46 53 41 54 55 46 40 47 47 48 48 48 56 42 49 49 49 44 50 51 45 45 43 50 51 52 52 52 50 55 53 53 53 54 55 46 47 47 54 55 48 56 56 56 49 57 57 58 50 57 57 58 58 58 51 57 58 52 54 51 53 59 60 54 59 59 59 60 60 55 59 60 60 56 
5x6x11
01 02 03 03 04 02 02 02 03 03 05 06 02 03 07 05 08 09 10 07 08 08 09 09 09 11 08 08 09 12 01 13 04 04 04 01 14 15 15 07 01 06 06 06 07 05 10 10 10 12 05 16 16 17 12 11 11 11 18 12 13 13 13 04 19 01 14 20 15 15 21 14 06 22 07 05 23 10 17 24 16 16 25 17 12 26 11 18 18 18 13 14 20 27 19 21 14 20 15 19 21 23 20 22 19 26 23 25 22 24 26 16 25 17 24 26 28 25 17 18 29 29 27 27 27 30 29 29 22 19 21 29 20 22 24 21 23 25 31 24 26 23 31 31 32 28 28 28 31 31 30 33 27 34 34 30 33 35 35 36 30 37 38 35 35 37 37 39 35 32 40 37 37 41 32 42 42 28 41 32 43 44 34 34 36 43 33 45 45 36 30 33 38 38 36 40 39 39 41 32 40 46 46 41 47 40 42 42 48 47 44 44 44 34 49 43 33 50 45 45 43 38 38 51 36 40 52 39 39 47 46 46 53 41 47 54 42 48 48 48 44 55 49 49 49 43 50 50 45 56 57 58 51 51 51 52 52 52 59 60 61 46 53 53 47 54 54 54 62 48 55 55 55 49 56 57 58 50 50 56 57 58 51 59 56 61 58 52 59 60 61 53 53 59 60 61 54 62 62 62 55 63 63 64 56 63 63 64 64 64 57 63 64 59 60 57 58 65 66 60 65 65 65 66 66 61 65 66 66 62 

5x8x8
01 02 03 03 04 02 02 02 03 03 05 06 02 03 07 05 05 05 08 07 09 05 08 08 08 09 10 11 12 08 10 10 11 11 11 13 10 10 11 14 01 15 04 04 04 01 06 16 17 18 01 06 16 17 17 09 06 17 17 07 09 19 19 12 07 19 19 20 12 14 21 19 20 12 14 13 13 13 22 14 15 15 16 04 18 01 23 16 24 18 25 24 24 24 18 26 06 24 27 07 09 28 29 12 30 21 29 29 29 31 21 29 20 32 14 21 13 20 22 22 25 15 15 33 34 25 23 16 35 34 25 23 36 36 18 26 27 27 27 30 26 28 28 28 30 21 37 37 32 31 38 39 20 32 31 38 40 22 22 31 41 23 33 33 33 25 23 42 35 34 26 36 36 35 34 26 43 27 35 44 45 39 28 46 30 38 39 37 37 30 38 39 47 32 31 40 40 40 32 48 41 41 41 49 33 50 51 42 42 34 45 51 36 35 52 45 43 43 43 44 45 46 46 46 44 53 39 37 54 44 38 47 47 54 55 40 56 48 48 48 50 41 49 49 49 50 42 42 57 52 50 51 57 57 52 45 51 43 57 57 58 58 46 54 44 53 58 58 54 55 53 58 47 47 55 56 56 56 48 55 50 59 60 60 49 59 59 59 60 60 61 51 59 60 52 61 61 61 62 52 53 61 62 62 62 53 63 64 54 62 63 63 64 64 64 56 63 63 64 55 
5x8x9
01 02 03 03 04 02 02 02 03 03 05 06 02 03 07 05 05 05 08 07 09 05 08 08 08 09 10 11 12 08 10 10 11 11 11 13 10 10 11 14 01 15 04 04 04 01 16 16 17 18 01 06 17 17 17 09 06 17 12 07 09 06 19 12 07 19 19 19 12 14 20 19 21 21 14 13 13 13 22 14 15 15 15 04 18 01 23 16 16 18 23 23 23 24 18 23 06 25 25 07 09 26 26 12 27 20 28 27 27 27 20 21 21 27 14 20 13 22 22 22 29 29 15 24 18 30 31 16 24 32 31 31 31 24 32 33 33 31 25 25 26 26 34 35 35 36 28 34 34 34 36 28 21 34 37 20 28 22 38 38 30 29 29 39 32 30 40 41 24 32 40 40 40 42 43 40 33 33 25 43 44 26 35 35 45 44 46 45 45 45 36 28 47 45 37 36 48 38 38 37 49 29 39 39 39 30 41 41 41 32 30 50 42 42 42 44 33 51 51 43 44 52 52 35 43 46 46 46 53 37 36 47 47 47 37 48 48 48 38 54 49 55 39 56 56 49 41 56 56 57 49 50 50 56 42 58 51 51 59 43 44 60 52 52 61 46 62 53 53 54 63 62 62 47 54 62 62 48 64 54 55 55 55 65 57 49 65 65 65 57 50 50 65 59 57 58 60 51 59 61 58 60 52 59 61 63 60 66 53 53 63 66 66 66 54 63 66 64 64 64 55 67 67 68 57 67 67 68 68 68 58 67 69 59 68 58 70 69 69 69 70 70 70 69 61 71 60 70 72 61 71 71 71 72 72 63 71 72 72 64 

3x3x3x10
01 02 03 04 05 06 04 07 07 04 02 02 04 08 06 07 07 06 02 02 06 04 09 06 10 07 11 01 12 03 13 05 03 10 05 03 01 12 14 08 08 08 10 15 16 01 09 11 17 09 11 10 09 11 13 05 14 13 05 03 13 15 16 01 12 14 18 19 08 10 15 16 17 12 14 17 19 11 17 09 16 20 20 14 18 19 21 13 22 16 23 12 21 18 19 21 24 15 21 25 25 21 18 26 26 17 15 27 28 20 20 18 29 30 22 22 22 23 23 23 31 19 32 24 24 24 33 25 25 26 26 34 27 27 27 28 20 30 28 29 30 28 29 22 31 23 32 31 35 32 31 24 32 33 25 34 33 26 34 33 27 34 36 29 37 28 29 30 38 39 30 31 35 32 40 35 41 39 39 39 42 42 34 33 42 42 43 42 39 36 44 37 45 45 41 38 38 38 36 46 37 40 35 41 47 35 48 36 49 37 40 50 50 43 43 43 44 44 44 40 45 45 47 38 48 36 46 37 40 46 41 47 46 48 49 49 49 50 50 41 47 43 48 51 52 44 51 45 53 54 54 53 52 52 53 51 46 53 51 54 54 49 52 52 51 50 53 47 54 48 
3x3x3x15
01 02 03 04 05 06 04 07 07 04 02 02 04 08 06 07 07 06 02 02 06 04 09 06 10 07 11 01 12 03 13 05 14 10 05 11 01 12 03 08 08 08 10 15 11 01 09 03 16 09 17 10 09 11 13 05 14 13 05 14 13 15 14 01 12 03 18 18 08 10 15 11 16 12 17 16 19 17 16 09 17 20 21 22 22 22 22 13 22 14 20 12 23 20 18 18 20 15 24 16 19 25 20 19 26 27 15 17 21 21 21 28 29 26 27 30 24 23 23 23 31 18 26 27 30 24 25 25 25 32 19 26 27 19 24 28 33 21 28 29 29 28 34 34 31 23 35 31 36 26 27 30 37 32 25 38 32 39 38 32 30 24 28 33 35 29 29 40 34 34 37 41 33 35 31 36 36 31 30 37 42 33 35 42 39 38 32 39 38 41 43 40 44 43 40 44 34 40 41 33 45 36 36 46 47 48 37 41 39 35 42 39 38 42 49 37 44 50 45 44 43 46 47 43 40 51 48 45 52 48 46 47 48 53 41 49 45 42 49 46 47 49 54 51 50 55 44 43 46 47 56 56 51 50 53 52 48 53 52 57 53 51 50 45 58 49 59 54 54 54 51 60 55 60 60 60 56 56 60 52 50 55 52 61 53 57 57 57 58 62 55 58 62 59 58 54 59 63 64 65 64 64 64 66 56 64 66 67 55 66 61 61 66 68 57 69 67 59 66 62 59 58 62 70 63 67 65 63 71 65 63 71 65 72 67 73 61 61 74 75 68 76 69 77 70 69 62 70 69 68 70 72 71 73 63 71 65 75 68 76 72 67 73 74 74 74 75 68 76 72 77 73 69 77 70 75 77 76 78 79 79 78 71 80 81 81 80 79 79 80 78 74 80 78 81 81 72 79 73 78 77 80 75 81 76 
