Prime boxes of 3D-Heptominoes  Toshihiro Shirakawa 2015.04.09

No.132
4x4x7
01 02 03 03 01 02 03 03 02 02 03 04 02 02 03 04 01 02 04 04 01 05 05 04 01 06 06 04 01 01 03 04 07 07 08 09 07 05 08 09 07 10 06 09 07 10 09 09 11 05 08 09 11 05 08 09 07 10 06 12 07 10 06 12 11 05 12 12 11 05 08 12 11 10 06 12 11 11 06 12 13 13 14 15 13 08 08 15 13 10 10 15 13 16 15 15 16 16 14 15 16 16 14 15 13 16 14 14 13 16 14 14 

No.133
2x4x7
01 02 01 02 01 02 01 02 02 02 03 02 01 04 01 01 05 05 03 05 06 04 06 06 03 05 03 05 06 04 06 04 03 03 03 05 06 04 04 04 07 07 07 05 06 08 08 08 07 08 07 08 07 08 07 08 

No.155
4x6x7
01 01 02 02 03 01 02 02 03 01 04 04 05 01 04 04 05 05 05 05 06 06 07 07 01 01 08 02 03 03 03 03 03 06 04 07 05 06 09 07 05 06 10 07 06 06 07 07 11 11 08 02 11 11 12 12 13 13 04 14 13 13 09 14 15 15 10 14 15 15 14 14 16 11 08 02 17 17 12 12 18 19 04 12 18 13 09 12 18 15 10 12 18 18 14 14 16 11 08 08 17 17 08 08 17 19 09 09 17 13 09 09 17 15 10 10 18 18 10 10 16 11 20 20 21 21 21 21 22 19 23 21 22 13 23 24 22 15 23 24 22 22 23 23 16 16 20 20 16 16 20 21 19 19 20 21 19 19 20 24 24 24 24 24 22 22 23 23 

No.231
3x4x7
01 01 02 01 01 02 01 01 02 03 03 03 01 04 02 04 04 02 03 02 02 03 03 03 05 04 06 05 04 06 07 07 08 07 08 08 05 04 06 05 04 06 07 09 08 07 09 08 05 06 06 05 05 06 07 09 08 07 09 08 10 10 10 10 11 11 09 09 11 12 09 11 10 10 10 12 12 11 12 12 11 12 12 11 

No.232
2x4x7
01 01 01 01 01 01 02 02 03 03 04 01 04 02 02 02 03 03 04 03 04 04 02 02 03 03 04 05 04 05 06 06 07 07 05 05 06 05 06 06 07 07 07 05 08 05 06 06 07 07 08 08 08 08 08 08 

No.246
2x6x7
01 01 01 01 02 01 02 03 03 03 03 03 04 01 02 01 02 02 02 02 05 03 05 03 04 04 04 06 06 06 05 07 05 05 05 05 04 04 04 06 06 06 07 07 08 07 08 08 09 09 09 09 09 06 07 07 08 07 08 08 09 10 09 10 11 11 11 11 11 12 08 12 10 10 10 10 11 10 11 12 12 12 12 12 

No.248
4x6x7
01 01 02 02 01 01 01 02 03 03 04 04 03 03 04 04 05 06 06 06 05 05 06 06 01 02 02 02 01 07 07 02 03 07 07 04 03 08 08 04 05 08 08 06 05 05 05 06 09 09 09 10 09 07 10 10 03 07 10 10 11 11 08 04 11 11 08 12 11 12 12 12 09 09 13 13 09 07 14 13 15 15 10 10 11 11 16 16 17 18 08 12 17 17 12 12 15 13 13 13 15 15 14 13 15 15 14 19 20 18 16 16 17 18 16 16 17 17 17 16 21 21 21 22 21 14 14 22 20 14 14 19 20 18 18 19 23 18 18 24 23 24 24 24 21 21 22 22 21 22 22 22 20 20 19 19 20 20 19 19 23 23 23 24 23 23 24 24 

No.253
4x4x7
01 02 02 02 01 01 02 02 03 03 04 04 03 03 03 04 01 05 02 06 01 01 02 04 01 03 04 04 07 03 08 04 05 05 06 06 05 05 06 06 07 07 08 08 07 07 08 08 09 05 10 06 09 05 10 06 07 11 08 12 07 11 08 12 09 09 10 10 09 09 10 10 11 11 12 12 11 11 12 12 09 13 10 14 15 13 14 14 15 15 16 14 15 11 16 12 13 13 13 14 13 13 14 14 15 15 16 16 15 16 16 16 

No.259
4x6x28
01 02 03 04 01 02 03 04 03 03 03 05 06 06 06 05 07 07 06 08 09 09 06 08 01 02 03 04 01 02 03 04 01 01 01 05 06 06 09 05 07 07 09 08 09 09 09 08 10 02 02 02 10 04 04 04 07 11 11 11 07 05 05 05 07 12 12 12 13 08 08 08 10 14 14 14 10 15 15 15 16 15 17 11 16 15 17 11 18 18 18 12 13 18 18 12 10 10 10 14 17 17 17 14 16 15 17 11 16 15 17 11 18 13 13 12 13 13 13 12 19 19 19 14 20 20 20 14 16 16 16 21 22 22 22 23 18 22 22 23 24 23 23 23 20 25 19 26 20 25 19 26 27 27 27 21 22 27 27 23 28 29 29 23 24 29 29 29 20 25 19 26 20 25 19 26 27 21 21 21 22 21 21 30 28 24 24 30 24 24 24 29 31 25 25 25 31 26 26 26 27 32 32 32 33 28 28 30 28 28 28 30 34 34 34 29 31 35 35 36 31 35 35 35 37 37 37 32 33 37 37 32 34 30 30 30 34 38 38 38 31 31 31 36 39 39 39 35 37 33 33 32 33 33 33 32 34 38 40 41 34 38 40 41 39 36 36 36 39 36 36 35 37 42 42 42 43 41 41 41 43 38 40 41 43 38 40 41 39 44 44 44 39 45 45 45 46 46 46 42 43 43 46 42 47 47 46 48 40 40 40 48 49 45 50 44 49 45 50 44 46 46 47 42 43 43 47 42 47 47 47 48 51 51 51 48 49 45 50 44 49 45 50 44 52 53 54 54 52 53 55 55 51 53 53 53 51 48 48 48 49 49 49 56 50 50 50 56 52 54 54 54 52 54 55 55 51 54 53 53 51 57 57 57 58 58 58 56 59 58 58 56 52 52 52 60 61 61 61 55 61 57 62 55 61 57 62 55 58 63 63 63 59 56 56 56 64 65 65 60 64 65 65 65 61 57 62 66 61 57 62 66 58 59 59 63 59 59 59 63 64 60 60 60 64 60 60 65 67 67 67 66 62 62 62 66 68 68 68 63 69 69 69 63 64 64 64 70 67 71 71 65 67 71 71 71 72 66 66 66 69 73 68 74 69 73 68 74 75 75 75 70 67 75 75 76 67 77 77 71 72 77 77 77 69 73 68 74 69 73 68 74 75 70 70 70 78 70 70 76 78 72 72 71 72 72 72 77 79 73 73 73 79 74 74 74 75 80 80 80 78 76 76 76 78 76 76 81 78 78 78 77 79 82 82 82 79 83 83 83 84 83 85 80 84 83 85 80 86 87 87 81 86 87 87 87 79 79 79 82 85 85 85 82 84 83 85 80 84 83 85 80 86 81 81 81 86 81 81 87 88 88 88 82 89 89 89 82 84 84 84 90 91 91 91 90 86 86 86 90 92 92 92 87 89 93 88 94 89 93 88 94 91 94 94 94 91 95 96 96 92 95 90 90 92 95 95 95 89 93 88 94 89 93 88 94 91 93 93 93 91 96 96 96 92 96 90 90 92 96 95 95 
4x8x14
01 02 02 03 01 02 02 02 01 01 01 04 05 05 05 04 05 04 04 04 05 06 06 06 07 07 07 06 08 07 07 06 09 09 09 03 10 09 09 02 10 01 01 04 10 10 10 04 05 11 11 11 05 06 06 11 07 12 12 11 08 12 12 12 09 03 03 03 13 03 03 02 13 14 14 14 15 10 10 14 15 11 11 14 15 15 15 16 07 08 08 16 08 08 08 12 09 17 17 18 13 19 19 19 13 14 14 19 13 13 13 19 20 16 16 16 20 15 15 16 20 20 20 16 21 22 22 12 17 17 17 18 17 19 19 23 17 24 24 24 25 26 26 24 25 27 27 24 25 25 25 22 28 20 20 22 21 22 22 22 29 18 18 18 29 18 18 23 30 24 24 27 26 26 26 27 26 27 27 27 26 25 25 31 28 21 21 32 21 21 21 32 29 33 33 33 29 23 23 23 30 23 23 34 35 35 34 34 35 35 34 34 35 28 28 31 28 28 28 32 36 36 36 32 29 29 29 33 37 37 37 33 30 37 37 34 30 30 31 31 30 30 31 31 35 38 38 31 36 38 38 38 36 32 32 32 39 39 39 33 37 39 39 33 40 41 41 34 40 42 42 42 40 40 40 42 35 43 43 42 36 44 44 38 36 44 44 44 39 45 45 45 37 46 46 45 41 41 41 45 41 42 42 43 41 40 40 43 47 43 43 43 47 48 48 38 47 47 47 44 39 45 45 49 46 46 46 50 46 51 51 50 46 50 50 50 52 52 52 48 52 53 53 48 52 48 48 48 54 47 47 44 55 55 55 49 56 55 55 50 51 51 51 50 51 57 57 53 51 58 58 53 52 53 53 53 52 59 59 60 54 59 59 59 55 49 49 49 56 49 49 57 61 62 62 57 61 57 57 57 58 58 58 63 58 64 64 63 58 54 54 60 54 54 54 59 55 56 56 62 56 56 56 62 61 62 62 62 61 63 63 63 61 61 61 63 64 64 64 63 64 60 60 60 64 60 60 59 
6x7x10
01 02 02 02 03 03 04 02 05 05 05 06 04 02 07 07 07 06 08 08 08 06 06 06 08 09 09 09 10 11 08 12 12 12 10 11 13 13 10 10 10 14 01 15 15 15 03 03 04 02 07 15 05 06 04 02 07 15 05 06 04 04 04 11 11 11 08 12 16 09 10 11 08 12 16 09 10 11 13 13 16 16 16 14 01 15 15 17 17 03 01 01 07 18 05 03 01 01 07 18 05 03 19 19 19 18 18 18 13 12 19 09 14 14 13 12 19 09 14 14 13 20 20 16 16 14 21 22 22 17 17 23 21 24 24 24 23 23 21 21 21 24 23 23 19 19 25 24 18 18 26 26 25 27 27 27 26 26 25 25 25 27 26 20 20 28 28 27 29 22 22 30 17 23 31 24 24 30 17 32 31 21 21 30 17 32 33 33 33 32 32 32 33 20 34 27 27 35 33 20 34 25 25 35 26 20 34 28 28 36 29 37 22 30 30 23 31 37 22 38 38 32 31 37 22 39 39 32 31 31 31 35 35 35 33 40 40 28 41 35 33 42 42 28 41 35 26 34 34 28 41 36 29 37 37 30 30 39 29 29 38 38 38 39 29 29 38 39 39 39 43 43 38 42 44 44 40 40 40 42 36 36 40 42 42 42 36 36 40 34 34 41 41 36 45 37 37 46 46 47 45 48 43 49 47 47 45 48 43 49 47 47 43 43 43 44 44 44 50 50 51 44 52 53 50 50 51 44 52 53 50 54 54 41 41 53 45 45 46 46 46 47 55 48 46 49 56 57 55 48 46 49 56 57 58 58 58 57 57 57 58 59 51 54 52 60 58 59 51 54 52 60 50 54 54 54 53 53 45 45 56 56 56 47 55 48 48 48 56 57 55 49 49 49 56 57 55 55 55 60 60 60 58 59 51 51 51 60 58 59 52 52 52 60 50 59 59 59 53 53 

No.260
4x4x7
01 02 02 02 01 01 02 02 03 03 04 04 03 03 03 04 01 05 05 05 01 01 02 02 03 03 04 04 06 06 06 04 01 05 05 07 08 05 05 07 08 06 06 07 08 06 06 04 09 09 07 07 09 09 07 07 08 08 10 10 08 08 10 10 09 11 11 12 09 11 11 10 09 13 13 10 14 13 13 10 11 11 11 12 15 15 12 12 14 14 16 16 14 13 13 13 15 15 15 12 15 15 12 12 14 14 16 16 14 16 16 16 

No.286
2x4x7
01 01 01 01 02 02 02 02 03 03 04 01 04 02 04 04 03 01 04 01 02 02 04 04 03 03 03 03 05 05 05 05 06 06 07 07 06 08 05 08 06 06 06 07 06 08 05 05 07 07 07 07 08 08 08 08 

No.362
2x4x7
01 02 01 01 01 01 03 01 02 02 04 02 03 01 03 03 02 02 04 04 04 05 03 03 02 06 04 05 04 05 07 03 06 06 05 05 04 05 07 07 06 06 06 05 08 07 07 07 06 08 08 08 08 08 08 07 

No.422
4x4x14
01 01 01 02 03 01 02 02 03 03 04 02 03 04 04 04 05 01 02 06 01 01 02 02 03 03 04 04 07 03 04 08 05 05 06 06 05 05 06 06 07 07 08 08 07 07 08 08 05 09 10 06 09 05 06 10 11 07 08 12 07 11 12 08 09 09 10 10 09 09 10 10 11 11 12 12 11 11 12 12 13 09 10 14 15 13 14 14 15 15 16 14 15 11 12 16 13 13 14 17 13 13 14 14 15 15 16 16 18 15 16 16 13 19 17 17 19 19 17 17 18 18 20 20 18 18 20 16 19 21 22 17 19 19 17 20 19 18 20 20 18 23 24 20 21 21 22 22 21 21 22 22 23 23 24 24 23 23 24 24 25 21 22 26 21 25 26 22 23 27 28 24 27 23 24 28 25 25 26 26 25 25 26 26 27 27 28 28 27 27 28 28 25 29 30 26 29 29 30 30 31 31 32 32 27 31 32 28 29 29 29 30 31 29 30 30 31 31 32 30 31 32 32 32 

