Prime boxes of Hexahypercubes  Toshihiro Shirakawa 2015.04.15

No.167
2x3x4x4
01 02 01 03 01 01 04 02 04 04 01 05 02 02 04 02 06 07 08 07 04 07 07 07 09 09 09 03 01 05 09 05 04 05 05 05 06 02 06 10 06 06 08 10 10 10 06 07 09 03 03 03 11 12 11 13 11 03 11 11 08 14 15 14 14 14 08 08 08 10 16 14 09 12 15 12 12 12 13 13 15 13 11 12 15 13 15 15 16 14 16 13 16 10 16 16 

No.169
2x2x3x4
01 01 02 03 01 04 02 02 01 04 01 04 05 03 05 03 06 06 02 03 01 04 03 03 07 08 05 08 02 06 02 08 04 04 08 08 07 06 05 05 07 06 05 06 07 07 07 08 

No.170
2x2x3x4
01 02 01 02 01 01 02 02 03 03 04 04 01 03 04 02 05 03 04 06 04 03 04 03 01 07 08 02 05 07 08 06 07 07 08 08 05 05 06 06 05 06 05 06 08 07 08 07 

No.172
2x2x3x4
01 02 01 02 01 01 02 02 01 03 04 02 05 06 05 06 01 03 04 02 03 03 04 04 05 05 06 06 05 07 08 06 04 03 04 03 05 07 08 06 07 07 08 08 08 07 08 07 

No.175
2x2x3x4
01 02 01 02 02 02 01 01 03 02 01 04 05 06 05 06 02 03 04 01 03 03 04 04 05 05 06 06 07 05 06 08 03 04 03 04 05 07 08 06 07 07 08 08 08 07 08 07 

No.179
2x2x3x3
01 02 01 02 03 02 03 04 05 05 04 04 06 06 01 02 03 06 01 04 05 06 01 01 03 03 02 02 03 04 05 04 05 06 05 06 

No.181
2x2x3x4
01 02 01 01 03 03 03 04 03 04 04 04 02 02 01 02 05 06 01 02 03 04 01 02 07 07 08 07 05 06 08 07 03 04 08 07 08 07 08 08 05 06 05 05 06 06 05 06 

No.182
2x2x3x4
01 02 02 02 01 02 01 01 03 04 03 03 01 05 04 03 06 02 04 03 04 04 04 03 01 05 07 08 06 02 07 08 08 08 07 08 06 05 06 06 06 05 05 05 08 07 07 07 

No.184
2x2x3x4x6
01 02 03 04 01 01 03 03 01 05 03 06 07 02 08 02 01 02 03 06 09 06 10 06 07 02 07 11 07 12 10 13 10 14 10 06 07 12 15 13 12 12 13 13 16 12 10 13 17 04 08 04 01 05 03 04 09 05 18 05 08 02 08 04 09 19 08 20 09 05 09 06 07 11 15 11 21 14 22 11 16 14 10 14 15 23 15 11 16 12 15 13 16 14 16 24 17 25 17 04 17 19 18 20 18 05 18 26 17 19 08 20 19 19 20 20 09 19 18 20 21 23 22 11 21 21 22 22 21 14 22 24 27 23 15 23 21 23 22 24 16 24 28 24 17 25 29 25 30 25 31 26 32 26 18 26 30 25 31 33 30 30 31 31 30 34 31 26 27 35 36 37 35 35 37 37 38 35 28 37 27 23 27 39 27 35 28 37 28 40 28 24 29 25 29 33 32 41 29 42 32 34 32 26 43 33 29 33 30 34 31 33 32 34 44 34 36 45 36 39 38 35 36 37 38 40 38 46 27 39 36 39 47 40 48 39 38 40 28 40 43 41 29 42 41 41 42 42 32 41 44 42 43 45 43 33 43 41 44 42 44 34 44 46 43 45 36 45 47 45 48 46 38 46 44 46 47 45 48 39 47 47 48 48 47 40 48 46 

No.185
3x3x4x6
01 02 03 04 04 04 05 04 06 01 03 03 01 01 03 07 04 08 01 09 03 07 08 08 07 07 08 10 09 11 09 09 09 07 12 08 02 02 02 13 04 06 05 05 06 01 02 14 05 02 03 05 06 06 10 10 11 07 12 11 15 12 08 10 11 11 10 09 16 12 12 12 17 17 17 13 17 14 05 18 06 13 14 14 13 13 14 13 18 19 20 21 16 15 16 16 15 15 16 10 21 11 15 22 16 22 22 22 23 17 24 25 18 19 18 18 18 25 17 14 25 25 19 25 19 19 20 20 26 20 26 26 15 22 26 21 21 21 20 21 26 27 22 28 23 23 24 25 29 24 30 30 30 23 24 24 23 30 31 32 30 19 20 33 34 35 33 28 27 27 28 33 33 33 27 36 26 27 28 28 23 29 24 29 29 29 32 30 31 35 29 34 32 32 31 32 31 31 35 35 34 35 34 34 32 36 31 35 33 34 36 36 36 27 36 28 
3x4x4x4
01 02 03 02 02 04 05 02 06 07 07 07 01 01 04 02 04 04 05 07 04 08 07 09 01 10 11 12 10 13 12 12 14 12 09 09 10 10 10 15 14 13 12 14 14 16 14 09 17 03 03 05 02 06 05 05 06 05 07 06 01 11 03 01 04 03 08 06 06 08 08 18 19 11 11 15 15 11 16 12 09 16 08 09 15 10 13 15 13 13 15 14 13 16 16 20 17 17 03 21 22 23 21 23 23 21 24 23 17 19 25 17 26 25 21 21 18 08 18 18 19 19 11 19 27 27 28 29 20 28 18 20 30 31 27 30 30 27 30 32 27 16 20 20 17 22 25 26 22 22 21 22 23 24 24 24 26 25 25 26 26 22 26 24 23 28 24 18 19 31 25 30 31 29 32 29 29 28 28 29 31 31 31 30 32 27 32 32 29 28 32 20 

No.186
2x4x4x6
01 02 03 02 03 02 03 04 01 05 01 01 04 04 06 04 01 05 05 05 06 06 06 04 07 05 07 08 07 08 06 08 09 10 02 02 03 03 11 12 13 10 01 02 03 04 11 14 13 10 07 05 06 08 11 14 13 15 07 07 08 08 16 14 09 17 09 09 12 12 18 12 10 10 09 10 11 12 11 11 13 13 13 15 16 14 14 14 19 15 15 15 16 16 16 20 09 17 17 17 18 18 18 12 21 21 21 17 18 22 22 22 23 23 19 23 24 20 24 24 19 15 19 19 20 20 16 20 21 17 25 25 26 26 18 22 21 23 25 27 28 26 24 22 21 23 29 30 31 32 24 22 19 23 30 30 31 31 24 20 25 27 25 26 25 26 28 26 29 27 27 27 28 28 28 32 29 27 29 29 32 32 28 32 29 30 31 30 31 30 31 32 
2x4x5x12
01 02 01 03 01 03 04 03 05 06 01 01 03 03 07 08 05 06 05 05 08 08 07 08 05 06 09 09 10 10 07 08 09 11 09 10 09 10 12 10 13 02 13 14 13 14 04 14 02 02 01 02 04 03 04 04 06 06 05 06 07 08 07 07 11 11 09 11 12 10 12 12 15 11 15 16 15 16 12 16 17 02 13 13 14 14 04 18 19 20 13 21 22 14 23 24 19 20 19 19 24 24 23 24 19 20 15 25 26 16 23 24 27 11 15 15 16 16 12 28 17 21 21 21 22 22 22 18 17 17 17 21 22 18 18 18 20 20 19 20 23 24 23 23 27 27 27 25 26 28 28 28 27 25 25 25 26 26 26 28 17 29 30 29 30 29 30 18 31 32 33 21 22 34 35 36 31 32 31 31 36 36 35 36 31 32 37 25 26 38 35 36 27 39 40 39 40 39 40 28 33 41 29 29 30 30 42 34 33 33 33 29 30 34 34 34 32 32 31 32 35 36 35 35 37 37 37 39 40 38 38 38 37 43 39 39 40 40 44 38 45 41 45 46 45 46 42 46 41 41 33 41 42 34 42 42 47 47 47 48 49 50 50 50 43 43 37 43 44 38 44 44 51 43 51 52 51 52 44 52 53 41 45 45 46 46 42 54 47 48 45 55 56 46 49 50 47 48 48 48 49 49 49 50 47 48 51 57 58 52 49 50 59 43 51 51 52 52 44 60 53 55 55 55 56 56 56 54 53 53 53 55 56 54 54 54 61 61 61 62 63 64 64 64 59 59 59 57 58 60 60 60 59 57 57 57 58 58 58 60 53 65 66 66 67 67 68 54 61 62 66 55 56 67 63 64 61 62 62 62 63 63 63 64 61 62 69 57 58 70 63 64 59 71 69 69 70 70 72 60 66 65 66 67 66 67 68 67 65 65 73 65 68 74 68 68 75 75 75 76 77 78 78 78 71 71 79 71 72 80 72 72 69 71 69 70 69 70 72 70 73 65 73 74 73 74 68 74 75 76 73 73 74 74 77 78 75 76 76 76 77 77 77 78 75 76 79 79 80 80 77 78 79 71 79 80 79 80 72 80 
2x4x6x8
01 02 01 03 01 03 04 03 05 06 01 01 03 03 07 08 05 09 05 05 07 07 07 10 05 09 09 09 10 10 07 10 11 09 12 12 13 13 14 10 12 15 12 13 12 13 16 13 17 02 02 02 04 04 04 18 19 06 01 02 04 03 20 08 06 06 05 06 07 08 08 08 11 11 11 09 14 10 14 14 11 21 12 15 16 13 14 22 23 15 15 15 16 16 16 24 17 02 17 17 18 18 04 18 19 06 17 25 26 18 20 08 19 19 19 27 20 28 20 20 21 21 29 21 30 22 22 22 11 21 23 31 32 24 14 22 23 15 23 23 24 24 16 24 17 25 25 25 26 26 26 18 19 27 33 25 26 34 20 28 27 27 35 27 36 28 28 28 29 29 29 37 30 38 30 30 29 21 39 31 32 40 30 22 23 31 31 31 32 32 32 24 33 41 33 33 34 34 42 34 35 43 33 25 26 34 36 44 35 35 35 27 36 28 36 36 37 37 29 37 30 38 38 38 45 37 39 31 32 40 46 38 39 47 39 39 40 40 48 40 49 41 41 41 42 42 42 50 51 43 33 41 42 34 52 44 43 43 35 43 36 44 44 44 45 45 45 37 46 38 46 46 45 53 39 47 48 40 46 54 55 47 47 47 48 48 48 56 49 41 49 49 50 50 42 50 51 43 49 57 58 50 52 44 51 51 51 59 52 60 52 52 53 53 61 53 62 54 54 54 45 53 55 63 64 56 46 54 55 47 55 55 56 56 48 56 49 57 58 57 58 57 58 50 51 59 57 57 58 58 52 60 61 59 59 59 60 60 62 60 61 59 61 61 62 62 62 60 61 53 63 63 64 64 62 54 55 63 64 63 64 63 64 56 

No.187
2x4x4x6
01 02 03 02 03 02 03 04 01 05 02 02 03 03 06 04 01 05 07 07 08 08 06 04 07 05 07 08 07 08 06 08 09 10 09 11 09 11 12 11 01 01 02 01 04 03 04 04 05 05 05 07 08 06 06 06 13 14 15 14 15 14 15 16 17 10 09 09 11 11 12 18 10 10 10 09 11 12 12 12 13 13 14 13 16 15 16 16 13 19 14 14 15 15 20 16 17 10 21 21 22 22 12 18 17 17 21 17 18 22 18 18 19 19 19 23 24 20 20 20 13 19 23 23 24 24 20 16 17 21 22 21 22 21 22 18 25 25 26 25 27 28 27 27 29 29 29 30 31 32 32 32 23 19 23 24 23 24 20 24 25 26 28 26 28 26 28 27 25 29 26 26 28 28 32 27 25 29 30 30 31 31 32 27 30 29 30 31 30 31 32 31 
2x4x5x12
01 02 03 02 03 02 03 04 01 05 02 02 03 03 06 07 01 05 05 05 06 06 06 08 09 05 10 10 11 11 06 08 12 10 11 10 11 10 11 08 13 14 13 13 13 15 04 04 01 01 02 01 04 03 04 07 09 09 05 09 07 06 07 07 09 12 10 12 08 11 08 08 12 12 16 17 17 17 18 17 19 14 20 13 20 15 20 04 14 14 14 13 15 15 15 07 21 21 22 21 23 24 23 23 09 16 16 16 17 18 18 18 12 25 16 25 17 25 18 26 19 14 19 19 20 15 27 28 21 29 30 19 20 20 24 23 21 22 22 22 24 24 24 23 21 22 25 25 26 31 32 23 33 34 16 25 26 26 18 26 19 29 29 29 28 28 27 28 35 29 30 30 28 27 27 27 36 30 22 30 31 24 31 37 34 34 34 33 31 31 32 38 33 34 33 33 32 32 32 26 35 35 39 35 40 40 27 28 35 29 30 40 37 40 41 40 36 42 36 36 37 37 43 37 44 45 44 36 44 31 32 38 33 34 44 44 38 46 38 38 47 48 39 39 40 41 41 41 35 39 42 39 49 39 41 50 36 42 42 42 43 43 43 37 51 45 46 52 46 43 46 38 45 45 45 44 46 46 53 54 47 48 47 47 50 50 55 50 48 48 48 47 49 49 41 50 52 42 52 56 57 49 43 49 51 45 52 52 54 53 53 53 51 58 51 51 54 54 53 54 47 48 59 60 55 55 55 61 56 62 59 59 49 55 63 50 56 62 56 56 57 57 63 57 51 62 58 52 64 64 63 57 65 58 58 58 66 64 53 54 59 67 59 60 59 68 55 61 60 69 60 60 61 68 61 61 62 62 62 56 57 63 63 63 65 65 70 65 66 66 71 66 65 58 70 64 66 64 72 64 67 67 68 60 68 68 68 61 67 69 67 73 74 75 75 75 69 69 69 76 77 71 71 71 78 78 78 79 80 72 71 72 65 70 70 70 66 70 72 72 73 67 73 74 73 74 75 74 76 69 73 73 74 74 75 77 76 78 76 76 77 77 75 77 76 78 79 79 80 80 71 77 79 78 79 80 79 80 72 80 
2x4x6x6
01 02 03 02 03 02 03 04 01 01 02 02 03 03 05 04 01 06 07 07 05 05 05 04 08 06 06 06 09 09 05 10 08 06 11 11 12 12 10 10 08 11 12 11 12 11 12 10 13 14 13 15 13 15 16 15 17 01 02 01 04 03 04 04 17 18 09 07 09 05 09 19 17 07 06 07 09 07 20 19 08 08 11 08 10 12 10 19 21 22 21 23 21 23 24 23 25 14 13 13 15 15 16 26 14 14 14 13 15 16 16 16 17 18 17 17 20 20 20 27 28 18 18 18 19 19 20 19 22 22 22 21 23 24 24 24 29 22 21 21 23 23 24 30 25 14 31 31 32 32 16 26 25 25 31 25 26 32 26 26 28 18 28 28 33 33 33 27 28 34 34 34 27 27 20 27 29 29 35 29 30 36 30 30 29 22 35 35 36 36 24 30 25 31 32 31 32 31 32 26 37 37 37 38 39 40 33 40 41 34 41 42 41 43 33 27 28 34 41 43 44 43 33 43 45 34 45 46 47 48 48 48 29 35 36 35 36 35 36 30 38 37 38 39 38 39 40 39 42 37 38 38 39 39 40 40 42 37 42 42 43 43 40 44 42 45 41 41 44 44 48 44 45 45 46 46 47 47 48 44 46 45 46 47 46 47 48 47 

No.194
2x2x3x4
01 02 01 02 02 02 01 01 02 03 04 01 05 06 05 06 03 02 01 04 03 03 04 04 05 05 06 06 05 07 08 06 03 04 03 04 07 05 06 08 07 07 08 08 08 07 08 07 

No.196
2x2x3x4
01 02 01 03 02 02 01 01 02 04 02 01 05 03 03 03 05 02 06 01 04 04 06 04 05 03 05 05 07 03 08 04 06 06 06 04 07 08 05 08 07 07 08 08 06 07 08 07 

No.201
3x3x4x12
01 01 02 03 02 02 04 05 05 03 03 06 03 05 02 05 05 07 03 08 08 09 08 07 10 07 07 08 08 11 09 09 07 09 12 12 13 01 01 04 01 02 04 04 02 03 01 06 10 06 06 04 05 14 15 08 11 10 10 06 10 12 07 09 11 11 09 12 11 12 12 16 13 17 17 17 17 14 18 14 14 13 13 19 13 17 06 04 20 14 15 21 11 10 22 16 23 16 16 15 15 24 15 22 22 22 22 16 25 19 19 18 17 19 18 18 14 13 21 19 20 20 26 18 20 20 21 21 24 27 21 21 23 20 16 15 24 24 23 22 24 23 23 28 25 29 19 30 31 26 31 31 26 25 25 26 25 26 26 18 31 32 33 34 24 27 27 28 27 28 28 27 34 34 27 34 35 23 36 28 30 29 29 30 30 29 37 31 31 25 33 29 30 32 38 30 32 32 33 33 35 39 33 35 36 32 28 34 34 40 36 35 35 36 36 35 41 41 29 37 41 42 37 37 42 43 41 41 39 38 38 37 32 38 39 33 40 39 39 38 44 44 45 46 40 40 46 44 40 36 44 44 43 41 42 37 42 42 47 48 48 43 43 49 43 48 42 48 48 38 39 50 50 46 50 45 51 45 45 50 50 52 46 46 40 46 44 45 43 49 49 47 53 49 47 47 54 55 56 49 57 56 56 47 48 56 57 50 52 57 57 56 51 57 58 59 52 52 51 60 52 51 51 45 55 53 49 53 53 54 53 54 54 55 55 61 55 53 56 47 62 54 59 63 52 57 60 58 64 58 58 59 59 60 59 60 60 51 60 58 55 61 61 65 65 61 65 66 66 67 63 61 65 62 68 62 62 54 59 63 63 69 63 70 64 62 71 72 72 70 64 70 70 64 64 58 65 67 61 65 66 68 66 66 68 67 67 68 67 68 68 62 66 71 67 72 63 69 69 71 69 71 71 69 72 72 69 72 70 64 71 70 
3x4x4x7
01 02 03 01 01 04 05 01 04 06 07 08 09 02 04 01 04 04 05 05 07 05 07 07 09 09 10 09 10 10 11 11 12 11 13 07 14 09 15 11 12 10 11 12 12 16 13 12 17 03 03 01 18 03 06 08 08 06 06 08 02 02 03 05 02 04 05 19 08 06 13 07 09 02 15 14 20 10 11 13 10 16 13 13 14 15 15 14 14 15 16 21 12 16 16 22 17 17 18 17 18 18 06 19 08 23 24 24 17 25 03 26 19 18 23 19 19 23 23 19 20 25 25 20 20 25 21 20 27 16 23 22 28 28 25 14 20 15 21 21 22 21 22 22 26 29 29 26 29 18 30 24 31 24 24 31 17 29 32 26 26 31 26 31 31 23 24 33 34 28 25 35 35 27 35 27 27 36 37 22 35 28 28 35 28 38 21 37 27 37 37 27 29 29 32 39 40 41 30 30 33 30 33 33 40 32 32 40 40 32 30 40 31 42 36 33 34 32 43 35 44 38 36 44 44 36 36 44 34 34 38 34 38 38 45 44 46 36 37 37 39 41 41 39 39 41 42 30 47 42 42 33 48 49 41 39 40 50 51 52 50 42 52 52 49 49 43 53 49 54 53 44 46 45 52 55 34 43 43 56 38 43 45 46 46 45 45 46 39 48 41 51 47 50 51 47 47 42 52 47 48 48 50 48 50 50 51 51 47 51 52 55 48 49 54 56 54 54 53 53 55 53 55 55 56 49 43 56 56 54 53 56 54 45 55 46 

No.202
2x4x4x6
01 02 02 02 03 03 03 04 01 01 01 05 06 04 04 04 05 05 01 05 06 04 06 06 07 05 07 07 08 08 06 08 09 10 03 02 03 02 11 12 10 10 01 02 03 04 11 11 13 13 07 05 06 08 14 14 13 15 07 08 07 08 16 14 09 09 09 17 18 12 12 12 13 10 09 10 11 12 11 14 13 10 13 15 16 14 11 14 15 15 19 15 16 20 16 16 17 17 09 17 18 12 18 18 21 22 21 17 18 23 24 23 21 22 19 22 24 20 24 23 19 19 19 15 16 20 20 20 21 17 25 26 25 26 18 23 21 21 25 27 28 26 23 23 22 22 29 30 31 32 24 24 19 22 31 30 31 30 24 20 25 27 25 25 26 26 28 26 27 27 29 27 28 32 28 28 29 29 29 27 28 32 32 32 29 30 30 30 31 31 31 32 
3x4x4x6
01 02 03 04 04 05 04 05 05 06 07 08 04 02 02 04 02 09 06 10 05 06 06 05 11 09 09 11 02 09 06 10 12 10 10 12 13 14 09 11 11 12 11 12 12 15 10 16 01 17 03 01 03 03 18 07 08 07 07 08 01 01 03 04 02 19 06 20 05 07 08 08 13 13 14 11 21 09 22 10 12 15 16 16 13 14 14 13 14 23 15 15 16 15 24 16 17 17 19 17 25 03 18 18 20 07 18 26 01 17 19 27 19 19 18 20 20 28 20 08 13 21 29 21 21 23 22 22 30 22 24 16 31 23 14 21 23 23 15 32 24 22 24 24 17 25 33 27 25 25 34 18 26 28 26 26 35 27 19 27 27 25 28 28 20 28 26 36 37 31 29 21 29 29 32 30 30 22 30 38 31 31 29 31 23 39 32 32 30 40 32 24 35 33 33 35 33 25 34 34 36 34 26 36 35 35 33 41 27 42 28 43 44 34 36 36 37 37 39 45 46 29 47 30 48 40 38 38 37 31 39 37 39 39 32 40 38 40 40 38 35 33 42 41 41 44 41 44 44 34 43 36 41 42 42 41 46 42 47 43 44 43 43 44 45 46 46 45 46 42 47 43 48 47 47 48 37 46 39 45 45 48 45 48 48 47 40 38 

No.203
2x4x4x6
01 02 03 02 03 03 04 03 01 05 01 02 06 02 04 04 05 05 01 07 06 07 06 04 05 08 08 08 08 07 06 07 09 10 09 09 03 09 11 12 01 01 02 02 03 04 11 04 13 05 08 05 07 07 06 06 13 14 08 15 15 15 15 16 10 10 09 10 12 12 17 12 13 18 09 10 11 11 11 12 13 14 13 13 15 16 11 19 20 14 14 14 15 16 16 16 10 18 18 18 21 17 17 17 22 18 22 22 21 17 23 12 22 14 24 20 23 23 23 19 20 20 24 20 19 19 16 19 22 18 25 21 21 21 21 17 22 26 25 26 27 27 28 28 29 29 30 30 31 32 23 32 24 20 24 24 31 24 23 19 26 25 25 25 25 27 28 27 26 26 29 27 28 27 28 32 29 26 29 30 28 30 32 32 29 30 31 30 31 31 32 31 
2x4x5x6
01 02 02 02 03 03 03 04 01 01 02 01 04 03 04 04 05 01 06 07 06 07 04 08 05 05 05 09 10 08 08 08 09 05 09 09 10 10 08 10 11 12 03 02 03 02 13 14 12 12 07 01 04 06 13 13 12 15 07 07 06 06 16 13 15 15 05 07 06 08 16 16 15 17 09 10 09 10 18 16 11 11 11 19 20 14 14 14 12 11 12 21 22 13 14 13 21 23 21 21 22 22 24 22 17 15 21 15 16 22 16 18 17 17 25 17 18 26 18 18 19 19 11 19 20 14 20 20 19 27 23 27 28 24 28 20 21 23 23 23 24 24 24 22 29 25 29 23 24 30 26 30 25 25 25 17 18 26 26 26 27 19 31 32 31 32 20 28 27 27 33 34 35 36 28 28 29 27 34 34 35 35 28 30 29 29 34 37 38 35 30 30 25 29 39 40 39 40 30 26 31 33 31 31 32 32 36 32 33 33 33 31 32 36 36 36 33 37 34 35 34 35 38 36 37 37 40 37 38 39 38 38 37 40 40 40 39 39 39 38 

No.210
2x2x3x6
01 02 01 02 03 03 01 01 03 04 03 04 05 03 02 02 04 03 02 01 04 04 06 01 05 07 05 05 04 07 02 08 06 06 06 08 07 07 07 05 09 06 10 05 08 06 08 08 09 09 07 11 09 12 10 11 08 12 10 10 12 09 12 09 12 12 11 11 11 10 11 10 

No.211
2x4x5x18
01 02 01 01 03 03 04 03 05 02 02 02 04 04 04 06 05 05 02 05 06 04 06 06 07 07 07 05 06 08 08 08 07 09 09 09 10 10 10 08 11 12 03 01 03 01 13 14 12 12 02 01 03 04 13 13 05 07 15 15 16 16 08 06 17 07 09 15 16 10 08 18 17 19 09 10 09 10 20 18 11 21 11 11 14 14 22 14 12 15 12 11 14 13 16 13 12 15 17 15 16 18 16 13 17 19 17 17 18 18 20 18 23 19 19 19 20 20 20 24 21 21 21 11 14 22 22 22 25 21 26 27 28 29 22 30 31 27 27 27 28 28 28 32 31 31 31 23 24 32 32 32 23 23 19 23 24 20 24 24 25 25 21 25 30 22 30 30 25 26 26 26 29 29 29 30 33 26 27 28 27 28 29 34 35 35 31 35 36 32 36 36 37 35 31 23 24 32 36 38 39 25 40 41 40 41 30 42 41 26 41 41 40 40 29 40 33 33 33 35 36 34 34 34 43 33 37 35 36 38 34 44 37 37 37 45 46 38 38 38 39 39 39 41 40 42 42 42 47 39 47 47 48 48 42 48 43 43 47 43 44 48 44 44 43 33 37 45 46 38 34 44 45 49 45 45 46 46 50 46 47 51 52 53 52 53 54 48 47 39 52 55 56 53 42 48 55 43 55 55 56 56 44 56 55 57 49 58 59 50 60 56 45 49 49 49 50 50 50 46 51 51 51 61 62 54 54 54 52 51 52 52 53 53 54 53 55 57 63 57 60 64 60 56 57 57 58 58 59 59 60 60 65 58 49 58 59 50 59 66 61 61 51 61 62 54 62 62 61 67 67 67 68 68 68 62 63 69 63 57 60 64 70 64 63 63 65 65 66 66 64 64 65 58 65 71 72 66 59 66 61 73 68 67 68 67 74 62 75 73 69 67 68 70 74 76 77 69 69 69 70 70 70 78 63 69 65 71 72 66 70 64 71 79 71 71 72 72 80 72 75 75 81 75 76 82 76 76 75 73 73 73 74 74 74 76 77 77 77 73 74 78 78 78 83 77 79 84 85 80 78 86 71 79 79 79 80 80 80 72 87 75 81 82 81 82 76 88 89 81 81 81 82 82 82 90 83 83 91 83 86 92 86 86 83 77 91 84 85 92 78 86 84 84 79 84 85 80 85 85 87 87 87 93 94 88 88 88 89 87 89 89 90 90 88 90 89 83 95 96 95 96 86 90 91 91 91 97 98 92 92 92 91 84 99 97 98 100 85 92 93 93 101 93 94 102 94 94 93 87 96 89 90 95 88 94 96 97 96 96 95 95 98 95 97 97 99 97 98 100 98 98 99 99 99 103 104 100 100 100 93 101 101 101 102 102 102 94 105 106 101 106 107 102 107 108 105 106 105 109 110 108 107 108 103 109 109 109 110 110 110 104 103 99 103 103 104 104 100 104 106 101 111 112 111 112 102 107 106 106 111 113 114 112 107 107 115 116 105 105 108 108 117 118 115 109 105 119 120 108 110 118 103 109 120 119 120 119 110 104 113 111 111 111 112 112 112 114 113 116 113 113 114 114 117 114 116 116 116 113 114 117 117 117 115 115 116 115 118 117 118 118 119 115 119 119 120 120 118 120 
2x4x6x12
01 02 02 02 03 03 03 04 05 06 02 03 02 03 07 08 05 05 09 05 08 10 08 08 09 09 09 05 08 10 10 10 11 09 12 13 12 13 10 14 13 15 13 13 12 12 16 12 01 17 01 01 04 04 18 04 01 06 02 06 07 03 07 04 05 19 06 06 07 07 20 08 11 11 09 21 22 10 14 14 11 15 11 13 12 14 16 14 23 15 15 15 16 16 16 24 17 17 17 01 04 18 18 18 25 19 17 19 20 18 20 26 19 19 27 06 07 28 20 20 29 11 21 21 22 22 14 30 21 31 21 23 24 22 32 22 23 23 15 23 24 16 24 24 25 25 17 25 26 18 26 26 25 27 33 19 20 34 28 26 27 27 27 29 30 28 28 28 29 29 27 29 30 28 30 30 29 31 21 35 36 22 32 30 31 31 31 23 24 32 32 32 37 25 37 37 38 38 26 38 33 39 33 33 34 34 40 34 33 41 41 41 42 42 42 34 35 43 41 42 41 42 44 36 35 45 35 35 36 36 46 36 31 47 47 47 48 48 48 32 49 39 38 37 38 37 40 50 39 39 39 37 38 40 40 40 33 43 39 43 44 40 44 34 43 43 41 51 52 42 44 44 35 45 47 45 46 48 46 36 45 45 47 48 47 48 46 46 49 49 53 54 53 54 50 50 55 49 53 49 50 54 50 56 51 51 57 43 44 58 52 52 59 51 60 51 52 61 52 62 60 60 60 63 64 61 61 61 45 60 64 63 64 63 61 46 65 53 53 53 54 54 54 66 55 49 55 55 56 56 50 56 55 51 57 58 57 58 52 56 59 57 57 57 58 58 58 62 59 60 59 59 62 62 61 62 63 67 63 63 64 64 68 64 65 65 65 69 70 66 66 66 71 65 72 55 56 73 66 74 71 71 75 71 74 76 74 74 75 75 75 71 74 76 76 76 67 75 59 77 78 62 76 68 67 67 79 67 68 80 68 68 69 69 81 69 70 82 70 70 72 65 72 69 70 73 66 73 71 83 72 72 73 73 84 74 77 77 75 85 86 76 78 78 67 77 79 77 78 80 78 68 79 79 79 87 88 80 80 80 69 81 81 81 82 82 82 70 83 81 83 89 90 84 82 84 83 83 91 72 73 92 84 84 93 77 85 85 86 86 78 94 87 85 95 85 86 96 86 88 87 79 87 87 88 88 80 88 89 81 89 89 90 90 82 90 83 91 90 89 90 89 92 84 91 91 91 93 94 92 92 92 93 93 91 93 94 92 94 94 93 85 95 96 95 96 86 94 87 95 95 95 96 96 96 88 
2x4x7x9
01 02 02 02 03 03 03 04 01 05 01 02 03 04 06 04 05 05 07 05 06 08 06 06 07 07 07 09 10 08 08 08 09 07 09 09 10 10 08 10 09 11 12 13 12 13 14 10 13 15 13 13 12 12 16 12 17 18 17 17 19 19 20 19 01 01 03 02 03 02 04 04 05 01 21 22 23 24 04 06 05 07 23 22 23 22 08 06 09 11 11 11 14 14 14 10 15 11 25 13 12 26 14 16 15 15 27 15 16 28 16 16 29 18 17 18 20 19 20 30 18 18 17 19 17 19 20 20 31 21 21 21 24 24 24 32 22 21 22 22 23 23 24 23 25 33 25 11 14 26 34 26 15 27 25 25 26 26 28 16 27 27 27 35 36 28 28 28 29 29 29 37 38 30 30 30 18 29 38 37 38 37 30 20 31 21 31 31 32 32 24 32 31 39 39 39 40 40 40 32 25 33 39 40 39 40 34 26 33 33 33 35 36 34 34 34 35 27 35 35 36 36 28 36 41 37 37 37 38 38 38 42 43 29 43 43 44 44 30 44 45 46 43 31 32 44 47 48 45 46 45 39 40 48 47 48 49 50 50 50 51 51 51 52 33 53 50 51 50 51 54 34 35 55 55 55 56 56 56 36 41 41 41 57 58 42 42 42 46 41 44 43 44 43 42 47 46 46 46 59 60 47 47 47 45 45 49 49 52 52 48 48 49 45 49 50 51 52 48 52 61 53 55 53 54 56 54 62 53 53 55 56 55 56 54 54 57 57 63 57 58 64 58 58 57 41 59 60 59 60 42 58 65 59 59 59 60 60 60 66 67 67 49 68 69 52 70 70 67 68 68 68 69 69 69 70 61 61 61 71 72 62 62 62 53 61 72 71 72 71 62 54 57 63 63 63 64 64 64 58 65 65 63 73 74 64 66 66 65 67 65 75 76 66 70 66 77 67 78 67 70 79 70 80 77 81 68 69 68 69 82 80 81 81 83 84 83 84 82 82 71 61 71 71 72 72 62 72 73 63 73 73 74 74 64 74 75 65 74 73 74 73 66 76 75 78 75 75 76 76 79 76 78 78 78 75 76 79 79 79 77 77 78 77 80 79 80 80 81 77 81 84 83 82 80 82 81 84 84 84 83 83 83 82 
2x5x6x6
01 02 01 01 03 03 04 03 05 06 07 08 08 08 04 04 04 06 09 06 07 07 08 07 08 04 10 11 09 09 12 12 13 07 14 15 14 11 11 11 12 16 15 16 15 15 14 14 11 14 17 16 15 18 18 18 19 19 19 20 21 02 03 01 03 01 22 05 05 05 02 02 02 01 03 10 04 05 06 06 07 12 08 23 10 10 10 09 06 09 16 12 13 12 13 13 14 24 11 09 16 16 15 17 18 13 20 19 20 20 17 17 25 17 18 19 18 19 26 20 21 21 21 27 28 29 22 05 22 22 02 21 23 23 28 28 30 28 31 22 32 23 33 23 33 10 30 28 31 31 34 34 35 36 37 13 37 24 38 24 34 25 35 36 36 36 24 24 20 26 25 25 25 17 36 39 26 40 26 26 27 27 41 27 29 29 42 29 30 22 32 21 23 27 28 33 30 29 30 30 32 32 34 32 33 33 31 33 31 43 34 44 34 37 37 37 31 38 38 38 35 35 35 39 36 37 24 40 38 26 35 25 45 39 39 39 46 40 40 40 27 41 41 41 47 48 42 48 42 42 49 41 49 49 50 51 42 29 43 43 52 53 49 32 51 51 54 43 54 43 52 44 52 44 55 55 56 38 54 57 44 44 45 39 58 55 56 56 56 46 45 45 45 59 60 59 46 46 40 46 49 41 47 50 47 47 48 48 48 42 49 53 50 50 50 47 48 47 43 54 53 53 53 55 50 51 57 51 54 54 52 52 53 55 58 55 57 51 57 57 44 52 59 60 58 60 58 58 56 57 59 45 59 59 60 60 60 58 56 46 
4x4x4x6
01 02 02 03 04 04 02 05 04 06 05 05 07 06 06 08 01 04 03 03 01 04 02 02 06 06 05 08 07 07 05 08 09 09 10 11 12 12 10 11 13 14 15 15 13 14 16 16 09 12 12 11 14 12 10 10 14 14 15 10 13 15 15 16 17 18 19 20 04 18 18 20 21 22 22 05 21 23 22 24 01 01 11 03 09 18 02 03 07 06 22 16 07 13 08 08 09 01 11 11 09 25 10 03 07 14 26 16 13 13 08 16 27 12 28 28 25 25 26 29 30 25 26 26 31 31 15 32 17 17 19 19 17 21 20 20 21 21 20 24 23 23 24 24 33 17 34 19 18 18 20 19 23 21 22 22 23 35 24 36 37 25 29 29 27 25 28 38 39 31 26 32 30 30 26 40 27 27 28 29 27 28 28 29 30 31 31 32 30 31 32 32 33 33 34 34 41 41 42 34 35 41 42 42 35 35 36 36 33 17 34 19 33 41 43 43 44 44 42 36 23 35 24 36 37 37 45 29 27 46 45 38 39 47 48 32 30 47 40 40 37 46 38 38 37 46 46 38 39 48 48 40 39 39 48 40 41 33 43 34 41 43 43 49 50 44 44 42 35 44 36 42 51 52 53 53 51 54 43 55 56 44 57 58 59 59 60 58 52 52 53 55 51 61 45 55 56 47 62 58 56 59 60 60 46 46 63 38 37 47 45 45 47 47 45 40 39 64 48 48 51 54 54 53 50 54 49 49 50 50 57 49 59 57 57 58 51 51 49 53 54 54 49 53 59 50 57 57 59 50 58 58 52 61 55 55 52 61 63 63 64 64 62 60 56 56 62 60 52 63 63 55 61 61 63 62 61 64 62 62 56 64 64 60 

No.212
4x4x4x12
01 01 02 03 04 04 02 02 05 05 06 06 07 05 08 08 04 02 02 03 04 09 03 03 07 07 10 06 07 05 05 06 09 11 11 12 09 09 03 12 13 07 10 10 13 14 14 10 09 11 15 15 11 11 12 12 13 13 14 14 16 16 14 10 17 01 02 18 04 01 01 06 04 08 08 06 19 05 08 20 21 01 22 22 21 21 23 03 07 24 25 25 26 26 08 25 27 27 15 23 09 21 23 23 24 24 25 10 24 16 28 28 29 11 15 30 13 15 15 12 13 16 16 12 31 16 14 32 17 17 22 18 21 17 18 18 19 19 20 25 19 26 20 20 33 17 22 34 21 22 22 18 19 26 26 25 35 26 20 36 37 27 30 38 29 27 27 23 24 28 28 32 39 31 28 40 29 27 30 30 29 29 30 23 24 31 32 32 31 31 28 32 41 42 34 34 33 42 42 34 35 43 43 36 35 35 43 44 33 17 45 34 33 33 42 18 19 43 36 36 35 46 20 36 37 47 30 38 29 48 48 49 50 51 51 32 39 31 52 40 37 37 38 38 37 51 48 38 39 51 48 40 39 39 40 40 41 53 54 55 33 43 42 34 35 43 42 36 56 57 58 44 41 41 45 45 41 59 60 45 46 59 60 44 46 46 44 44 59 47 48 45 59 59 48 49 50 51 60 60 46 51 52 60 47 47 38 49 37 47 49 49 50 50 52 40 50 39 52 52 53 53 54 55 53 54 54 61 62 57 57 58 56 57 58 58 53 63 55 55 41 64 54 55 56 57 65 44 56 56 66 58 67 68 69 45 67 59 69 69 70 70 60 71 46 70 72 71 47 69 69 49 67 67 71 73 74 67 71 71 50 70 70 52 63 64 61 61 53 64 64 61 62 65 65 58 62 62 65 66 63 63 55 61 63 64 54 75 76 57 65 66 62 56 66 66 77 68 69 73 68 68 78 73 74 79 72 72 74 70 72 80 81 68 68 82 67 74 73 73 74 74 73 71 83 72 72 84 63 64 61 75 85 86 87 88 89 86 87 90 76 62 65 66 77 77 75 75 77 79 78 75 76 79 78 80 76 76 80 80 77 91 82 78 81 91 78 78 79 79 92 84 79 83 92 80 81 93 82 82 81 81 82 94 95 83 84 84 83 83 96 84 85 85 86 75 85 86 86 88 89 87 87 90 76 87 90 90 85 77 97 88 98 86 88 88 89 89 87 99 89 100 80 90 93 101 82 94 81 91 91 102 103 92 92 84 95 83 104 96 93 93 94 94 93 91 92 94 95 91 92 96 95 95 96 96 98 105 97 97 98 98 97 106 107 100 99 99 100 100 108 99 85 105 97 88 98 107 106 106 107 107 106 99 89 100 108 90 93 101 109 94 110 110 111 102 103 110 111 111 95 112 104 96 101 101 109 102 110 101 102 102 103 103 104 111 103 112 104 104 98 113 114 97 115 114 114 116 115 117 117 116 100 117 118 99 105 105 114 106 119 105 109 106 107 112 108 120 107 117 108 108 110 121 109 109 110 105 109 122 123 112 108 111 112 112 124 111 101 121 125 102 126 121 121 127 126 124 124 127 103 128 124 104 119 113 114 114 113 113 116 116 115 115 118 118 117 117 118 120 119 113 113 116 119 119 122 116 115 123 120 120 115 118 118 120 126 125 125 122 126 119 122 122 123 123 120 127 123 128 128 127 121 121 125 122 126 126 125 125 128 128 127 127 123 128 124 124 
4x4x6x7
01 02 03 03 02 02 04 05 06 07 08 08 09 09 08 10 01 02 03 11 12 03 03 13 14 09 09 15 16 09 08 10 12 12 17 11 12 14 13 13 14 14 13 15 16 18 15 15 19 12 17 17 20 20 21 17 18 20 21 21 18 18 15 22 19 23 24 25 20 23 23 17 18 26 26 21 27 28 26 22 23 23 24 25 29 30 24 24 28 28 31 32 27 28 26 26 33 02 02 34 07 07 04 05 06 07 04 04 35 08 08 36 01 01 03 05 01 07 05 05 06 06 04 10 06 09 10 10 12 01 11 11 19 20 13 11 16 14 21 22 16 16 10 15 19 19 25 17 19 20 13 11 16 14 21 22 18 27 22 22 29 23 25 25 29 29 31 25 27 30 32 32 27 27 26 32 37 24 24 38 29 30 31 31 30 30 31 32 39 28 28 40 33 41 34 34 07 42 34 43 44 35 45 04 35 35 46 36 33 33 34 05 33 42 45 45 42 42 45 36 06 35 36 36 47 48 48 49 50 50 48 45 42 51 52 52 53 51 51 54 47 50 50 49 55 50 48 48 51 51 52 56 53 52 52 54 29 37 38 38 55 55 56 38 39 55 56 56 39 39 40 32 37 37 57 38 58 37 56 31 30 55 40 59 39 60 40 40 41 41 43 43 41 61 34 43 44 35 62 46 44 44 46 46 41 63 49 43 33 64 45 65 66 42 67 36 44 53 68 46 63 63 49 49 63 69 48 49 53 51 70 68 53 53 68 68 47 47 71 71 47 50 72 71 73 74 52 54 73 73 54 54 58 47 71 57 75 55 76 38 39 77 56 78 60 73 54 59 58 58 57 57 58 37 79 57 60 80 40 59 60 60 59 59 61 61 43 65 41 61 67 81 82 64 62 46 66 44 62 62 83 61 65 65 64 64 67 65 66 64 67 67 66 66 62 84 63 69 69 71 64 69 72 72 74 74 70 67 73 70 70 68 63 72 72 71 69 69 72 76 77 74 70 70 73 74 74 68 75 75 79 85 75 77 76 76 77 77 76 78 86 80 78 78 75 58 79 79 87 77 79 57 60 80 76 88 80 80 59 78 61 89 89 65 83 82 81 81 82 82 81 84 66 90 90 62 83 91 92 92 83 83 81 92 93 82 84 84 93 93 94 84 95 95 92 96 95 97 98 99 100 101 102 103 104 93 103 103 105 106 99 99 95 97 98 99 100 101 102 103 100 100 107 108 106 106 109 85 106 87 85 85 86 86 88 107 86 110 107 107 75 111 111 79 87 87 88 85 86 87 88 88 80 112 112 78 91 91 89 92 83 82 89 89 90 90 81 84 93 90 94 94 95 91 89 92 97 91 91 96 104 94 94 102 93 90 94 103 95 105 96 96 97 97 102 96 104 97 102 102 104 104 108 103 105 105 96 99 105 101 98 98 101 101 98 108 100 104 108 108 106 111 109 99 105 109 109 98 101 110 110 108 100 110 112 107 106 111 109 109 111 111 88 85 86 87 112 112 110 110 112 107 

No.217
2x6x8x10
01 02 02 02 03 03 04 04 05 05 05 06 01 01 07 01 03 04 03 04 06 08 06 06 07 07 07 09 10 09 11 12 11 08 08 08 13 13 14 13 09 09 11 11 15 16 15 15 14 14 14 13 17 17 18 18 15 16 16 16 19 19 17 19 17 20 21 18 22 18 22 22 23 23 23 19 24 25 24 25 22 26 26 26 27 23 27 27 25 25 24 24 28 28 26 28 29 30 02 03 31 03 04 32 04 05 33 34 29 29 02 01 02 35 36 05 06 05 34 34 13 07 10 01 10 35 36 12 06 12 08 15 13 07 10 10 09 11 09 11 12 12 08 15 19 14 20 20 18 17 18 17 21 21 16 22 19 14 23 20 37 20 21 38 21 26 16 22 39 39 23 27 37 27 28 38 28 26 40 40 41 39 25 27 25 42 43 24 28 24 40 44 30 30 45 46 31 32 31 32 47 48 33 33 30 29 30 29 32 32 31 31 34 33 34 33 49 49 35 29 35 35 36 36 34 36 50 50 49 51 35 10 52 53 52 53 12 36 54 50 55 56 20 37 57 58 57 58 38 21 59 60 56 56 39 37 37 37 38 38 38 40 59 59 39 41 39 41 43 43 42 42 44 40 44 40 41 41 61 62 43 42 43 42 63 64 44 44 46 46 45 46 45 45 48 48 47 48 47 47 46 65 30 49 32 45 48 31 50 33 66 47 67 49 53 49 53 68 69 52 50 52 50 70 51 51 51 55 53 53 52 52 60 54 54 54 55 55 51 55 57 57 58 58 60 54 60 60 56 71 56 57 72 57 58 73 58 59 74 59 75 61 56 41 62 43 42 63 44 59 64 76 61 61 61 62 62 62 63 63 63 64 64 64 65 65 65 77 78 78 79 79 80 66 66 66 46 65 78 67 78 45 48 79 70 79 66 47 67 81 67 67 82 68 69 83 70 70 84 70 85 81 68 55 68 68 69 69 60 69 84 86 87 88 51 72 72 72 73 73 73 54 89 90 87 71 71 71 72 91 92 73 74 74 74 90 75 61 71 93 62 93 94 63 94 74 64 76 75 75 95 75 93 93 94 94 76 96 76 76 77 77 65 77 79 78 79 78 80 66 80 80 77 97 81 67 98 99 98 99 70 84 100 80 81 81 81 85 82 83 82 83 86 84 84 84 85 85 68 85 83 83 82 82 86 69 86 86 88 88 88 72 92 92 91 91 73 89 89 89 87 87 88 87 92 91 92 91 90 89 90 90 101 95 71 87 102 103 102 103 90 74 96 104 95 95 95 75 93 94 93 94 76 96 96 96 97 97 97 98 98 98 99 99 99 100 100 100 77 97 105 106 98 107 108 99 109 110 100 80 105 105 105 85 111 112 111 112 86 110 110 110 113 113 114 113 83 112 111 82 115 116 115 115 114 114 114 113 117 92 91 118 115 116 116 116 119 119 88 119 117 118 117 118 120 89 120 120 101 95 121 119 122 103 102 123 120 124 96 104 101 101 103 101 103 103 102 102 104 102 104 104 106 106 97 106 108 108 107 107 109 100 109 109 125 125 125 106 108 107 108 107 109 126 126 126 113 105 125 127 127 127 128 128 128 126 110 115 113 105 112 127 112 112 111 111 128 111 110 115 119 114 129 117 117 117 118 118 118 130 116 120 119 114 129 131 129 129 130 130 132 130 116 120 131 131 121 131 122 123 122 123 132 124 132 132 121 121 121 101 123 123 122 122 104 124 124 124 106 125 133 134 133 108 107 135 136 135 126 109 137 125 137 134 127 134 136 128 136 138 126 138 139 140 137 141 127 142 143 128 144 138 145 146 139 140 141 141 141 142 143 144 144 144 145 146 147 148 149 149 150 149 151 152 151 151 153 154 147 148 149 155 150 129 130 152 156 151 153 154 131 155 157 155 157 129 130 158 156 158 156 132 131 121 157 159 123 159 160 122 160 158 124 132 134 137 134 134 133 133 135 135 136 136 138 136 137 137 142 139 135 133 135 133 146 143 138 138 139 139 142 139 142 142 143 143 146 143 146 146 140 140 140 147 141 149 151 144 154 145 145 145 147 147 140 147 141 149 151 144 154 145 154 154 148 148 148 150 150 150 152 152 152 153 153 153 155 155 148 150 159 160 159 160 152 153 156 156 155 157 157 157 159 159 160 160 158 158 158 156 

