Prime boxes of 2-sided Hexacubes  Toshihiro Shirakawa 2015.04.15

No.39r
2x6x6
01 01 01 02 01 02 01 02 02 02 03 03 04 04 05 02 06 06 01 07 08 07 08 03 04 09 05 09 05 06 05 07 05 05 08 03 04 09 10 10 10 06 10 07 10 03 08 03 04 09 04 06 11 06 07 07 10 12 08 08 09 09 12 12 11 12 11 12 11 12 11 11 

No.40r
2x3x6
01 01 02 01 02 02 03 03 03 01 04 02 05 03 06 01 04 02 05 03 06 01 04 02 05 03 06 04 04 04 05 05 06 05 06 06 

No.43r
6x8x30
01 02 02 02 02 03 01 04 02 05 06 03 01 01 07 08 03 03 01 07 07 07 07 03 09 10 10 10 10 11 09 09 12 10 11 11 09 13 14 15 16 11 09 15 15 15 15 11 17 04 18 02 06 19 01 04 05 05 06 03 20 08 08 08 08 21 20 20 08 07 22 21 20 23 10 12 21 21 20 12 12 12 12 21 09 13 14 14 16 11 24 13 15 25 16 26 17 18 18 05 19 19 17 04 04 05 06 06 27 28 29 30 22 31 28 28 28 28 22 21 20 23 32 32 32 32 33 23 34 35 32 36 13 13 14 16 16 26 24 24 14 25 25 26 17 17 18 37 38 19 39 04 18 05 06 19 27 29 29 30 31 31 27 40 28 30 22 22 23 23 34 32 41 36 33 33 34 35 35 36 24 13 14 25 16 42 24 43 44 25 26 26 17 45 18 37 38 19 39 39 46 37 38 47 27 27 29 30 30 31 40 40 29 48 22 31 33 23 49 35 41 41 33 34 34 35 36 36 50 43 44 51 42 42 24 43 44 25 52 26 39 45 37 37 38 38 39 45 46 46 47 47 27 40 29 30 48 31 53 40 48 48 48 48 49 49 49 49 41 54 33 49 34 35 41 36 50 50 51 51 52 42 43 43 44 44 52 42 45 45 46 37 38 47 39 55 46 56 57 47 53 58 58 58 58 54 53 40 59 58 54 54 53 53 60 61 41 54 53 60 60 60 60 54 50 62 63 51 64 42 50 43 44 51 52 52 65 45 66 56 57 67 55 55 46 56 57 47 68 59 58 57 57 69 59 59 59 59 57 70 71 62 61 61 61 61 72 62 62 60 61 73 50 62 63 51 64 64 74 62 63 75 52 76 65 55 66 66 67 67 65 55 56 56 77 69 68 78 78 78 78 69 68 79 80 78 70 70 71 71 81 82 83 73 72 81 81 81 81 73 72 84 63 63 64 76 74 74 75 75 64 76 65 65 66 85 77 67 86 55 66 56 77 67 68 68 78 87 69 69 71 79 80 82 83 70 71 79 80 82 83 70 72 72 88 81 73 73 74 84 63 75 64 89 74 84 90 75 76 76 65 91 66 85 92 67 86 86 87 85 77 77 68 87 87 87 87 69 79 79 80 80 93 70 71 94 82 82 83 83 72 88 88 88 88 73 84 84 90 88 89 89 74 95 90 75 96 76 86 91 85 85 92 92 86 91 97 98 77 99 100 97 97 97 97 101 102 79 80 103 93 93 94 94 104 82 83 105 106 107 107 107 107 108 109 84 110 107 96 89 95 95 90 90 96 89 91 91 111 85 92 99 86 112 98 98 92 99 100 100 113 97 93 101 102 102 103 103 93 101 106 94 104 104 105 105 106 94 107 114 108 108 109 95 110 110 115 89 109 95 90 116 96 96 117 91 111 98 92 118 100 112 111 98 99 99 100 112 113 113 101 101 102 119 104 103 93 105 102 94 104 103 120 105 106 106 114 114 115 108 109 109 110 116 115 108 121 95 110 116 96 122 117 111 111 123 118 118 117 112 112 98 124 99 100 119 113 125 120 101 102 119 113 103 120 120 119 119 104 114 120 105 106 119 126 114 120 108 109 127 110 115 115 122 121 121 128 116 116 122 117 117 111 123 123 118 129 112 130 124 124 118 131 132 113 125 133 134 132 132 135 125 133 136 137 132 126 138 133 133 139 132 126 114 133 140 121 127 127 141 115 142 121 128 128 116 122 122 117 143 130 123 144 118 129 129 130 123 124 134 131 131 125 125 124 134 137 145 135 138 133 136 137 132 135 138 146 136 139 127 126 126 140 140 139 127 128 141 142 142 121 147 128 141 148 122 129 143 149 123 144 144 129 143 130 130 124 150 131 145 151 125 134 134 131 145 135 135 136 136 137 137 138 138 146 140 139 139 126 152 146 140 153 127 141 141 148 142 147 147 128 154 148 142 143 143 149 149 144 150 129 155 130 151 144 150 131 151 151 151 151 134 145 145 135 156 157 136 137 158 159 138 146 146 139 152 152 152 152 140 153 147 152 141 160 142 153 147 154 154 148 148 161 143 149 162 144 163 155 155 149 164 150 150 165 164 164 164 164 166 167 145 156 156 157 157 158 158 159 159 146 168 169 170 170 170 170 171 153 153 170 154 160 160 172 147 173 154 148 174 161 155 149 162 163 163 161 155 175 162 176 150 165 165 164 177 166 166 167 158 159 156 157 168 167 158 159 156 157 168 169 169 178 170 171 171 153 179 173 180 160 174 172 172 173 154 160 174 161 161 162 162 176 163 165 155 175 175 176 163 165 177 177 177 177 166 167 167 177 156 157 166 169 158 159 178 168 168 169 178 178 178 178 171 172 179 180 180 160 171 172 179 173 173 174 174 161 181 175 162 182 163 183 181 175 184 176 176 165 181 181 185 186 166 167 181 186 186 186 186 187 187 187 187 188 168 169 187 189 188 188 171 179 179 190 180 188 191 172 192 173 180 188 174 183 193 194 184 182 182 183 181 175 184 176 195 196 185 185 185 185 197 196 196 185 186 198 197 196 199 187 189 197 197 196 189 189 189 189 197 200 179 190 180 188 191 192 192 190 201 202 191 193 193 194 194 182 195 183 183 184 184 182 195 203 204 205 206 198 207 204 204 204 204 198 197 196 199 208 208 208 208 209 199 210 211 208 212 200 192 190 190 191 191 200 192 201 201 202 202 213 193 194 214 182 215 183 193 194 184 195 195 203 205 205 206 207 207 203 216 204 206 198 198 199 199 210 208 217 212 209 209 210 211 211 212 200 200 190 201 202 191 218 192 219 201 202 220 213 193 194 214 215 215 213 221 222 214 223 195 203 203 205 206 206 207 216 216 205 224 198 207 209 199 225 211 217 217 209 210 210 211 212 212 200 226 219 227 228 220 218 218 219 201 202 220 213 213 222 214 214 215 221 221 222 223 223 215 203 216 205 206 224 207 229 216 224 224 224 224 225 225 225 225 217 230 209 225 210 211 217 212 218 226 226 227 228 228 218 219 219 227 220 220 213 221 231 214 223 215 232 221 222 222 223 233 229 234 234 234 234 230 229 216 235 234 230 230 229 229 236 237 217 230 229 236 236 236 236 230 238 226 227 227 228 239 218 226 219 240 228 220 232 231 231 231 231 233 232 221 222 231 223 233 232 232 234 235 233 233 232 235 235 235 235 233 238 237 237 237 237 239 238 238 237 236 239 239 238 226 240 227 228 239 238 240 240 240 240 239 
4x12x12
01 01 01 01 02 03 01 04 02 02 05 04 02 06 04 04 02 07 08 04 07 07 08 09 10 07 08 08 11 07 08 12 11 11 13 12 11 14 12 12 11 15 16 12 15 15 15 15 17 01 05 18 03 03 05 05 19 06 05 04 02 06 05 09 06 06 09 09 10 06 08 09 10 07 13 09 10 10 13 13 10 14 13 12 11 14 13 20 14 14 16 16 21 14 15 22 17 17 18 18 19 03 23 24 19 03 24 24 19 19 25 24 19 26 25 24 27 28 25 25 28 28 25 29 30 28 31 20 30 28 20 20 30 30 16 20 30 32 16 20 21 21 22 22 17 33 23 18 17 03 23 18 34 26 23 23 26 26 23 24 27 26 25 29 27 26 29 29 27 27 31 29 27 28 31 29 30 32 31 31 32 32 31 35 21 32 16 22 21 32 36 22 17 33 37 18 38 33 37 39 34 40 37 37 34 40 37 41 42 40 40 41 43 40 41 41 43 43 44 41 43 44 44 45 43 46 44 35 46 46 44 35 47 46 36 48 21 46 36 22 33 33 49 39 38 38 37 39 34 34 50 51 42 40 50 50 42 52 50 41 42 42 50 45 42 53 45 45 43 53 54 45 53 53 44 45 55 53 35 35 47 46 48 48 47 56 36 36 38 33 49 49 38 57 39 39 34 52 51 51 52 52 58 59 60 52 50 59 61 52 59 59 61 61 54 59 61 53 54 62 61 63 54 54 55 55 54 35 47 47 64 48 56 56 36 48 65 57 49 66 38 57 49 39 57 57 58 51 60 57 58 51 60 58 58 59 60 60 58 62 60 63 62 62 61 63 63 62 55 63 64 62 55 63 64 64 47 56 64 48 67 56 64 68 65 69 49 66 65 69 70 66 69 69 71 51 72 69 71 71 73 74 71 75 73 73 71 75 73 76 75 75 73 76 77 75 76 76 78 79 55 76 78 78 67 80 78 68 67 56 78 68 65 65 66 66 72 69 70 81 72 72 70 81 72 74 81 81 72 74 71 81 74 74 77 75 73 74 77 77 82 76 77 79 82 82 77 79 82 80 79 79 82 80 78 79 67 67 68 68 65 83 84 66 83 83 70 70 85 83 86 81 87 83 86 88 87 87 86 86 87 89 86 90 87 91 92 90 91 91 90 90 93 91 94 90 82 91 94 95 80 80 94 94 67 96 94 68 84 84 84 84 85 84 70 88 85 83 88 88 85 85 86 88 85 89 92 88 87 89 92 92 89 89 92 90 93 89 92 95 93 91 95 95 93 93 94 95 93 80 96 95 96 96 96 96 

No.61r
3x4x10
01 01 01 02 01 03 02 02 03 02 04 03 05 06 01 05 03 03 05 05 05 02 04 07 08 06 01 05 04 03 04 04 07 02 04 07 08 06 09 06 06 09 10 06 09 07 07 07 08 08 08 10 08 11 10 09 09 10 10 10 12 12 12 12 11 11 12 13 09 13 13 13 14 14 14 12 15 11 15 15 11 13 15 11 16 17 14 17 17 14 18 17 19 13 15 20 16 17 14 18 18 18 18 19 19 18 15 20 16 17 19 16 16 19 16 20 19 20 20 20 
4x4x6
01 02 02 02 01 03 03 03 01 01 01 03 04 04 04 03 05 05 05 02 01 05 06 02 04 07 08 03 04 08 08 08 07 09 05 02 07 06 06 06 07 07 07 06 04 08 10 06 11 09 05 12 13 13 13 12 13 12 12 12 13 08 10 14 11 09 09 09 11 15 09 16 13 10 12 14 10 10 10 14 11 11 11 16 15 15 15 16 15 16 16 16 15 14 14 14 

No.62r
4x4x6
01 02 02 02 01 02 03 03 01 01 01 03 04 04 04 03 05 05 05 02 06 07 05 08 06 07 01 08 06 07 04 03 05 09 09 02 06 10 10 10 11 11 04 08 12 07 04 03 05 09 13 14 06 06 13 10 11 08 08 08 12 07 07 15 11 09 13 14 11 09 16 10 11 09 12 10 12 12 12 15 13 13 13 14 16 16 16 14 16 15 14 14 16 15 15 15 

No.72r
3x4x6
01 01 01 02 02 02 02 03 03 03 03 04 05 06 01 05 05 01 02 05 03 02 04 04 05 06 06 07 04 01 07 04 03 07 04 08 05 09 06 10 09 06 11 09 06 07 07 08 09 09 12 10 08 12 11 08 08 11 07 08 09 10 10 10 10 12 12 12 12 11 11 11 

No.77r
3x4x10
01 02 02 01 01 01 03 03 03 04 04 03 05 05 02 04 01 02 04 03 02 04 06 06 05 07 02 05 01 06 05 03 06 04 08 06 05 07 09 10 10 09 10 09 09 10 08 06 07 07 07 07 11 09 10 12 08 08 08 08 13 13 13 13 11 09 10 12 14 14 14 14 11 13 15 11 11 11 12 12 12 16 14 12 17 13 15 16 18 15 16 19 15 16 14 20 17 15 15 17 18 20 17 19 20 16 16 20 17 17 18 18 18 18 19 19 19 19 20 20 
4x4x6
01 02 02 02 01 03 02 04 05 03 02 06 03 03 03 06 01 01 01 02 07 04 04 04 05 05 05 08 03 06 06 06 01 09 09 04 07 07 07 04 05 08 08 08 05 10 10 06 11 09 12 12 07 09 10 08 07 09 10 08 13 13 10 14 11 09 12 15 11 13 12 14 11 13 12 14 16 13 10 14 11 11 12 15 16 15 15 15 16 16 16 15 16 13 14 14 

No.85r
4x4x6
01 01 01 02 03 01 02 02 03 03 04 02 03 04 04 04 03 05 01 01 03 06 07 08 09 10 11 02 04 04 12 02 05 05 07 08 06 06 07 08 09 10 11 11 09 10 12 12 06 05 07 07 06 05 08 08 09 09 12 11 10 10 12 11 13 13 07 14 06 05 08 14 15 09 12 11 15 10 16 16 15 13 13 13 15 15 13 14 15 16 14 14 16 16 16 14 

No.86r
2x8x9
01 02 01 01 01 03 03 03 04 04 04 05 05 05 06 05 02 02 02 01 03 01 03 04 03 04 05 04 05 06 06 06 07 02 02 08 08 08 09 08 10 11 10 10 10 06 06 12 07 07 08 07 08 09 09 09 11 11 11 10 12 10 12 12 07 13 13 07 14 09 09 14 15 11 11 15 12 16 16 12 13 13 13 17 14 17 14 14 15 15 18 15 18 16 16 16 19 13 17 19 17 17 17 14 15 18 18 18 20 18 16 20 19 19 21 19 21 22 22 22 23 23 23 24 20 24 20 20 19 21 21 21 22 21 22 23 22 23 24 23 24 24 24 20 

No.92r
2x6x6
01 02 02 02 02 03 02 04 05 05 05 06 01 01 01 02 05 03 05 04 05 06 06 06 07 01 03 08 03 03 09 04 04 04 06 10 07 01 08 08 03 08 09 09 09 04 06 10 07 07 11 07 11 08 11 09 10 12 10 10 11 07 11 11 12 08 12 09 12 12 10 12 

No.109r
4x10x21
01 01 02 02 01 03 02 04 03 03 04 04 03 05 05 06 07 05 08 08 07 07 09 08 10 09 09 11 12 12 11 11 12 13 11 14 13 13 14 14 15 01 16 02 01 15 04 02 01 15 04 06 03 03 05 06 07 07 05 17 18 09 08 08 10 09 11 11 10 12 19 14 13 12 19 14 13 20 14 19 15 15 16 16 21 15 04 02 21 21 06 06 22 22 06 17 22 07 05 17 18 09 08 23 18 10 23 23 10 10 24 24 13 12 19 24 20 20 19 19 21 25 25 16 21 25 16 16 26 21 27 27 26 22 17 17 22 26 17 23 22 18 28 23 18 18 23 28 29 29 24 28 20 20 30 24 20 30 30 24 31 31 25 25 31 25 32 32 33 33 32 27 26 33 27 27 26 26 27 34 35 29 28 28 29 29 36 28 29 37 36 36 37 37 30 38 30 30 38 38 39 31 40 40 39 31 40 32 33 39 32 41 33 42 32 34 43 43 44 34 35 43 44 44 35 37 45 36 46 37 47 36 37 48 38 47 48 48 38 47 49 49 50 40 39 31 40 41 39 39 40 41 33 42 34 34 43 42 34 44 43 35 45 44 35 35 45 36 46 48 47 47 46 48 38 47 48 51 52 52 49 53 50 50 49 49 41 41 54 49 41 55 42 54 54 55 42 42 55 44 43 56 45 45 56 57 57 45 56 46 52 57 46 46 52 52 51 51 58 52 59 53 53 50 59 59 50 50 54 59 60 60 54 54 60 55 61 61 55 55 56 56 62 62 56 63 57 57 63 63 64 57 51 51 64 64 51 58 58 64 59 59 53 65 66 53 53 65 66 66 65 60 67 67 62 60 61 67 62 62 61 61 68 62 63 61 68 68 63 69 70 70 69 58 58 70 69 58 64 64 66 71 72 72 66 71 71 65 73 66 65 65 73 74 74 60 67 67 74 74 75 75 68 68 63 75 75 76 69 69 70 76 69 77 77 70 78 78 77 70 79 71 71 72 79 79 72 72 73 73 72 80 81 73 73 74 67 81 81 74 75 82 82 68 75 76 76 82 83 78 76 76 78 78 84 84 78 77 77 84 79 79 71 85 86 86 85 85 86 87 80 80 81 87 88 88 81 81 87 88 89 90 82 82 89 89 90 82 83 83 90 91 92 92 91 91 92 77 84 84 93 79 85 85 93 86 80 80 86 93 80 94 86 87 88 94 89 87 87 88 89 90 90 88 95 89 90 91 95 83 96 91 83 83 91 96 92 92 84 96 97 97 85 98 93 97 98 98 93 93 94 94 99 94 94 100 101 101 102 100 103 101 102 102 103 95 95 104 95 95 96 96 105 105 106 96 105 92 106 106 97 107 98 98 107 97 108 109 107 97 109 109 99 99 100 100 101 100 100 102 101 103 103 102 103 103 104 104 110 110 106 111 110 112 106 111 105 105 111 106 107 107 98 109 107 108 108 109 99 99 109 113 114 99 113 113 114 114 113 102 101 115 116 116 115 115 104 116 115 110 104 104 110 112 112 111 110 105 111 111 117 108 108 118 117 108 118 118 114 117 113 113 114 119 120 120 119 114 120 121 119 122 116 121 122 122 121 116 115 115 123 116 124 124 112 123 124 112 112 123 125 125 118 118 117 125 126 127 117 117 128 128 119 119 128 120 119 129 130 120 122 131 132 121 122 133 121 121 133 133 123 123 134 135 136 123 124 124 136 136 125 137 118 127 137 125 126 127 137 125 126 128 138 138 130 128 129 129 130 120 122 131 132 132 133 131 139 139 133 135 136 140 134 135 136 140 134 124 140 136 137 137 127 127 137 138 127 126 138 138 126 126 138 130 130 128 129 130 132 132 129 129 131 132 133 131 131 139 135 135 139 139 135 134 139 140 134 134 140 140 
4x11x18
01 01 02 02 01 03 02 04 03 03 04 04 03 05 05 06 05 05 07 07 08 09 07 10 09 09 11 11 12 11 11 13 14 14 13 13 14 15 13 16 15 15 16 16 17 01 18 02 01 17 04 02 01 17 04 06 03 03 05 06 08 09 05 07 08 09 07 10 09 11 07 10 12 11 13 13 12 14 19 16 15 14 19 16 15 20 16 19 17 17 18 18 21 17 04 02 21 21 06 06 22 21 06 23 08 08 24 24 25 08 10 24 25 25 10 10 26 12 27 28 12 12 27 27 15 14 19 27 20 20 19 19 29 29 30 18 21 21 18 18 31 31 32 32 22 31 32 23 22 24 24 23 25 33 34 24 26 25 25 28 26 35 36 28 35 35 36 36 20 20 27 27 20 37 38 38 29 39 30 30 29 29 40 40 31 29 40 32 31 22 23 32 22 22 23 23 33 33 34 34 26 26 28 28 35 26 28 36 35 41 38 36 41 41 38 38 37 37 42 38 43 39 39 30 43 43 30 30 44 44 40 40 31 44 44 32 33 33 45 45 33 46 45 34 46 46 34 34 35 47 47 36 41 41 47 47 37 37 48 48 37 42 42 48 43 43 39 49 50 39 39 49 44 51 49 40 44 51 52 52 51 52 52 45 46 53 54 45 46 55 55 56 55 55 56 47 41 57 56 47 57 42 42 58 57 42 48 48 50 43 59 59 50 60 59 49 60 60 49 49 60 51 61 52 51 51 54 52 46 53 54 45 55 53 56 56 55 62 56 63 57 57 63 63 57 64 63 58 64 64 48 58 50 50 65 59 66 50 59 65 66 66 59 65 60 60 61 61 67 67 54 54 53 67 68 54 53 53 68 68 62 62 63 63 69 64 70 70 69 64 58 70 64 69 58 58 66 71 65 65 66 71 71 65 72 66 71 73 72 72 74 61 67 74 61 61 67 74 75 68 62 62 75 68 62 75 76 76 77 78 70 76 69 78 78 70 69 69 78 70 79 71 71 80 79 79 80 80 72 72 73 73 81 74 74 82 81 74 82 82 67 83 82 68 83 83 75 84 83 75 75 84 77 77 76 76 85 85 86 86 85 78 78 86 79 79 80 80 87 87 73 73 87 72 73 88 81 81 89 89 90 81 81 89 83 83 82 82 91 84 84 92 91 91 84 84 93 77 76 94 77 77 94 94 85 85 86 86 95 79 80 96 95 95 96 96 87 87 88 88 90 89 89 97 90 98 98 89 98 98 99 99 91 99 99 92 100 91 91 92 93 93 94 94 101 101 102 102 101 85 86 102 95 95 96 96 103 103 88 88 103 87 88 97 90 90 104 97 98 90 104 104 98 105 106 99 107 107 92 99 100 107 92 92 100 93 94 108 93 93 108 108 101 101 102 102 109 95 96 110 109 103 110 110 103 109 97 97 103 111 97 104 111 111 106 104 111 105 106 112 107 105 112 112 107 100 112 108 100 100 113 108 114 114 108 113 114 101 102 113 115 115 110 110 109 115 116 117 109 109 118 118 111 111 118 104 119 119 106 106 105 119 120 106 105 105 120 120 107 121 112 112 121 121 113 113 122 123 124 113 114 114 124 124 115 125 110 117 125 115 116 117 125 115 116 118 126 126 127 118 119 128 127 129 119 128 129 120 128 130 129 120 121 130 131 131 121 123 124 132 122 123 124 132 122 114 132 124 125 125 117 117 125 126 117 116 126 126 116 116 126 127 127 118 127 127 129 129 119 128 129 120 128 128 130 130 121 130 130 131 123 123 131 131 123 122 131 132 122 122 132 132 
6x8x11
01 01 02 02 03 03 01 04 02 03 03 05 04 04 06 06 05 05 04 07 07 06 08 09 10 07 11 08 08 12 13 13 11 11 12 12 13 14 14 15 12 16 14 14 15 15 16 16 17 01 18 02 02 03 01 17 02 18 05 03 01 17 06 18 05 09 04 04 06 08 08 09 10 07 07 11 12 12 10 13 19 11 20 16 14 13 19 15 20 16 14 15 15 19 16 20 17 17 18 18 21 21 22 17 23 18 05 21 22 22 23 23 09 09 24 24 06 08 09 25 24 10 07 11 25 25 10 10 26 26 27 27 28 13 19 26 20 27 28 28 19 19 20 20 29 29 23 21 21 30 22 29 23 30 30 21 31 22 22 23 32 25 31 24 33 33 34 25 24 31 35 35 25 34 24 36 26 27 27 34 28 37 37 26 38 27 37 28 28 26 38 38 29 39 39 40 40 30 29 39 33 40 30 30 41 41 33 33 32 32 31 41 41 33 34 34 31 31 35 42 42 34 36 36 35 35 42 42 37 37 43 35 44 38 37 43 43 44 44 38 45 45 39 46 40 40 29 39 45 40 46 47 48 39 41 49 46 32 48 48 41 49 32 32 36 36 50 42 51 51 36 52 50 42 44 51 53 52 43 54 44 38 43 43 52 44 54 54 55 45 45 46 46 47 55 55 45 56 46 47 48 48 56 56 49 49 57 57 56 49 49 58 57 50 50 59 58 58 50 50 59 59 51 51 53 52 59 54 60 60 53 52 52 54 54 60 55 61 61 62 47 47 61 55 55 62 47 63 64 48 62 63 63 58 64 57 56 56 65 58 57 64 59 59 58 65 57 66 66 67 51 65 66 53 67 60 60 68 53 53 67 68 68 60 61 61 69 69 70 70 61 71 69 62 70 63 72 72 62 62 63 63 64 72 73 74 65 65 64 64 75 76 77 65 66 66 67 67 77 77 66 78 67 79 80 68 78 78 79 79 68 68 81 82 82 69 83 70 81 71 69 82 70 83 72 71 69 74 70 83 72 73 73 74 84 84 85 85 75 76 76 77 86 78 75 79 80 77 86 78 87 79 80 88 78 86 79 87 87 88 81 81 82 82 83 83 71 81 81 82 84 83 71 71 74 74 84 84 72 73 74 76 76 84 85 73 73 75 76 77 85 85 75 75 80 80 86 85 87 88 88 80 86 86 87 87 88 88 

No.110r
2x7x12
01 02 01 01 03 01 03 03 04 03 04 04 05 04 02 02 01 02 06 01 03 06 04 03 05 04 05 05 02 07 02 07 06 08 06 06 09 06 10 05 10 05 07 11 07 07 08 08 09 08 09 09 12 10 10 10 11 11 07 11 08 13 08 09 12 09 12 12 14 10 11 15 11 15 13 13 16 13 16 12 14 12 14 14 15 15 15 17 13 17 13 16 16 16 18 14 18 14 15 19 17 17 17 20 21 20 21 16 22 18 18 18 19 19 17 19 20 20 20 21 21 21 22 22 22 18 19 23 19 23 20 24 24 24 24 21 25 22 25 22 23 23 23 26 26 27 27 24 24 28 28 25 25 25 23 26 26 26 26 27 27 27 27 28 28 28 28 25 
2x8x9
01 01 02 01 02 02 03 02 03 03 04 03 04 04 05 04 06 06 01 01 02 01 03 02 07 03 04 07 05 04 05 05 08 06 06 06 09 09 07 09 07 07 10 07 10 05 11 05 08 08 08 06 12 12 09 09 13 09 10 10 11 10 11 11 14 08 14 08 15 12 12 12 13 13 13 10 16 11 16 11 14 14 15 14 15 15 17 12 17 17 13 13 18 16 16 16 19 14 19 15 20 15 20 20 17 20 17 17 18 18 18 16 19 19 21 19 20 21 22 20 23 22 24 23 24 24 18 18 21 19 21 21 22 21 22 22 23 22 23 23 24 23 24 24 

No.118r
4x6x6
01 01 02 02 03 01 04 05 06 04 04 04 06 06 06 04 07 06 08 09 10 10 08 08 03 11 02 05 03 01 02 05 06 01 02 05 07 10 08 04 07 10 08 09 07 10 12 09 11 11 11 13 03 01 02 13 03 03 05 05 07 07 09 09 14 10 08 09 14 12 12 12 11 13 13 13 11 15 16 17 18 18 17 17 19 19 20 20 19 21 22 12 14 14 14 12 18 15 13 17 18 15 16 17 18 15 16 23 24 21 22 20 19 21 22 20 19 14 22 20 15 15 16 16 18 24 16 17 24 24 24 23 24 23 23 23 19 21 23 20 21 21 22 22 

No.121r
5x8x15
01 02 02 03 04 01 01 01 03 04 05 01 06 06 07 05 08 07 07 07 08 08 08 07 09 08 10 10 11 09 12 13 11 11 11 12 13 14 14 11 02 02 03 03 03 02 15 06 16 04 17 01 06 04 04 05 08 06 09 09 05 05 10 07 09 12 12 10 11 18 12 19 10 20 14 13 13 13 14 14 17 02 21 21 03 17 15 06 16 04 17 15 16 16 16 05 15 22 22 16 19 23 23 20 09 19 19 19 20 18 12 19 10 20 18 13 24 24 14 18 25 26 26 21 21 17 17 26 26 21 15 15 26 27 28 23 29 29 22 22 23 23 30 30 22 31 32 33 20 20 24 33 33 18 18 24 24 33 33 34 25 25 25 21 28 35 35 36 26 28 37 37 27 27 28 29 29 27 22 30 29 23 32 30 30 31 32 32 38 38 31 33 39 40 40 31 24 34 34 34 35 25 36 36 41 35 25 36 28 28 35 37 37 27 27 42 29 37 43 44 45 46 38 30 47 32 32 38 38 40 31 31 39 34 40 48 39 39 34 40 35 49 41 41 41 42 49 36 50 50 42 37 36 44 44 42 43 43 43 44 45 46 46 46 47 45 45 39 38 47 51 51 39 52 47 48 48 48 52 40 49 49 49 41 50 53 53 54 41 50 42 42 43 55 50 45 56 43 57 44 45 56 46 57 44 51 58 46 47 47 51 48 59 60 60 51 48 52 52 52 53 54 49 61 62 53 54 54 61 62 53 55 55 55 50 63 63 57 57 57 56 56 56 64 64 51 58 58 58 60 65 66 59 59 60 65 66 52 59 60 67 68 61 61 61 67 68 54 54 62 53 63 55 62 62 69 63 55 64 57 56 63 58 64 70 65 65 58 64 60 65 59 59 71 72 66 66 66 71 72 68 68 68 73 61 67 74 74 73 62 67 67 75 75 70 69 76 76 64 70 69 63 77 77 70 69 78 78 72 72 65 79 80 80 72 66 79 71 71 71 68 74 73 73 73 67 74 75 81 81 76 74 75 82 82 76 76 75 70 70 69 69 78 77 77 83 83 78 80 77 84 84 78 80 72 79 79 79 80 71 85 74 73 86 81 87 88 89 82 81 88 88 88 82 81 88 76 75 82 90 91 83 78 77 92 84 83 92 92 92 84 83 93 92 94 84 95 79 80 96 85 85 85 86 86 87 88 89 82 86 87 87 89 97 81 91 91 89 98 90 91 99 93 90 90 84 100 93 94 94 95 83 93 92 94 95 95 96 96 96 87 85 86 86 97 87 85 97 97 97 99 89 89 97 90 99 99 99 98 90 91 99 98 98 98 91 100 93 93 98 100 100 100 96 94 100 95 95 96 94 
6x8x10
01 02 03 04 04 05 01 02 03 03 04 04 06 03 03 07 04 08 06 06 06 09 10 08 11 06 12 10 10 10 11 13 14 15 15 10 13 13 15 15 16 17 18 13 13 15 16 17 02 02 02 05 05 05 01 19 19 03 07 04 01 01 12 07 07 20 11 11 12 09 10 08 11 06 12 09 08 08 21 14 14 09 17 17 13 14 15 22 22 17 18 18 18 16 16 16 02 19 23 24 05 20 01 19 23 24 05 20 25 19 07 07 26 20 25 27 12 12 26 08 11 28 09 09 29 30 21 28 14 14 22 30 21 18 31 32 22 17 21 18 31 32 22 16 33 19 24 24 24 34 27 23 23 23 20 20 27 27 27 26 26 26 25 27 35 36 30 30 25 25 37 38 29 30 28 28 28 29 29 29 21 21 32 32 32 29 39 31 31 31 22 40 33 41 24 34 34 34 33 41 35 23 42 42 33 43 35 44 44 26 25 43 35 36 36 36 37 37 37 38 45 30 28 46 46 38 45 40 47 47 32 38 48 40 39 39 39 31 48 40 41 41 41 49 34 42 33 33 50 44 34 42 51 35 35 44 36 42 43 43 43 44 36 52 53 37 46 45 45 45 47 37 46 38 38 54 47 39 46 55 40 40 47 39 56 48 48 48 41 49 49 49 57 42 58 58 50 50 50 59 51 51 51 59 59 59 53 53 43 44 59 52 53 60 46 45 52 52 60 60 60 54 54 54 60 55 55 55 61 61 47 62 56 56 56 48 58 63 49 50 57 64 58 63 49 50 57 65 58 51 66 66 57 52 67 51 68 68 59 52 53 60 69 69 54 70 53 62 71 71 54 61 72 62 55 56 73 61 74 62 55 56 73 61 63 63 63 64 64 64 75 66 76 57 57 65 58 66 66 68 65 65 67 77 69 68 70 70 67 67 69 68 78 70 72 72 69 71 71 61 72 62 62 79 71 80 74 74 74 73 73 73 63 75 75 76 64 65 75 75 76 76 64 65 67 75 66 76 76 78 67 77 69 78 78 78 77 77 77 68 78 70 77 79 79 71 80 70 72 74 79 79 80 80 72 74 79 80 80 73 

No.122r
6x6x28
01 02 02 03 04 04 01 01 01 04 04 05 06 01 07 08 04 05 09 10 07 08 11 12 09 10 10 11 11 11 10 10 13 14 14 11 02 02 03 03 03 05 06 06 01 08 03 05 06 15 15 08 04 12 06 10 07 16 16 12 09 13 07 11 12 12 09 13 13 13 14 14 17 02 03 18 19 19 20 02 15 18 05 05 21 21 15 08 08 12 06 07 07 16 22 22 09 09 23 16 14 24 25 25 23 13 14 26 17 17 17 19 19 27 20 21 17 18 18 27 20 21 15 16 24 24 20 20 15 16 22 24 28 23 23 26 22 24 28 25 25 26 26 26 29 17 30 30 19 31 32 32 18 18 19 27 20 21 33 34 22 27 28 21 33 34 22 24 28 25 23 23 35 35 36 25 37 37 26 38 29 30 30 31 31 31 29 32 32 31 27 27 29 29 33 33 39 39 40 40 34 34 38 38 28 28 36 35 35 38 36 36 36 37 37 38 41 32 30 42 31 43 29 32 30 43 43 43 40 33 33 44 43 39 40 45 46 34 34 39 45 45 45 37 35 38 45 36 47 37 35 48 41 49 42 42 42 50 41 46 46 43 42 39 41 41 46 44 51 39 40 52 46 44 48 48 40 47 45 44 44 48 53 47 47 47 54 48 55 49 42 50 50 50 41 49 49 50 56 51 49 49 46 51 51 51 52 52 52 44 54 54 52 57 53 54 54 48 53 53 53 47 54 58 55 55 55 59 50 56 60 61 55 56 56 56 61 61 61 51 62 63 61 64 52 63 63 63 57 57 57 58 63 65 57 53 66 58 58 58 60 55 59 59 59 67 60 68 69 56 59 62 60 60 61 62 62 62 64 64 64 63 65 65 64 66 57 70 71 65 72 66 66 66 58 65 60 68 59 73 69 67 74 68 69 69 69 67 68 68 75 62 67 67 72 72 64 76 71 71 72 70 70 70 71 77 72 70 78 66 71 65 74 68 73 73 73 79 74 80 75 69 73 67 74 74 75 76 76 81 82 75 75 76 77 77 72 78 70 76 83 77 84 78 78 78 71 77 74 80 73 79 79 79 85 80 75 79 81 86 80 80 82 81 81 81 82 82 82 81 83 83 87 82 84 76 83 88 84 84 84 78 83 77 85 80 89 86 79 90 85 89 89 86 86 86 85 85 89 89 91 92 93 94 95 95 88 88 87 87 87 95 95 88 96 84 87 95 83 88 85 97 89 90 90 90 93 93 91 90 86 98 93 99 91 91 91 92 93 94 94 94 100 92 101 87 96 94 92 92 96 96 96 95 102 88 97 97 97 98 90 103 99 99 97 98 98 98 93 99 104 91 100 105 106 99 94 107 100 92 101 101 101 102 100 100 108 96 101 102 102 102 97 104 104 103 103 103 106 106 104 103 98 109 106 110 104 111 100 105 106 99 112 107 113 105 114 101 108 107 105 105 108 108 108 107 107 102 110 110 111 111 103 109 115 110 104 111 111 109 106 110 116 111 109 109 114 114 112 117 113 105 114 112 112 107 113 118 114 108 112 112 113 113 115 116 116 119 120 109 115 110 116 119 119 119 115 115 116 121 119 122 123 124 125 117 118 118 124 124 124 117 113 118 114 126 124 117 117 118 115 127 127 120 120 120 123 123 116 120 121 119 123 128 121 121 121 122 123 125 125 125 129 122 124 125 126 117 122 122 126 126 126 130 130 118 128 128 127 127 131 120 132 128 128 133 134 134 123 128 121 133 135 135 136 136 137 125 129 122 138 138 137 129 129 139 126 140 130 130 129 129 132 141 127 131 131 131 132 141 127 131 134 135 132 132 137 133 134 135 136 138 137 133 139 139 136 138 140 130 142 139 140 140 140 130 142 139 132 141 141 143 134 131 144 144 145 145 134 146 136 147 133 133 148 135 136 147 137 137 148 135 149 138 150 150 151 151 140 138 152 142 142 139 141 141 143 143 143 146 144 147 143 145 145 146 144 147 153 154 146 146 149 149 153 154 148 151 149 150 150 152 148 151 149 152 152 152 142 142 144 155 156 145 143 146 144 155 153 145 157 157 147 147 153 158 158 159 160 161 161 154 148 148 162 162 150 154 163 151 149 152 150 164 163 151 155 155 156 156 156 157 160 160 165 158 156 157 160 153 153 158 166 159 160 167 161 154 154 159 162 164 161 168 159 159 162 164 164 164 163 163 165 155 155 156 166 166 165 165 165 166 166 157 160 165 161 158 166 157 162 167 161 158 168 159 162 167 167 168 168 168 167 167 164 163 163 168 
6x8x14
01 02 03 03 04 05 02 02 02 06 04 04 02 07 07 04 04 08 07 07 09 09 10 08 11 07 12 12 10 10 11 13 13 10 10 14 13 13 15 14 14 14 16 13 17 17 14 18 01 03 03 06 04 05 01 19 02 06 20 05 01 01 06 06 05 05 11 21 12 09 10 08 11 07 12 09 22 08 16 16 15 15 18 18 16 23 15 14 24 18 16 13 15 17 17 18 25 19 03 06 20 20 01 19 03 26 20 05 21 19 19 09 20 27 21 21 21 09 08 08 11 11 12 22 22 22 28 23 12 24 24 22 16 23 29 17 24 18 23 23 15 17 24 30 25 19 31 31 32 26 25 31 31 26 26 26 25 25 31 33 20 27 28 28 21 34 34 27 28 35 35 22 27 27 28 23 36 37 30 30 29 29 29 37 37 30 29 38 37 37 24 30 39 39 40 32 32 32 25 39 39 32 26 33 41 39 31 33 33 33 41 42 35 34 33 27 28 36 35 34 43 44 36 36 36 37 45 44 36 29 38 45 45 30 38 38 38 46 45 45 47 48 40 40 40 32 41 48 48 48 40 49 41 39 48 34 50 49 42 42 42 34 50 43 42 51 35 43 43 43 52 51 35 53 45 44 52 46 53 53 53 44 38 46 46 46 53 54 47 47 47 40 55 49 56 56 47 48 57 49 41 41 58 57 57 57 59 59 42 50 50 57 60 51 51 43 61 61 60 60 60 62 44 44 52 60 53 54 63 63 52 64 46 54 54 54 56 47 65 55 55 55 56 58 66 55 49 49 58 58 58 57 67 67 58 59 59 68 50 50 51 51 69 61 61 62 70 70 60 62 62 62 52 52 64 71 62 63 64 64 64 72 54 63 73 65 65 65 66 55 56 65 66 66 66 67 56 59 74 66 75 67 69 59 74 68 68 68 69 69 69 76 61 68 70 77 71 76 61 63 70 71 71 71 72 63 64 71 72 72 72 78 73 73 73 65 75 75 79 80 73 75 75 81 79 79 79 82 75 67 83 79 74 74 68 67 70 69 76 76 84 85 70 77 86 84 84 84 87 77 77 78 88 84 77 77 72 78 78 78 80 73 82 82 89 81 80 80 80 82 82 81 83 90 79 82 81 81 83 74 74 91 85 85 83 83 92 76 76 85 87 87 86 84 93 85 87 86 86 88 88 88 87 94 86 86 78 88 90 90 95 96 89 81 97 90 80 96 89 98 83 90 99 89 89 91 100 100 99 91 91 91 92 92 92 101 102 102 92 94 94 101 93 85 103 94 104 88 93 105 87 94 104 106 93 93 97 107 95 96 96 98 97 90 95 108 89 98 97 97 95 95 98 98 100 109 99 101 91 102 100 92 99 101 110 102 103 103 106 106 105 105 103 94 111 106 93 105 103 104 104 106 112 105 97 107 96 96 108 98 107 107 95 108 108 108 100 107 107 110 110 108 100 109 99 99 110 110 109 109 101 101 110 102 111 109 109 112 112 102 111 111 111 106 112 112 103 111 104 104 112 105 
6x10x10
01 02 02 03 03 04 01 01 01 04 04 04 05 01 06 07 04 08 05 05 05 07 07 07 09 05 10 10 07 11 09 12 13 13 14 11 12 12 12 14 14 14 15 16 12 17 18 14 16 16 16 18 18 18 16 19 19 20 20 18 02 02 03 03 08 08 21 21 01 04 06 08 22 22 06 06 06 08 09 23 05 10 24 07 09 23 23 10 25 25 23 23 13 25 25 11 12 26 13 14 25 11 15 17 17 17 27 27 15 17 16 18 28 28 15 15 19 19 20 20 21 02 29 03 30 31 21 02 29 03 30 08 32 22 22 06 33 33 32 23 34 24 24 24 09 09 13 10 35 24 26 36 13 10 11 11 26 26 26 37 25 38 39 39 17 27 27 38 15 40 19 41 20 28 42 40 19 41 20 28 43 29 29 31 31 31 21 34 34 31 30 30 21 22 34 34 44 33 32 22 34 24 35 33 32 36 36 45 35 46 47 36 48 35 35 38 39 36 26 37 27 38 39 49 37 37 27 28 40 40 42 37 37 28 42 42 42 41 41 50 43 51 29 29 31 52 43 53 44 30 30 33 43 43 44 44 44 33 32 32 45 45 35 46 47 47 48 45 54 46 47 55 48 45 46 46 47 36 48 48 38 38 39 49 49 49 50 50 39 40 40 49 56 50 57 42 41 41 58 50 51 51 51 52 52 52 43 53 51 52 59 60 53 53 61 44 59 59 62 53 53 59 59 46 55 63 48 54 54 54 55 55 55 45 64 54 47 65 65 56 56 66 65 65 49 67 56 56 68 65 57 58 56 50 57 57 57 58 58 58 51 61 61 69 52 60 62 62 61 61 59 60 62 70 61 71 60 60 62 72 63 71 71 71 63 63 63 54 71 73 74 75 55 64 64 64 75 75 75 64 76 66 68 68 75 67 77 66 68 65 67 67 66 66 68 57 78 67 67 58 70 70 79 69 80 60 81 70 79 69 69 82 62 70 69 69 83 82 72 72 72 73 83 71 63 74 72 73 73 73 74 74 74 76 73 64 75 84 74 76 76 76 85 84 78 78 77 66 85 78 78 86 77 87 68 88 78 86 77 77 81 79 79 80 80 80 81 70 89 80 90 91 81 81 90 90 90 82 72 92 93 90 83 82 92 92 92 94 83 95 92 84 96 95 95 95 85 84 97 98 95 76 85 97 97 97 87 87 99 97 88 100 77 87 88 88 88 86 86 87 81 89 79 79 91 80 89 89 89 91 91 91 89 93 90 91 82 82 93 93 93 83 83 94 93 96 92 94 94 94 96 96 96 95 94 98 96 84 84 98 98 98 85 85 99 97 98 100 99 99 99 100 100 100 88 99 86 86 100 87 

No.124r
3x6x8
01 01 02 03 02 02 02 02 04 05 06 06 06 06 07 06 08 08 03 01 01 03 03 01 05 02 04 05 06 04 08 07 07 08 08 07 09 09 01 05 03 03 05 05 10 11 04 04 07 07 04 08 12 12 13 09 09 10 10 09 11 10 10 11 11 10 12 11 11 12 12 14 13 13 09 13 15 15 15 15 16 15 16 16 16 16 14 12 14 14 17 13 13 18 18 19 15 19 19 20 20 16 20 21 21 14 14 22 17 17 18 17 18 18 20 23 19 20 24 19 21 21 22 21 22 22 23 17 17 23 23 18 20 23 23 24 24 19 21 24 24 22 22 24 

No.131r
4x12x12
01 02 03 04 02 02 03 03 02 05 06 03 05 05 06 06 05 07 08 06 07 07 08 09 07 10 09 09 11 10 09 12 11 11 12 12 13 11 12 14 13 13 14 14 15 13 14 16 01 17 04 04 01 05 06 18 02 05 06 03 02 19 20 03 10 21 20 09 10 10 08 09 07 10 08 08 07 22 23 08 13 22 24 14 13 11 12 14 25 11 12 16 15 15 26 16 17 17 04 18 01 01 04 18 27 27 28 29 19 19 28 28 21 21 20 28 22 30 20 20 22 22 31 20 32 22 23 23 32 32 24 24 33 32 34 34 25 15 16 16 25 15 26 26 17 35 18 18 17 01 04 29 19 27 27 29 19 36 27 27 21 30 37 28 21 30 37 28 32 38 31 23 32 38 31 23 34 34 39 24 33 34 34 24 33 15 16 26 25 25 40 26 35 35 18 41 17 42 29 29 19 36 43 37 44 36 37 37 30 30 37 45 21 46 47 45 48 46 47 23 48 38 31 31 38 38 39 49 38 50 39 24 33 33 51 26 52 25 40 40 35 42 41 41 35 42 29 53 36 36 43 54 44 44 43 47 30 48 47 47 48 48 47 45 48 46 45 45 46 46 45 31 46 50 49 49 55 50 39 39 56 33 51 40 52 52 51 40 42 42 41 53 35 57 41 53 36 44 54 54 58 44 43 43 58 58 59 60 61 58 59 59 61 61 62 59 63 61 62 62 50 50 49 62 55 55 49 39 56 52 64 40 56 52 51 51 42 65 53 53 57 57 41 66 67 44 54 68 67 67 54 43 61 67 60 60 61 58 62 69 70 58 62 59 63 63 71 59 50 55 71 71 72 55 49 71 73 52 64 64 56 56 74 51 65 65 53 66 57 75 76 66 57 77 77 68 77 77 54 68 78 67 60 69 78 67 60 69 70 63 71 79 70 63 71 79 72 55 80 80 72 80 80 64 73 81 82 64 73 56 74 74 65 75 66 66 65 75 76 76 57 78 77 77 78 78 68 68 78 83 69 69 83 83 60 84 83 63 84 84 70 70 84 79 72 72 79 79 80 80 79 64 81 81 82 74 73 73 82 74 75 75 66 76 65 85 86 76 85 85 86 87 85 88 68 87 89 88 69 84 89 90 91 84 83 90 91 92 83 70 93 92 94 72 93 95 94 96 95 95 81 96 95 74 81 73 82 82 75 85 87 76 88 85 87 87 88 88 86 87 90 88 86 86 90 90 92 86 89 90 92 92 89 89 91 92 96 89 91 91 96 96 93 91 94 96 93 93 94 94 95 93 81 94 95 82 

No.132r
6x7x36
01 01 02 03 03 04 05 01 01 06 04 04 07 07 06 06 04 08 09 07 06 10 11 08 09 12 10 10 11 11 12 12 10 13 13 14 12 15 15 16 13 13 05 05 02 02 03 03 05 17 01 06 06 03 09 09 01 04 04 18 09 07 07 11 11 08 19 12 12 13 08 08 15 10 10 13 20 14 15 15 16 16 14 14 21 05 05 02 22 22 17 17 23 02 02 03 17 09 24 25 25 18 19 19 07 11 18 18 19 26 26 27 08 20 15 16 16 28 20 20 29 29 16 14 14 30 21 23 23 22 22 25 21 21 23 22 25 25 17 31 24 24 25 32 17 19 19 18 18 20 33 26 27 27 34 20 26 26 29 28 30 30 26 29 29 28 28 30 23 23 35 35 36 36 31 21 21 22 37 37 31 31 38 24 37 32 33 27 27 24 24 32 33 39 27 40 34 34 39 39 29 30 30 34 41 41 42 42 28 28 31 35 35 36 36 37 31 35 43 36 44 37 45 33 38 38 44 44 33 33 40 38 32 32 46 46 40 40 32 47 39 46 41 48 42 34 39 41 41 42 42 34 49 43 43 50 50 37 49 35 43 36 51 51 45 45 40 51 51 44 46 45 40 38 47 44 46 52 52 38 47 47 52 52 41 48 42 53 39 54 54 48 48 53 43 43 50 50 55 51 49 49 50 55 55 51 56 49 49 57 47 58 46 45 59 57 47 44 60 45 59 53 53 61 52 62 62 54 53 53 52 62 54 54 48 48 63 64 64 65 55 55 66 66 50 65 65 58 56 67 59 59 65 58 56 56 59 57 61 61 60 68 57 57 69 61 60 68 68 54 70 70 62 62 68 71 71 72 63 63 64 64 58 55 67 66 66 64 58 58 67 67 66 59 65 65 73 56 56 61 61 74 68 68 57 70 69 69 60 60 71 70 70 69 62 60 71 71 72 72 67 63 75 75 76 76 67 63 63 64 77 77 78 78 66 79 77 74 73 78 78 80 80 74 73 81 82 70 80 80 81 81 71 72 72 69 83 83 84 84 72 69 85 75 75 76 76 77 78 75 86 76 74 77 78 87 87 79 74 74 87 87 82 79 88 88 73 73 82 88 88 80 81 73 83 89 84 80 81 83 83 84 84 90 85 86 86 91 91 77 85 75 86 76 92 92 93 82 94 92 92 88 87 82 82 79 79 88 87 95 95 96 79 97 95 95 83 89 84 90 81 98 98 89 89 90 86 86 91 91 99 92 85 85 91 99 99 92 93 85 94 94 100 100 93 101 101 100 100 97 101 101 96 96 90 97 95 102 102 98 90 90 95 102 98 98 89 89 103 103 104 104 99 99 105 105 91 94 94 106 107 105 101 94 97 106 93 93 101 100 97 97 108 93 96 100 109 110 108 96 96 98 109 109 102 102 111 111 112 112 105 103 103 104 104 99 105 107 103 113 104 114 107 107 115 113 116 106 108 108 115 117 106 106 108 118 119 117 110 110 120 111 119 112 110 109 102 111 111 112 112 109 105 107 113 113 114 114 121 107 103 113 104 114 122 122 117 117 116 116 118 108 115 117 106 116 118 118 115 115 123 123 120 111 119 112 110 124 120 120 119 119 110 109 121 121 113 114 114 125 121 126 126 127 127 125 118 122 117 123 127 127 118 122 122 123 123 116 128 128 122 115 123 116 129 128 128 130 130 124 129 120 120 119 124 124 126 121 121 127 131 131 126 126 132 127 125 125 133 133 132 125 125 134 135 133 133 136 136 134 135 129 129 137 136 136 129 129 128 137 130 130 138 138 128 124 124 130 126 139 140 131 131 141 133 140 140 131 134 134 133 132 132 142 142 134 132 132 143 144 137 137 135 145 145 137 137 136 135 135 138 146 146 136 147 138 138 146 148 130 139 139 140 140 141 141 139 149 149 131 134 142 149 149 144 144 142 142 150 150 143 144 151 151 145 145 143 143 152 152 145 135 138 152 152 148 147 147 146 146 148 148 153 153 149 140 141 154 139 155 149 141 141 142 139 144 144 151 156 157 158 150 150 151 151 157 158 159 150 143 143 148 145 147 147 152 160 148 161 147 146 152 162 162 163 153 153 164 154 154 155 155 153 164 164 156 155 158 158 151 156 156 158 158 165 166 157 157 159 159 150 157 157 160 159 167 167 162 160 160 161 161 167 162 162 168 163 163 164 164 154 156 169 169 153 154 154 156 155 169 166 166 170 170 155 171 165 166 172 160 173 173 165 165 174 160 159 161 161 162 174 174 159 161 167 167 168 168 169 163 164 175 176 176 169 163 163 176 176 177 171 166 166 170 170 177 171 171 173 170 172 172 178 173 173 165 165 172 178 179 179 168 168 174 179 179 180 167 168 174 169 181 175 175 177 177 171 181 181 176 182 177 171 183 183 176 182 182 184 184 173 170 185 185 186 186 179 187 187 172 178 186 179 188 188 172 178 178 180 180 188 174 181 181 175 189 177 190 183 175 175 191 190 190 183 183 184 191 190 182 186 184 184 185 185 182 186 192 193 185 187 187 192 192 193 180 180 187 192 178 194 180 188 188 181 195 189 189 191 191 183 195 195 191 191 196 197 197 184 190 190 196 186 197 197 198 198 182 199 192 192 185 198 198 199 193 193 200 200 187 193 193 194 194 200 188 195 195 189 201 201 202 197 189 189 203 202 202 197 204 204 203 202 196 199 199 205 206 196 196 199 207 208 209 209 198 207 207 208 194 194 198 207 210 210 194 200 200 195 211 203 203 201 201 204 211 211 203 212 201 204 204 205 202 202 213 214 199 205 206 196 213 214 207 207 206 209 209 210 215 208 216 216 209 210 210 208 208 216 200 211 211 203 212 212 217 204 218 218 205 212 201 214 214 205 205 219 219 214 220 220 221 221 213 222 222 206 206 213 213 210 215 206 223 223 209 224 215 215 208 216 216 211 225 212 212 226 217 218 218 227 226 226 217 218 214 227 219 219 221 220 220 222 219 221 221 220 222 222 228 213 223 224 229 229 228 223 223 224 229 215 215 230 216 225 225 227 227 226 226 225 231 227 232 217 217 218 233 233 232 217 221 233 233 222 219 234 234 220 224 235 234 234 223 224 224 235 228 236 230 229 229 228 228 230 230 237 231 231 227 238 226 225 231 239 238 238 240 225 241 232 232 242 234 233 232 232 235 235 234 233 243 235 235 244 230 245 246 246 247 236 230 229 246 228 236 236 248 237 237 231 231 238 238 241 237 239 249 240 240 241 241 239 249 242 242 243 250 250 251 251 242 243 243 252 247 244 244 245 245 252 247 248 244 246 246 236 236 248 248 241 249 249 240 240 238 241 237 249 249 240 251 243 237 239 239 251 251 243 250 247 239 251 242 250 250 247 247 248 242 250 245 252 252 248 244 246 245 245 252 252 244 
6x8x8
01 02 03 04 05 06 02 02 03 05 05 06 02 07 07 08 08 09 07 07 08 08 09 09 10 10 11 11 12 12 10 11 11 12 12 13 14 15 15 16 13 13 14 15 17 16 13 18 01 02 02 04 05 05 01 19 03 04 20 06 19 19 03 03 06 06 07 10 08 11 09 12 07 10 08 11 09 12 14 14 16 16 21 21 14 22 17 16 21 18 15 15 17 13 13 18 23 24 24 25 25 05 01 01 04 04 20 20 19 01 04 03 06 20 19 10 26 27 28 28 29 29 26 27 09 21 22 14 16 17 18 21 22 22 17 17 18 18 15 30 30 31 31 32 23 23 24 24 25 25 33 23 34 24 35 25 26 26 36 28 35 20 19 26 26 28 28 20 22 29 29 27 27 21 22 37 29 38 27 27 30 37 31 39 32 40 30 30 31 31 32 32 33 33 34 34 35 35 33 23 34 24 35 25 41 23 36 28 42 42 41 36 36 42 42 43 44 45 45 38 38 46 45 45 29 38 32 46 30 37 31 39 32 40 37 37 39 39 40 40 47 33 33 34 34 35 41 41 48 48 49 49 41 50 51 48 49 43 36 36 45 42 52 43 44 53 45 42 38 38 44 54 55 56 57 46 54 54 55 55 46 46 37 39 39 40 40 58 47 47 48 59 59 49 50 41 48 51 43 49 50 50 51 51 43 43 60 53 61 62 52 63 60 53 61 62 52 63 44 44 56 56 57 57 54 44 56 55 46 57 54 64 64 55 58 58 50 47 48 51 59 49 50 47 47 51 59 59 53 62 62 63 63 59 53 53 62 62 63 63 60 60 61 61 52 52 64 60 60 61 61 52 64 64 56 58 58 57 54 64 56 55 58 57 

No.133r
3x4x6
01 02 02 03 02 04 03 03 03 05 05 03 01 01 01 06 02 04 04 04 04 04 05 03 07 07 01 06 02 01 06 02 05 06 05 05 07 08 08 07 09 08 07 09 10 06 06 10 11 08 12 11 11 11 07 09 11 10 10 10 08 08 12 12 12 12 12 09 11 10 09 09 

No.134r
6x6x10
01 02 03 03 04 04 01 01 01 03 04 05 06 06 01 04 04 07 06 08 08 09 07 07 10 08 11 09 09 09 08 08 11 11 12 09 02 02 13 03 04 05 01 02 13 05 05 05 06 02 02 05 14 14 15 15 10 12 12 07 10 10 10 16 12 09 10 08 11 16 12 12 17 17 18 03 03 19 06 17 13 19 19 19 06 17 17 19 14 20 21 15 22 23 23 07 22 22 22 16 23 07 22 11 11 24 23 23 18 18 18 25 20 20 18 13 13 19 14 20 26 17 13 14 14 20 21 15 15 16 23 27 21 15 22 16 16 24 21 21 28 24 24 24 18 25 25 25 29 20 30 25 31 32 27 27 26 33 31 31 31 27 26 33 33 33 31 27 26 26 34 33 28 35 21 36 28 28 28 24 37 25 29 29 29 38 30 30 32 32 29 27 30 34 34 32 31 35 30 33 34 32 32 35 26 36 34 34 35 35 39 36 36 36 28 40 37 37 29 38 38 38 37 41 42 43 43 38 37 41 41 43 44 35 30 45 46 47 47 40 39 46 46 48 47 40 39 39 39 36 40 40 42 49 49 38 44 44 42 42 42 43 44 50 37 41 42 44 44 50 51 45 45 48 47 40 51 45 46 48 48 48 45 45 39 52 52 48 53 54 49 43 55 55 53 53 53 43 55 56 41 41 53 55 55 50 51 57 57 58 47 47 59 57 46 58 58 58 57 57 46 52 60 58 54 54 49 49 55 56 53 54 49 56 56 56 51 54 54 56 50 50 51 51 59 60 60 50 59 59 59 52 60 58 59 57 52 52 60 60 

No.136r
2x8x9
01 02 02 02 02 03 03 03 03 04 05 06 05 05 07 05 01 01 01 02 01 04 03 04 04 04 07 06 07 05 07 07 08 01 09 02 09 09 03 09 04 06 06 06 06 05 10 07 08 08 08 11 08 09 12 13 12 12 10 12 10 14 10 10 15 08 11 11 11 09 11 13 12 14 16 14 14 14 17 10 15 15 11 15 13 15 13 13 12 13 16 17 14 17 17 17 18 15 19 20 20 20 20 21 16 22 16 16 23 16 24 17 18 18 19 18 20 18 21 21 21 22 21 24 23 24 24 24 19 18 19 19 20 19 21 22 22 22 22 23 23 23 23 24 

No.138r
6x8x16
01 02 02 03 04 05 01 03 03 03 04 05 06 06 06 04 04 07 06 08 08 07 07 07 09 09 09 10 10 11 09 12 12 11 11 11 13 12 14 14 14 15 13 12 14 16 16 15 17 17 02 18 04 04 01 03 06 05 05 05 19 03 06 05 10 10 20 08 09 07 10 21 20 08 09 07 10 21 08 08 13 11 14 22 13 13 13 11 14 15 12 12 23 16 24 24 25 17 02 18 18 18 01 01 02 02 26 18 19 01 27 21 26 28 19 19 19 21 21 21 20 20 20 22 22 22 29 30 20 31 15 22 23 30 16 16 15 15 23 23 23 16 24 32 25 17 33 27 34 34 25 17 17 27 26 18 25 25 27 27 35 28 29 29 19 36 35 28 29 37 38 22 28 28 29 37 31 31 32 32 23 30 31 24 24 32 39 39 31 40 24 32 33 33 33 27 34 26 33 41 36 42 26 26 43 25 36 42 35 44 43 29 36 36 44 44 45 45 38 38 28 46 45 37 47 38 32 46 30 30 47 38 48 40 30 39 31 40 40 40 49 41 41 41 34 50 33 41 36 34 34 35 43 42 42 42 35 35 51 42 52 52 44 53 51 45 54 54 47 53 37 37 47 47 47 46 37 39 39 38 48 40 55 39 48 48 48 56 49 49 49 41 57 50 58 43 49 50 50 50 43 43 59 54 54 60 51 45 52 54 44 60 61 45 52 54 44 53 61 52 52 62 46 46 55 55 55 56 46 63 55 64 48 56 56 56 58 58 58 65 57 57 58 66 49 50 59 57 67 51 59 59 59 57 51 51 61 60 60 60 61 61 61 60 53 53 64 62 62 62 53 68 64 62 55 56 69 63 64 64 70 63 63 63 67 67 58 65 65 65 67 66 71 72 59 65 67 66 66 66 73 57 74 74 74 75 73 73 76 76 74 75 75 75 64 76 69 69 69 68 70 62 77 78 69 68 70 70 70 63 68 68 71 67 79 72 72 72 71 71 71 72 80 65 74 81 81 66 80 80 74 82 81 83 84 73 76 82 81 83 84 75 85 85 69 83 83 75 70 85 77 78 78 78 77 77 77 86 68 78 71 87 79 79 79 72 88 87 87 89 79 90 88 88 91 91 91 80 76 82 83 83 91 73 76 92 81 81 84 73 85 92 92 92 93 93 94 86 95 96 96 93 77 86 86 86 96 78 97 87 98 90 90 90 97 97 91 89 79 90 82 88 91 89 99 80 82 82 89 89 100 80 85 101 95 95 84 84 85 102 95 92 93 84 94 86 95 92 103 103 94 94 94 104 96 103 87 87 98 90 105 99 106 97 98 105 105 99 101 88 98 98 99 99 101 88 89 107 100 100 101 101 108 95 93 100 102 102 104 104 93 100 102 109 109 104 103 110 102 109 94 104 96 96 106 106 106 111 105 99 106 97 111 111 112 112 101 97 113 98 112 107 113 113 113 107 107 107 108 108 108 114 114 114 108 115 104 114 103 100 115 115 116 116 103 110 102 109 116 110 110 110 117 117 106 111 105 105 118 118 118 119 120 112 121 121 118 119 120 107 113 121 122 123 124 114 113 121 122 123 124 114 108 125 126 127 124 124 115 125 126 127 127 127 109 109 116 110 128 128 118 117 120 111 111 112 118 117 120 120 120 112 122 117 117 119 119 119 122 122 122 124 124 119 126 121 121 123 123 123 126 126 126 128 128 123 115 125 125 125 128 127 115 116 116 125 128 127 
6x10x10
01 02 02 03 04 04 05 02 03 03 04 06 05 05 05 07 07 07 08 08 09 10 10 07 11 08 09 10 12 12 11 11 13 14 15 12 16 13 13 14 15 15 16 16 16 17 17 17 18 19 20 20 21 17 19 19 20 21 21 22 01 23 23 06 06 06 01 02 03 07 04 06 01 01 05 07 24 25 08 26 05 24 24 27 09 09 09 10 12 14 09 11 13 14 14 14 28 29 29 17 30 15 31 29 16 17 22 22 18 19 16 20 21 22 18 18 18 32 32 22 33 33 23 06 25 25 02 02 03 04 04 25 08 01 03 26 24 25 08 26 26 26 12 27 28 28 10 10 12 27 28 11 13 13 27 27 28 11 30 30 30 15 31 29 30 20 22 15 31 19 19 20 21 21 31 31 18 32 34 34 35 33 23 36 25 37 38 33 23 23 37 37 38 33 33 26 24 24 39 39 39 40 40 40 39 28 41 42 43 40 44 45 41 42 27 46 44 44 44 46 46 46 29 29 30 34 34 47 48 48 32 32 34 47 48 31 49 32 34 50 35 35 35 36 36 36 51 52 35 53 37 36 38 52 39 40 54 54 45 55 39 40 54 56 45 55 55 42 43 43 45 45 41 57 57 43 58 59 44 46 57 43 59 59 44 46 60 47 49 48 61 50 60 62 49 49 49 50 50 50 51 51 51 53 53 53 51 52 35 53 37 36 38 38 63 64 37 54 45 38 63 64 42 56 58 58 55 42 42 56 58 41 41 57 56 56 58 41 65 66 47 43 59 48 65 66 47 47 49 48 61 50 60 62 61 61 61 62 62 62 52 67 51 68 69 53 52 52 68 68 69 54 70 70 71 69 69 54 63 63 63 64 64 64 63 58 55 57 72 64 65 73 55 57 56 66 65 65 65 66 66 66 59 74 74 75 76 76 59 74 77 77 60 60 61 74 77 62 78 60 67 67 79 68 69 69 67 80 80 81 82 82 67 70 71 81 83 84 73 85 71 71 71 84 73 85 86 86 72 72 73 73 87 87 88 72 89 75 75 75 88 72 89 90 91 75 76 78 92 92 91 93 93 78 74 74 77 94 78 78 79 79 79 68 68 83 79 80 95 81 82 83 67 70 95 96 83 83 73 70 70 96 71 84 97 85 86 98 98 98 97 97 97 87 88 98 89 75 99 76 76 72 90 90 99 100 76 78 90 92 91 100 93 94 90 77 77 94 94 94 80 80 81 82 82 83 79 80 81 81 82 96 95 95 95 96 96 96 95 86 86 98 84 84 85 85 86 98 84 88 85 89 97 87 88 88 89 89 97 87 87 100 99 99 99 100 100 100 99 92 91 91 93 94 90 92 92 91 93 93 

