Prime hyperboxes of Hexacubes  Toshihiro Shirakawa 2015.04.15

No.36
2x2x3x6
01 02 02 02 01 03 01 03 04 03 04 04 05 05 05 02 01 03 06 07 08 08 04 08 05 09 10 02 01 03 06 07 11 08 04 12 05 09 10 02 01 03 06 07 11 08 04 12 05 09 10 07 06 07 06 07 11 08 06 12 10 09 10 09 11 09 10 12 11 12 11 12 

No.38
2x2x4x6
01 02 01 03 02 02 01 03 04 02 01 05 04 02 01 02 06 07 06 03 08 07 08 05 09 07 01 05 04 07 10 07 11 03 06 03 08 07 12 12 09 09 10 05 04 04 10 13 11 11 06 03 08 08 06 12 09 14 05 05 04 13 10 13 11 14 06 14 08 14 15 12 09 14 09 12 10 14 10 13 11 16 15 16 11 16 15 12 16 16 15 13 15 16 15 13 

No.39
2x2x5x6
01 01 02 02 01 03 02 04 01 03 02 04 01 03 02 04 03 03 04 04 05 06 05 06 07 03 07 04 08 09 08 09 01 10 02 10 11 12 11 12 05 13 14 06 07 15 14 15 08 15 14 09 14 15 14 10 11 15 16 12 05 13 14 06 07 13 16 16 08 13 16 09 13 13 16 10 11 15 16 12 05 05 06 06 07 07 17 18 08 08 09 09 19 20 10 10 11 11 12 12 19 20 19 20 19 20 17 18 19 20 17 18 19 20 17 18 17 18 17 18 

No.43
2x2x4x21
01 02 03 04 01 04 01 04 01 01 04 04 01 05 06 04 07 02 03 03 07 02 07 08 07 05 09 10 07 05 06 06 03 02 03 02 11 08 09 08 07 10 09 10 06 05 06 05 11 02 03 12 11 13 08 08 09 14 09 10 15 05 06 10 16 13 12 12 11 13 11 08 17 14 09 10 15 14 15 18 16 12 16 12 11 13 19 13 17 14 17 14 15 15 18 18 16 16 20 12 17 13 19 21 17 14 19 22 15 18 23 18 16 24 20 20 19 21 19 21 17 25 22 22 23 26 23 18 20 24 20 21 27 24 19 21 25 25 23 22 26 26 23 22 27 24 20 24 27 25 28 21 27 25 27 22 27 26 23 26 29 24 28 30 29 29 28 31 29 25 28 28 29 26 28 32 33 30 34 30 34 35 34 31 29 36 34 31 37 32 34 32 33 35 30 30 33 35 31 31 38 36 34 32 37 36 37 32 33 39 33 30 35 35 40 31 38 36 38 36 37 37 41 32 33 39 42 39 38 35 40 43 38 36 40 44 37 45 41 41 39 39 42 42 40 43 40 43 38 44 46 44 41 45 41 45 42 39 42 43 47 48 40 43 46 49 46 44 45 45 41 44 50 48 42 51 47 48 47 43 49 49 46 44 52 45 46 53 50 51 50 51 47 48 54 48 47 49 46 53 52 49 52 53 50 50 54 51 47 48 54 51 52 49 54 54 52 53 54 53 50 55 56 51 56 55 56 55 55 55 56 56 52 55 56 53 
2x3x4x4
01 02 03 04 05 06 01 04 01 04 05 07 01 01 05 04 05 08 01 09 10 04 05 11 12 02 03 02 06 06 12 12 03 07 05 07 12 09 12 04 08 08 12 09 10 11 10 11 13 02 03 06 03 06 13 02 13 14 07 07 13 13 10 08 15 08 13 09 10 09 11 11 16 02 03 14 15 06 16 16 15 14 15 07 16 14 16 14 15 08 16 09 10 14 15 11 

No.61
2x3x3x4
01 02 02 02 03 02 01 04 01 04 03 04 01 05 06 05 03 05 07 08 03 09 03 02 10 05 09 09 04 04 01 05 06 09 11 12 07 08 06 08 03 02 10 10 06 06 11 04 01 05 06 09 11 12 07 08 07 07 07 12 10 08 10 12 10 12 11 08 11 09 11 12 

No.62
2x3x4x4
01 02 03 02 03 02 01 04 05 05 03 06 01 04 07 07 03 06 08 04 08 04 08 06 09 10 11 11 12 02 12 04 12 05 12 06 01 13 07 13 03 13 08 13 14 14 15 16 09 10 07 11 02 02 12 04 07 05 06 06 01 01 07 05 03 13 08 08 14 05 15 16 09 10 09 11 09 09 12 10 14 11 15 15 10 10 14 11 15 13 16 16 14 16 15 16 

No.77
2x3x3x6
01 02 03 03 04 04 01 02 01 02 01 02 01 02 05 05 06 06 01 07 03 05 04 06 08 07 03 05 04 06 08 02 03 05 04 06 09 09 03 09 04 09 08 07 08 07 08 07 10 10 10 05 10 06 11 12 11 09 11 13 08 07 14 15 11 16 17 16 10 16 18 16 17 12 11 09 18 13 17 12 14 15 18 13 17 12 10 16 18 13 12 12 11 13 14 13 14 15 14 15 14 15 17 17 18 16 18 15 

No.78
3x3x4x14
01 02 03 01 03 03 01 04 03 05 02 06 01 07 08 09 09 09 02 02 02 01 10 08 11 09 12 13 14 08 13 13 08 13 09 08 15 04 06 01 04 03 04 04 04 05 05 06 05 07 06 05 09 06 11 02 12 11 10 12 11 12 12 14 14 14 13 14 08 11 14 16 15 15 15 15 07 03 17 17 17 05 18 06 07 07 07 19 17 20 21 18 22 10 10 10 11 17 12 18 18 18 13 10 16 16 16 16 15 23 24 25 26 24 19 17 24 19 26 22 19 26 24 19 26 20 21 27 22 28 27 22 19 27 22 28 18 22 28 27 29 28 30 16 23 23 23 25 23 24 25 23 20 21 31 32 25 26 29 33 20 20 21 21 34 25 27 29 35 36 20 21 30 29 28 30 29 30 30 30 37 38 32 25 38 24 38 38 38 33 31 32 33 26 32 33 33 32 35 34 34 35 27 34 35 36 34 39 39 39 28 39 29 35 39 40 37 31 41 37 41 41 42 38 41 37 31 32 43 31 41 33 36 40 37 31 34 43 36 41 35 36 40 43 39 44 43 43 40 43 36 40 37 45 46 42 46 46 42 47 46 48 49 44 50 47 46 42 47 51 52 49 44 50 49 46 42 47 53 50 49 44 50 50 44 50 54 40 45 45 45 55 45 56 42 45 51 48 48 51 48 57 51 48 47 51 52 49 53 52 58 53 52 53 53 52 54 44 59 54 60 54 54 54 55 61 62 55 61 56 61 61 61 48 62 62 55 57 60 63 47 51 52 49 62 55 58 60 63 63 53 64 64 64 59 64 60 63 64 60 65 66 56 55 57 56 67 61 56 65 57 62 65 57 56 65 57 68 65 58 68 59 58 68 63 58 68 59 64 69 59 58 60 59 70 68 66 66 66 67 71 72 67 67 67 65 66 62 71 71 71 73 70 74 75 66 76 77 77 77 63 70 68 69 69 69 78 77 69 70 70 70 79 79 79 80 79 72 67 79 74 73 81 74 73 71 74 73 73 74 75 76 76 75 77 76 75 82 76 75 83 69 78 83 84 83 83 83 80 79 72 80 72 72 80 82 72 81 81 81 80 71 84 73 82 74 75 81 76 80 77 84 82 82 82 78 81 84 78 78 84 78 83 84 
3x4x4x4
01 02 03 02 02 02 04 05 06 05 05 05 01 07 03 01 02 03 01 08 03 09 05 10 01 07 03 09 02 10 09 08 10 09 05 10 07 07 07 11 07 12 08 08 08 09 08 10 13 13 13 14 13 15 04 13 06 04 16 06 01 17 03 11 18 12 04 18 06 18 18 18 19 19 19 11 19 12 04 19 06 09 20 10 11 21 12 11 22 12 23 22 24 22 22 22 14 13 15 14 16 15 04 16 06 16 16 16 17 17 17 14 17 15 23 17 24 25 18 26 27 19 28 14 20 15 23 20 24 20 20 20 21 21 21 11 21 12 23 21 24 23 22 24 29 29 29 14 29 15 30 30 30 25 30 26 27 29 28 25 31 26 25 30 26 25 32 26 27 29 28 27 31 28 27 30 28 25 32 26 27 31 28 31 31 31 23 32 24 32 32 32 

No.80
3x4x4x4
01 02 03 01 04 03 01 04 03 04 04 04 05 02 06 01 02 03 07 04 08 09 09 09 02 02 02 01 10 03 07 09 08 11 09 12 10 10 10 07 10 08 07 10 08 07 09 08 13 13 13 14 14 14 15 14 16 11 14 12 05 13 06 01 13 03 11 14 12 11 17 12 05 13 06 05 18 06 07 17 08 11 17 12 05 18 06 19 18 20 18 18 18 17 17 17 15 21 16 15 22 16 15 22 16 22 22 22 05 21 06 15 21 16 23 22 24 25 25 25 21 21 21 26 27 28 19 25 20 11 25 12 27 27 27 19 27 20 19 27 20 19 25 20 29 29 29 30 30 30 15 30 16 23 30 24 26 29 28 23 29 24 23 30 24 23 31 24 26 29 28 26 32 28 26 31 28 23 31 24 26 32 28 19 32 20 32 32 32 31 31 31 

No.81
3x4x4x6
01 01 01 02 03 03 02 02 02 02 04 05 06 01 07 08 09 03 08 10 11 08 12 05 06 01 03 13 09 03 08 10 03 14 12 05 06 15 16 16 16 16 08 08 16 12 12 12 17 17 17 04 04 04 11 04 02 18 04 19 07 07 07 07 09 13 11 11 11 20 12 05 06 01 21 13 13 13 11 10 14 14 14 14 22 15 23 16 15 13 15 15 15 24 24 24 25 17 26 18 18 19 18 27 19 18 27 19 28 09 07 20 09 19 20 09 21 20 05 05 06 06 21 20 10 21 22 10 21 14 10 29 22 30 23 22 30 23 22 23 23 31 24 32 25 17 26 25 17 26 25 25 26 18 27 19 28 33 33 28 34 29 28 34 26 20 34 35 36 37 21 31 37 29 28 37 29 38 38 29 22 30 23 31 32 32 31 24 32 31 24 32 25 39 26 40 39 41 39 39 39 27 27 27 28 42 33 40 40 40 35 34 43 35 35 35 36 36 36 40 37 36 43 43 43 38 44 29 30 30 30 45 45 45 46 45 43 31 45 32 41 39 33 41 41 41 41 47 47 44 44 44 48 42 33 48 37 40 48 34 47 38 44 35 36 42 33 48 37 47 43 34 47 38 44 47 42 42 42 48 48 46 46 46 46 38 45 46 

No.84
3x4x4x4
01 02 03 04 04 04 05 05 05 06 07 08 01 02 03 01 04 03 06 05 08 06 07 08 01 09 03 10 10 10 11 11 11 06 12 08 09 09 09 13 10 14 15 11 16 12 12 12 02 02 02 17 04 18 19 05 20 07 07 07 01 02 03 01 04 03 06 05 08 06 07 08 13 09 14 13 10 14 15 11 16 15 12 16 13 09 14 13 10 14 15 11 16 15 12 16 17 21 18 17 22 18 19 23 20 19 24 20 17 21 18 17 22 18 19 23 20 19 24 20 25 26 27 25 28 27 29 30 31 29 32 31 26 26 26 13 28 14 15 30 16 32 32 32 21 21 21 17 22 18 19 23 20 24 24 24 25 21 27 22 22 22 23 23 23 29 24 31 25 26 27 25 28 27 29 30 31 29 32 31 25 26 27 28 28 28 30 30 30 29 32 31 
2x3x4x5
01 02 01 01 01 03 02 02 01 01 04 05 06 02 07 07 04 04 08 07 07 07 04 07 09 10 03 03 03 03 02 02 05 05 05 05 06 06 06 06 04 04 08 08 08 08 11 12 09 10 09 10 13 03 09 10 09 10 14 05 06 15 11 12 11 12 08 16 11 12 11 12 09 10 13 13 13 13 17 17 14 14 14 14 15 15 15 15 18 18 16 16 16 16 11 12 17 19 19 19 13 19 17 17 19 19 14 18 17 15 20 20 18 18 20 16 20 20 20 18 

No.85
2x2x4x6
01 02 03 04 01 02 01 02 01 01 02 02 05 01 06 02 07 04 03 04 07 07 03 08 05 07 09 07 05 07 06 06 10 04 03 03 11 04 09 08 05 05 09 08 06 12 06 13 10 04 10 03 11 11 08 08 05 12 09 09 06 12 13 13 11 14 10 10 11 14 08 14 14 14 13 09 14 12 13 12 11 15 10 16 15 15 16 16 15 16 15 16 15 16 13 12 

No.86
2x2x3x3
01 02 02 01 02 02 02 03 04 02 03 04 01 05 01 01 05 05 03 03 04 04 03 04 05 06 06 01 05 06 06 06 05 06 03 04 

No.88
3x4x4x12
01 02 03 01 02 04 01 02 05 06 07 08 09 10 11 01 08 04 12 08 08 06 07 08 09 10 11 09 09 04 12 09 13 06 07 08 09 10 11 14 15 13 12 15 13 16 15 13 17 03 03 17 02 18 17 05 05 05 05 19 03 03 04 01 02 04 06 07 13 06 07 20 21 10 11 01 10 11 12 15 13 12 16 16 22 14 14 14 14 23 24 15 23 16 16 23 25 21 03 17 18 18 18 18 05 26 19 19 21 21 04 17 02 27 06 07 27 19 19 20 21 22 22 28 10 11 28 15 23 12 20 20 22 22 29 14 24 24 24 24 23 16 20 30 25 31 27 32 31 18 33 26 26 26 26 19 25 25 27 17 31 27 31 31 31 28 30 20 21 25 27 34 34 34 28 34 23 28 30 30 22 29 29 29 29 35 24 34 36 28 34 30 25 32 32 32 32 37 33 33 38 26 33 33 37 37 39 40 37 37 41 38 38 38 38 42 43 40 40 40 40 37 41 41 38 44 41 41 35 35 29 40 35 35 41 36 36 36 36 30 45 45 45 32 45 39 33 46 39 46 46 46 47 48 39 43 46 39 43 46 42 49 50 42 43 48 51 43 52 42 44 52 42 44 50 53 52 52 52 44 52 35 44 54 36 54 54 54 48 48 48 47 45 55 47 45 56 57 57 57 47 48 39 47 58 51 49 57 51 49 57 42 43 58 51 49 58 51 49 57 53 44 50 53 58 58 58 59 54 53 60 54 53 50 50 50 55 55 61 62 55 55 63 56 56 56 56 64 47 62 62 62 62 65 63 63 66 49 63 63 65 65 51 62 65 65 63 66 66 66 66 53 67 59 59 59 59 65 60 60 66 68 60 60 69 70 61 71 70 55 64 64 56 72 64 64 69 61 61 69 70 73 70 70 70 74 68 75 69 61 76 77 77 77 78 77 75 68 68 75 67 67 79 59 67 67 60 77 80 68 77 75 81 76 61 71 71 73 82 71 71 72 72 64 83 76 76 69 84 73 69 85 86 74 72 72 79 79 76 87 88 75 78 89 75 74 74 90 67 79 79 80 80 91 78 80 80 68 74 92 81 81 73 71 84 73 82 82 73 72 82 82 83 81 81 83 84 93 94 85 86 74 85 86 87 88 76 87 88 93 94 89 90 92 92 90 91 91 79 78 91 91 78 89 80 78 92 92 81 84 93 83 84 93 82 84 93 95 85 86 87 88 96 83 95 93 95 95 90 95 85 86 87 88 96 83 96 96 94 96 90 95 85 86 87 88 96 94 89 91 94 89 90 94 89 92 

No.92
2x2x4x6
01 02 03 04 01 04 04 04 01 04 01 01 05 04 01 06 07 02 03 08 07 08 08 08 07 08 07 07 05 08 07 06 09 02 03 10 03 02 03 02 11 06 05 12 05 06 05 06 09 10 09 10 09 02 03 10 11 12 11 12 11 06 05 12 13 10 09 14 13 14 14 14 13 14 13 13 11 14 13 12 15 10 09 16 15 16 16 16 15 16 15 15 11 16 15 12 

No.100
2x3x3x4
01 02 02 02 03 02 01 03 02 03 03 03 01 04 02 05 03 06 07 08 08 08 09 08 01 04 01 04 01 04 06 04 06 05 06 06 07 07 08 07 09 07 09 10 09 10 09 10 05 04 05 05 05 06 07 10 08 11 09 12 12 10 12 11 12 12 11 10 11 11 11 12 

No.109
2x2x2x3
01 02 03 03 01 04 01 03 01 02 01 02 04 04 03 03 04 04 01 02 04 02 03 02 

No.110
2x2x4x6
01 02 01 03 01 03 04 03 04 03 04 04 04 04 05 05 06 02 06 02 01 02 01 03 01 03 07 07 05 05 05 08 09 09 06 02 06 10 06 02 07 07 11 07 05 08 08 08 12 09 09 09 10 10 06 10 11 07 11 13 08 08 11 13 12 12 12 09 14 15 10 10 14 13 14 15 11 13 11 13 16 16 12 12 16 15 16 16 14 15 16 15 14 13 14 15 
2x3x3x4
01 02 02 02 02 03 01 04 04 02 02 03 05 04 04 04 04 06 01 07 01 03 08 03 05 07 01 03 08 06 05 05 09 10 06 06 07 07 01 03 08 08 07 05 09 10 06 08 09 05 09 10 06 10 07 11 11 11 11 08 09 12 12 11 11 10 09 12 12 12 12 10 

No.112
2x2x2x3x3
01 02 03 03 01 02 03 02 01 02 04 02 04 05 04 02 04 05 04 06 04 05 06 06 07 07 08 03 01 07 03 03 01 05 08 09 01 05 08 09 10 05 06 06 10 10 06 09 07 11 08 11 07 07 08 11 12 11 12 09 12 11 08 11 10 10 12 09 12 10 12 09 

No.114
2x2x3x3
01 02 01 03 02 02 02 03 04 05 02 02 01 01 03 01 04 04 03 03 04 05 05 05 06 06 03 01 06 04 06 06 05 04 05 06 

No.118
2x3x3x8
01 01 02 03 02 02 02 03 02 03 04 05 06 06 02 03 03 03 01 06 07 07 04 05 01 06 07 08 04 05 01 06 08 08 04 05 09 09 09 08 05 05 01 06 07 08 10 11 12 12 07 12 04 04 13 13 09 14 09 11 15 13 07 08 10 11 15 15 16 12 10 12 15 14 09 14 10 10 15 13 17 18 10 11 16 13 16 12 11 11 19 19 17 14 14 14 15 13 17 18 20 21 22 22 16 18 16 16 19 22 18 18 20 21 19 22 17 18 20 21 19 22 17 17 20 21 23 23 23 24 21 21 19 22 23 24 23 24 24 24 23 24 20 20 
2x3x4x5
01 02 03 02 03 04 01 04 01 04 01 04 05 05 01 04 06 06 07 07 08 09 10 10 01 05 03 02 06 04 07 05 03 02 06 10 07 05 03 02 06 10 07 09 08 09 08 10 11 11 11 12 12 12 13 05 03 02 06 14 07 15 16 17 18 10 08 08 08 09 09 09 13 12 11 12 11 14 13 15 16 17 18 14 13 15 16 17 18 14 19 15 16 17 18 20 13 13 11 12 14 14 15 15 19 20 18 18 19 20 19 20 19 20 19 17 16 17 16 20 

No.119
3x3x4x9
01 02 03 03 03 03 04 03 05 02 02 05 06 07 05 07 07 05 06 02 02 06 02 05 06 07 07 06 08 09 08 08 08 08 07 10 01 01 01 11 12 03 04 04 04 01 13 13 13 13 14 04 13 05 06 15 09 16 15 15 15 15 10 09 09 09 08 17 18 10 10 10 11 01 14 11 12 12 11 04 19 11 13 14 20 20 14 20 21 14 16 22 23 16 23 23 16 15 18 24 09 18 17 17 18 16 10 18 11 12 19 12 12 19 25 19 19 20 21 14 20 21 21 21 21 26 27 22 22 22 22 23 16 22 23 24 24 28 24 17 17 24 17 18 25 29 29 25 29 19 25 30 26 29 29 26 20 31 26 25 32 26 27 29 28 27 33 23 27 32 32 27 34 28 24 32 28 32 32 28 35 36 37 25 36 36 30 30 30 35 35 35 31 31 26 30 38 39 40 35 34 27 33 33 38 38 38 34 34 34 41 41 28 42 41 38 37 37 37 43 36 44 30 36 39 35 31 37 45 31 31 39 39 39 40 40 40 33 33 46 42 33 38 40 41 34 47 41 48 42 42 42 43 37 44 43 36 44 43 49 44 43 45 44 45 45 45 45 39 50 51 40 46 46 46 46 47 46 48 47 52 48 47 41 48 47 42 48 43 49 44 53 49 49 49 49 50 53 51 54 53 54 54 50 50 50 51 51 51 53 53 54 53 50 54 51 52 52 52 52 54 47 52 48 
3x4x4x6
01 02 03 02 02 04 04 04 04 05 04 06 01 07 08 01 02 02 01 09 10 06 06 06 07 07 07 01 02 10 09 09 10 11 06 10 07 12 13 12 12 12 12 09 09 14 09 10 03 03 03 15 16 03 05 17 04 05 05 05 01 15 08 15 15 15 15 17 17 11 18 06 07 19 08 20 20 21 21 21 21 11 21 10 13 13 13 12 20 13 14 22 21 14 14 14 16 03 08 16 16 16 23 24 24 18 05 24 25 08 08 26 27 24 17 17 24 18 18 18 19 19 19 26 20 20 26 28 24 11 11 29 26 13 19 26 26 30 22 22 22 11 14 22 25 31 32 16 32 32 23 23 23 23 33 34 25 25 25 27 27 32 35 17 32 18 34 34 36 36 19 35 20 32 35 28 28 29 29 29 36 37 30 30 30 30 35 35 22 35 38 29 31 31 31 31 27 39 40 23 33 33 33 33 36 25 41 40 27 27 40 40 40 42 40 34 36 43 44 43 43 43 28 28 43 45 29 34 37 37 37 37 30 43 46 28 38 38 38 38 31 39 41 39 39 39 47 47 39 42 47 33 41 41 41 42 48 44 42 47 47 42 45 34 36 41 44 48 48 44 42 47 44 45 45 45 37 48 44 46 48 48 46 46 46 45 46 38 

No.120
3x3x4x8
01 02 03 03 03 03 04 03 05 01 02 02 01 03 06 01 07 07 02 02 06 01 08 06 07 07 06 09 08 10 08 08 08 08 07 06 11 12 12 12 12 13 04 12 05 09 02 10 01 12 05 04 04 05 09 10 10 09 14 06 04 07 05 09 14 10 15 14 14 14 14 16 11 17 17 11 11 13 11 18 13 17 17 19 20 17 13 04 21 05 09 17 10 15 21 22 23 21 21 15 24 16 15 16 16 21 21 16 25 19 13 11 18 13 18 18 18 19 19 19 20 20 26 20 27 26 28 29 22 28 22 22 23 23 23 24 24 24 15 24 16 15 23 30 25 25 25 31 25 32 31 27 18 20 19 26 20 26 26 27 27 27 29 29 29 28 28 22 28 23 22 24 29 33 34 30 33 30 30 30 31 25 32 31 32 32 35 35 32 36 37 38 31 35 26 27 35 35 37 37 29 28 37 33 39 35 40 34 37 37 34 34 33 34 30 33 36 41 38 31 41 41 41 41 32 36 36 38 42 41 38 39 43 40 36 44 38 39 45 46 39 40 40 34 45 45 45 45 33 39 45 40 36 47 38 47 47 47 42 43 47 42 44 44 42 47 46 42 43 43 44 44 46 42 48 46 43 43 46 48 44 46 48 48 48 39 48 40 
3x4x4x4
01 02 02 02 02 03 04 02 03 05 05 06 01 07 07 01 08 09 01 08 08 08 08 06 10 10 09 01 11 09 11 11 09 12 11 11 13 13 09 14 13 13 14 13 15 12 16 16 17 18 03 04 02 03 04 05 19 04 05 05 07 07 20 01 07 03 04 08 06 12 21 06 22 10 10 14 10 09 12 11 15 12 23 06 14 24 25 14 13 15 26 16 15 16 16 15 17 18 18 17 18 03 17 27 19 04 05 19 22 07 20 17 28 20 29 21 19 21 21 06 22 10 20 22 30 25 26 23 31 12 23 23 24 24 25 14 24 25 26 32 25 26 16 15 18 18 20 17 27 19 27 27 19 29 27 27 28 28 20 29 28 28 29 28 31 29 21 21 22 30 30 30 30 31 29 30 31 23 23 31 22 24 24 26 32 25 26 32 32 32 32 31 

No.121
3x3x4x4
01 02 03 02 02 02 04 04 02 01 02 05 01 06 06 01 07 07 08 08 06 01 01 06 09 10 06 10 11 11 10 10 10 12 10 06 03 03 03 13 13 14 07 04 04 05 05 05 15 15 16 07 07 04 11 08 08 17 18 18 09 09 09 11 11 08 19 20 20 12 12 12 13 03 16 13 03 14 13 04 14 15 05 16 15 05 16 15 07 14 19 08 18 17 09 18 17 09 18 19 11 20 19 12 20 17 12 20 21 22 14 22 22 14 13 22 22 21 21 21 22 23 16 15 23 16 17 21 18 17 21 24 23 23 23 24 24 20 19 24 24 19 24 23 

No.122
3x3x4x8
01 02 03 02 02 03 04 02 02 01 02 05 06 07 03 08 07 03 06 09 05 06 09 03 08 10 11 10 10 12 06 10 10 06 10 11 13 14 05 15 15 04 04 04 04 01 14 05 06 07 07 16 16 11 01 17 17 09 09 03 08 18 11 12 12 12 12 19 19 08 18 20 13 14 14 13 15 15 13 04 21 01 01 05 07 07 05 13 16 16 17 17 20 08 09 09 08 11 11 22 12 20 19 19 20 18 18 20 14 14 23 13 15 24 21 21 21 25 17 23 26 15 23 21 16 23 26 17 22 26 19 23 26 16 27 22 22 22 28 19 20 26 18 18 29 29 24 30 31 24 25 21 24 25 32 24 25 31 27 25 33 23 26 32 27 25 34 27 28 33 27 28 22 27 28 34 35 28 36 36 30 29 29 30 31 31 30 37 24 38 38 39 40 40 39 30 33 33 32 32 35 41 42 42 41 43 43 28 44 35 34 34 35 36 36 35 30 29 39 31 31 37 37 37 37 38 29 39 45 40 40 33 33 43 38 32 32 42 42 46 41 36 43 44 44 44 44 34 34 41 36 35 38 47 46 47 47 46 37 47 47 38 47 39 45 40 46 41 40 46 45 42 39 45 42 46 41 48 43 48 48 44 45 48 48 45 48 43 
3x4x4x4
01 02 02 02 02 03 04 02 03 05 05 06 01 07 07 01 08 09 01 08 08 08 08 06 10 10 09 01 11 09 11 11 09 12 11 11 13 13 09 14 13 13 14 13 15 12 16 16 17 18 03 04 18 03 04 02 19 04 05 05 07 07 20 04 08 20 01 21 19 12 21 06 22 10 10 22 11 15 23 24 09 12 24 06 14 25 26 14 25 15 23 13 15 16 16 15 17 18 18 17 27 03 17 05 19 04 05 19 22 07 20 28 07 03 17 29 06 21 21 06 22 10 20 14 10 30 12 31 26 12 24 24 25 25 26 14 32 26 23 16 26 23 16 15 18 18 20 17 27 19 27 27 19 28 27 27 29 29 20 28 29 29 28 29 30 28 21 21 22 31 31 31 31 30 28 31 30 24 24 30 22 25 25 23 32 26 23 32 32 32 32 30 

No.124
2x3x3x6
01 02 03 03 04 03 01 03 04 03 04 05 04 03 04 04 06 05 07 02 08 02 05 05 01 02 08 09 06 05 01 09 01 09 06 06 07 10 11 12 06 05 07 02 08 12 06 12 01 02 08 09 08 09 13 10 11 10 11 14 07 07 11 12 15 14 07 16 08 12 15 09 13 13 15 10 15 10 13 16 11 10 15 14 16 16 11 12 14 14 17 16 17 17 15 18 13 16 17 18 17 18 13 18 18 18 17 14 

No.128
2x3x3x6
01 02 02 02 02 03 01 01 04 02 04 02 04 01 04 04 05 04 06 07 07 03 03 03 01 07 07 07 05 08 01 09 09 07 05 05 06 10 06 03 03 08 06 11 12 08 05 08 09 09 09 11 12 05 10 10 06 10 13 08 06 11 12 08 12 13 09 11 14 11 12 14 10 15 16 10 13 13 16 15 16 16 12 13 16 11 14 16 14 14 15 17 17 17 17 13 15 15 18 17 18 17 18 15 18 18 14 18 
2x3x4x4
01 02 03 04 04 03 01 05 03 02 03 03 05 05 06 05 03 07 05 08 08 05 06 07 09 02 01 04 04 04 01 02 01 02 10 07 01 11 06 07 06 07 08 08 08 07 06 12 09 09 09 13 10 04 14 02 10 13 10 13 14 11 14 11 06 13 08 11 14 12 12 12 15 09 09 15 10 13 15 15 10 15 16 13 14 15 16 11 16 16 14 11 16 12 12 16 

No.129
2x3x4x4
01 02 03 02 03 04 01 01 03 02 04 04 05 01 05 05 04 05 06 07 07 07 07 08 03 09 03 02 10 02 01 01 03 02 04 04 06 06 05 05 08 08 06 06 07 07 08 08 09 09 11 12 10 10 09 09 11 12 10 10 13 13 14 15 16 16 14 06 14 15 08 15 09 12 11 12 11 10 11 13 11 12 16 12 13 13 14 15 16 16 13 15 14 15 14 16 

No.130
3x4x4x10
01 02 03 02 02 04 02 04 04 05 04 06 01 03 03 01 02 02 04 04 07 05 08 09 10 03 11 01 12 12 13 13 07 08 08 07 14 12 11 12 12 13 12 13 13 08 13 07 15 16 16 16 16 09 06 06 09 17 06 06 03 03 11 01 16 18 01 16 09 05 05 09 10 11 11 10 19 07 20 19 07 05 08 08 14 14 21 10 14 14 10 19 19 19 19 22 15 23 23 15 15 18 17 15 24 17 06 25 23 23 18 17 23 18 17 26 09 20 05 25 27 11 18 10 23 21 20 26 21 20 26 26 27 14 21 28 22 21 20 22 22 26 26 22 29 30 31 15 24 18 17 24 24 32 33 24 27 30 34 30 30 35 30 36 25 33 33 25 27 34 34 27 30 36 37 36 36 33 36 25 28 34 38 28 28 21 20 28 22 39 36 40 29 31 31 29 29 41 32 29 42 32 43 24 31 31 35 32 35 35 32 35 25 44 33 33 34 34 45 27 37 38 37 37 38 37 39 39 28 46 38 47 40 38 48 40 40 39 39 40 49 31 41 29 42 41 32 42 42 43 43 42 50 50 35 51 44 41 44 44 41 44 43 43 46 46 45 48 45 45 48 45 52 37 53 53 47 46 46 47 47 38 48 47 40 48 39 54 49 50 41 49 49 55 56 49 57 43 58 42 51 50 50 51 59 58 44 58 58 53 58 52 51 59 50 59 59 45 59 58 52 53 53 52 47 59 46 60 54 61 62 54 54 48 53 54 51 63 55 49 57 55 56 57 57 64 64 57 51 65 61 66 67 55 56 64 55 56 64 64 67 67 61 62 67 61 62 64 68 56 69 52 60 67 67 60 60 61 62 60 54 62 70 52 63 63 55 66 63 63 66 71 71 71 71 57 66 65 65 66 71 72 56 71 72 69 73 73 74 74 65 75 76 61 75 76 68 69 69 68 60 76 76 76 76 68 70 70 68 62 70 70 63 77 65 77 77 78 77 78 78 73 78 72 66 74 65 75 77 77 78 78 72 73 73 72 75 74 74 75 79 79 80 80 72 69 73 68 75 79 74 79 79 80 79 80 80 69 80 70 

No.131
2x3x4x4
01 02 03 04 05 06 01 04 07 04 06 06 04 04 06 08 06 09 04 10 06 11 12 09 03 02 03 09 05 05 01 02 07 09 07 09 01 08 01 08 12 09 10 10 01 11 12 11 03 03 13 05 07 05 13 02 13 02 07 14 13 08 12 14 12 14 10 08 10 14 11 11 15 03 16 05 07 14 15 15 16 02 16 14 13 15 12 15 16 16 13 08 10 15 11 16 

No.132
2x3x3x4
01 02 03 03 03 04 01 03 01 03 05 04 06 03 01 01 05 01 07 02 08 02 05 05 08 09 08 09 05 04 06 10 06 09 04 04 07 07 08 02 08 05 10 07 06 02 06 02 10 10 06 09 04 09 10 11 11 11 08 12 10 07 11 12 11 12 12 07 12 12 11 09 

No.133
2x3x3x6
01 02 03 04 03 04 01 05 01 04 01 01 04 05 04 04 06 01 07 02 03 02 02 02 07 05 07 08 07 08 06 06 06 09 06 08 05 03 03 03 02 09 05 05 10 08 07 09 11 06 10 09 07 09 11 12 11 08 13 09 11 12 10 08 14 14 11 15 16 16 16 14 10 13 11 13 13 13 10 12 10 12 14 12 15 15 15 16 15 12 17 13 18 18 14 18 17 17 18 17 14 17 18 16 18 16 15 17 

No.134
2x3x4x9
01 02 01 03 04 03 05 06 01 06 07 07 05 05 05 06 05 07 08 09 06 06 05 06 02 02 01 03 04 04 10 02 11 12 04 07 08 02 12 12 04 09 08 09 08 09 08 09 13 03 01 03 01 07 10 10 11 03 14 07 10 02 11 12 04 15 10 16 11 11 08 09 13 13 13 17 13 15 14 16 14 16 14 15 14 16 18 12 15 15 10 16 11 12 19 20 21 22 18 17 13 15 14 16 18 17 23 24 18 20 18 17 19 17 19 20 19 20 19 20 21 22 18 22 22 22 21 24 23 24 23 24 21 21 25 17 23 24 19 20 25 26 23 27 28 29 30 29 30 22 28 24 30 26 27 27 21 31 25 26 32 27 33 34 26 26 23 27 31 31 30 29 32 32 28 31 25 26 32 27 33 31 25 25 32 34 33 34 33 34 33 34 30 31 30 29 32 29 28 28 35 29 35 36 28 36 35 36 36 36 35 36 35 35 33 34 
2x3x5x8
01 02 03 03 03 04 01 02 01 05 01 01 06 07 06 05 01 05 07 07 06 07 08 07 09 10 10 10 08 07 11 04 03 04 04 04 11 02 11 12 11 12 13 14 06 05 11 12 13 14 13 14 08 14 09 09 09 10 09 14 03 04 03 15 16 15 17 02 06 02 11 12 17 02 06 05 08 18 13 14 08 05 08 18 19 20 19 10 09 10 21 22 21 15 16 12 17 22 21 22 16 12 23 20 16 20 16 24 13 20 25 26 25 18 13 20 19 26 25 26 17 15 21 15 27 24 17 22 17 15 27 24 23 20 23 24 16 24 23 28 19 18 25 18 23 28 19 26 19 18 29 30 21 30 21 24 31 22 31 32 27 33 31 22 34 32 25 35 36 28 34 35 25 35 23 26 37 26 37 38 29 33 29 30 29 29 31 33 27 33 27 33 36 28 34 32 27 33 36 28 36 28 36 35 38 38 37 38 36 38 31 39 30 30 29 30 31 39 34 39 39 39 40 32 34 32 34 39 40 40 40 32 40 35 37 38 37 37 40 35 
3x3x4x4
01 02 02 01 01 01 03 03 01 04 04 05 05 05 05 05 03 06 07 04 08 08 08 08 08 03 03 09 04 04 09 09 09 10 10 09 11 02 12 13 14 01 15 03 06 11 11 06 05 14 06 07 14 06 07 16 06 07 16 08 07 17 17 07 04 18 09 16 19 20 10 17 02 02 12 13 13 13 15 15 15 11 02 12 13 14 21 20 20 15 18 12 12 22 16 19 20 10 17 18 18 18 19 19 19 20 10 10 22 23 23 22 23 13 23 23 15 11 14 21 22 14 21 20 23 17 11 24 12 22 16 21 22 16 17 18 24 24 19 24 21 24 24 21 

No.135
3x3x4x6
01 02 02 01 02 03 02 02 03 04 05 05 01 02 03 06 06 07 04 05 03 01 08 03 01 06 07 05 05 08 08 08 08 08 06 06 09 10 10 09 10 11 10 10 11 12 12 13 01 12 03 14 12 12 04 05 13 04 12 07 14 06 07 15 16 16 15 15 15 17 17 15 18 18 19 09 10 11 20 21 21 22 22 19 09 22 11 20 22 22 04 16 13 14 23 13 14 17 07 04 16 24 25 15 24 25 17 07 26 18 11 09 27 11 09 21 28 26 18 19 20 22 19 20 21 28 23 23 13 25 23 24 14 23 23 16 16 13 25 29 24 14 17 17 27 18 18 27 27 27 21 21 27 26 30 19 26 31 28 20 32 28 31 31 19 33 31 34 20 31 31 25 29 29 25 29 24 29 29 24 30 30 35 35 35 35 35 32 32 26 30 34 33 35 34 33 32 28 26 30 30 33 36 34 32 32 28 33 36 36 33 36 34 36 36 34 
3x4x4x4
01 01 02 03 01 04 03 01 01 05 06 06 07 07 02 05 07 08 05 07 07 05 09 09 10 11 11 05 11 08 11 11 08 12 12 08 10 13 13 14 13 15 13 13 15 16 16 08 17 17 18 03 01 04 19 06 04 19 06 04 20 20 02 03 07 02 05 09 04 21 09 22 10 23 23 10 11 15 14 12 08 21 12 22 24 25 25 14 13 15 14 16 26 14 16 26 03 17 18 03 17 18 19 27 18 06 06 04 10 20 02 28 20 18 19 29 22 09 09 22 10 23 02 24 23 30 21 31 26 21 12 12 24 25 15 24 25 15 24 32 26 14 16 16 28 17 17 19 27 27 19 27 18 27 27 22 28 20 20 28 29 29 28 29 30 29 29 22 23 23 30 31 31 30 28 31 30 21 31 31 25 25 30 32 32 26 24 32 26 21 32 32 

No.136
2x3x3x6
01 02 01 03 04 05 02 02 01 02 01 02 02 06 06 06 06 07 04 08 04 03 04 05 09 05 01 05 04 05 10 07 06 07 07 07 08 08 08 03 08 03 09 03 01 03 04 05 10 10 06 10 07 10 08 09 11 12 13 14 09 09 12 12 13 13 09 10 12 15 16 13 17 14 11 14 14 14 17 17 12 17 13 17 16 17 16 15 16 16 11 18 11 11 14 11 18 18 12 18 13 18 18 15 15 15 15 16 
2x3x4x4
01 02 02 02 02 03 01 01 01 04 01 05 06 01 07 04 05 05 04 08 04 04 05 04 09 10 02 07 03 03 09 09 11 07 12 03 06 09 07 07 05 03 08 08 08 13 08 14 10 10 02 10 03 10 06 09 11 11 12 14 06 06 11 07 05 14 08 06 11 13 14 14 10 15 15 15 15 12 16 09 15 11 12 12 16 16 15 16 12 16 13 16 13 13 14 13 

No.137
3x4x4x8
01 02 03 04 02 05 05 05 05 06 06 07 01 08 09 01 10 07 01 07 07 11 06 07 10 08 09 10 10 12 10 07 12 11 06 12 10 08 08 13 13 13 13 14 15 16 14 12 17 09 03 04 02 03 04 05 03 04 05 18 19 09 09 01 02 03 04 02 12 20 06 06 08 08 21 01 14 15 16 14 12 11 11 22 23 13 15 16 13 15 16 14 15 16 11 24 17 19 25 17 02 18 17 26 18 27 20 18 19 19 09 17 28 03 04 28 18 20 20 20 21 21 21 23 29 15 16 29 24 11 22 22 23 21 30 23 31 24 23 14 24 32 22 24 33 28 25 27 28 26 27 26 26 27 20 26 19 25 25 17 28 34 27 35 18 32 36 22 19 37 25 23 38 30 39 29 24 32 32 22 31 21 30 31 31 30 31 29 30 32 29 40 33 41 34 33 33 34 33 35 34 36 35 26 42 25 37 43 28 34 27 35 44 36 36 45 42 37 37 46 38 30 39 29 47 36 32 45 31 38 37 39 38 40 39 40 40 39 48 40 43 41 34 43 33 44 43 49 44 36 45 44 41 41 41 43 35 50 51 35 44 52 45 45 42 42 53 46 38 54 55 38 47 48 48 48 46 42 37 46 56 47 46 40 47 39 48 47 43 57 50 51 57 50 51 49 50 51 52 44 58 58 41 59 49 50 51 49 60 52 52 45 42 53 53 59 56 54 55 56 60 48 61 61 46 53 54 55 56 54 55 62 54 55 62 47 63 58 58 57 57 57 57 49 50 51 49 60 63 58 53 63 63 60 63 64 60 52 61 60 59 58 53 59 63 64 59 64 64 52 61 64 59 56 54 55 56 62 62 62 62 61 61 64 

No.138
2x3x3x6
01 01 02 03 02 04 05 04 06 04 02 04 05 04 06 07 08 07 01 09 01 03 01 07 05 09 06 03 02 07 08 04 08 03 08 07 05 05 06 06 01 07 05 09 06 09 02 09 08 08 10 03 02 03 11 11 10 11 12 12 13 14 10 14 15 09 13 16 10 17 15 17 10 16 10 11 18 12 15 16 15 14 15 12 13 16 13 17 13 12 16 16 18 11 18 11 15 17 18 14 14 14 18 17 18 17 13 12 

No.140
4x4x4x18
01 02 02 03 04 02 05 05 04 04 06 05 07 06 06 08 01 01 09 03 01 01 10 03 07 07 11 08 07 07 12 08 13 14 10 10 13 01 10 10 15 07 11 11 15 16 11 11 13 17 17 10 18 17 19 19 18 18 20 19 15 20 20 11 21 02 05 22 02 02 05 05 04 04 06 06 23 04 06 24 25 14 09 03 13 14 09 03 15 16 12 08 26 16 12 08 13 14 09 27 13 14 09 03 15 16 12 08 15 16 12 28 29 17 19 30 17 17 19 19 18 18 20 20 31 18 20 32 21 21 22 22 21 21 22 22 23 23 24 24 23 23 24 24 25 25 27 27 33 14 34 34 35 16 34 36 26 26 28 28 25 25 27 27 37 38 09 39 38 38 12 40 26 26 28 28 29 29 30 30 29 29 30 30 31 31 32 32 31 31 32 32 33 41 41 42 33 21 22 43 35 23 24 36 35 44 44 36 33 41 27 42 33 45 34 42 35 34 34 36 35 44 28 36 37 25 46 39 37 38 38 39 47 38 48 40 47 26 49 40 37 46 46 39 37 29 30 39 50 31 32 40 47 49 49 40 33 41 51 51 52 45 43 43 53 45 43 43 35 44 54 36 41 41 51 42 55 45 56 42 47 45 54 54 44 44 54 54 55 55 46 46 55 55 48 42 47 57 48 54 47 58 49 49 37 55 46 39 50 50 48 59 50 50 48 60 58 58 49 40 52 61 51 62 52 61 61 63 53 45 43 64 53 65 66 67 52 51 51 62 52 56 56 62 53 56 56 67 53 66 66 67 68 69 69 59 68 57 57 59 70 57 57 60 70 58 58 60 68 69 71 59 72 50 48 59 73 74 74 60 70 58 74 60 61 61 63 63 75 61 63 63 65 65 64 64 65 65 64 64 52 76 69 62 68 77 77 62 70 56 78 67 53 66 66 67 68 69 69 59 68 77 57 62 70 78 78 67 70 66 79 60 72 72 71 71 72 72 71 71 73 73 74 80 73 73 74 74 75 75 63 81 75 75 77 82 65 83 84 85 83 83 64 85 76 76 81 81 86 77 77 87 88 83 83 85 88 83 79 79 76 76 89 87 90 89 89 87 88 78 78 91 92 92 79 79 90 72 89 89 90 93 89 71 94 78 80 80 92 73 80 80 86 75 82 82 86 95 82 82 95 95 84 85 88 96 84 97 86 98 81 81 86 95 95 85 88 95 84 85 88 92 84 79 76 93 81 87 90 93 99 87 90 99 99 91 92 92 100 91 101 93 102 87 90 93 99 99 94 94 99 91 94 94 80 91 86 98 82 103 104 98 105 105 96 96 105 97 96 96 106 97 107 98 108 103 104 98 105 103 104 105 105 97 109 109 84 97 101 93 108 108 101 110 110 111 112 110 100 111 112 109 100 113 101 114 102 102 101 110 102 102 110 110 100 111 112 94 100 91 104 115 116 116 104 98 116 117 96 118 106 106 109 119 106 106 107 107 116 103 104 116 116 103 112 118 118 97 109 109 113 113 107 107 108 108 101 120 120 103 112 121 121 111 112 121 113 113 114 114 122 108 114 114 120 102 123 121 100 111 121 121 124 111 115 115 117 117 115 115 117 117 119 119 125 106 119 119 125 125 126 127 127 128 126 120 129 130 131 118 118 132 131 133 113 134 135 107 127 130 126 120 120 130 131 136 118 132 137 133 133 132 138 138 122 122 114 138 122 122 123 123 124 124 123 123 124 124 126 127 117 128 115 139 140 128 119 125 125 134 131 141 125 134 126 127 127 128 126 129 129 128 131 129 129 134 131 141 141 134 135 142 142 130 135 136 136 130 137 136 136 132 137 133 133 132 135 138 142 130 135 138 138 122 137 143 144 124 137 123 133 132 145 146 147 148 139 139 140 128 139 139 140 134 141 141 149 150 146 146 147 147 146 146 140 151 152 129 140 153 152 141 149 149 154 154 142 151 146 143 136 151 152 143 153 153 155 155 153 153 156 154 142 142 135 143 144 144 137 143 144 144 157 155 153 158 145 147 147 148 145 159 160 148 139 161 162 150 152 149 149 150 145 163 147 148 145 164 164 148 152 164 140 150 152 165 149 150 156 154 166 151 156 143 167 151 157 167 167 158 157 155 168 158 156 154 154 151 156 169 170 144 157 171 172 158 157 155 155 158 159 159 160 160 159 159 160 160 161 161 162 162 161 161 162 162 163 163 166 166 145 164 173 148 164 164 174 150 165 165 168 168 163 163 166 166 156 175 167 167 157 176 167 158 165 165 168 168 169 169 170 170 169 169 170 170 171 171 172 172 171 171 172 172 159 177 177 160 178 177 179 179 178 178 180 179 161 180 180 162 181 175 182 166 181 175 173 173 176 176 174 183 184 184 174 168 163 175 182 182 181 175 173 173 176 176 174 183 165 184 174 183 169 185 185 170 186 185 187 187 186 186 188 187 171 188 188 172 181 177 179 189 177 177 179 179 178 178 180 180 184 178 180 190 181 175 189 189 181 191 189 189 176 192 190 190 184 184 190 190 191 191 182 182 191 191 189 173 192 192 190 183 192 192 174 183 191 185 187 182 185 185 187 187 186 186 188 188 192 186 188 183 

No.141
2x5x6x14
01 02 01 03 04 05 04 05 06 07 08 02 05 09 05 05 04 04 06 04 09 10 09 09 05 09 11 04 11 12 09 10 13 10 12 14 12 12 11 12 13 15 13 13 14 14 12 14 16 17 18 15 14 13 14 13 19 20 16 20 21 22 01 03 03 03 03 07 23 07 08 02 01 02 01 07 11 07 06 06 08 24 08 02 11 25 11 17 26 06 15 27 08 10 28 10 16 17 29 17 15 15 18 10 18 20 16 20 16 17 18 30 18 19 19 19 19 20 31 32 21 22 21 21 03 21 23 33 23 34 22 22 01 02 23 25 23 07 26 06 22 24 08 24 29 25 29 25 26 26 27 27 28 24 28 24 29 17 29 31 15 27 18 30 28 30 16 20 31 31 35 30 36 30 32 19 32 32 31 32 37 38 39 21 39 33 33 33 33 34 22 40 41 25 41 25 23 42 34 34 27 40 43 40 41 44 29 44 34 26 27 35 43 24 43 45 46 44 46 26 35 35 47 30 28 45 28 45 46 31 35 36 36 36 36 48 32 48 49 50 37 38 51 38 39 39 41 39 33 42 37 37 43 38 41 38 41 42 34 42 43 37 43 40 52 40 46 42 53 54 55 56 47 40 46 57 46 44 50 44 47 35 47 45 49 45 49 44 50 50 47 36 48 45 48 48 49 58 49 50 59 51 51 51 51 39 60 61 54 42 56 37 62 38 52 61 52 61 54 54 56 56 52 63 52 63 64 65 53 54 55 56 66 63 64 57 64 57 53 53 55 55 67 57 67 57 49 68 50 53 47 55 67 69 48 58 58 58 58 70 59 51 59 59 60 59 60 60 71 60 72 63 62 65 62 65 52 61 54 61 56 63 73 63 62 65 62 65 74 61 67 75 66 68 66 68 64 76 64 53 67 55 67 57 66 68 66 68 64 77 69 78 69 69 70 69 70 70 58 70 79 72 80 59 73 71 71 71 71 60 72 72 73 81 73 65 82 83 74 84 72 85 73 85 62 83 83 83 74 74 75 75 85 85 85 68 83 76 83 77 86 75 85 87 66 76 88 76 77 77 69 78 78 78 78 76 70 89 77 90 79 72 80 80 80 81 91 71 82 84 79 79 92 81 73 81 82 84 82 84 75 79 93 81 93 94 82 84 95 74 75 96 86 87 93 94 88 94 90 74 86 87 86 87 88 76 88 97 90 90 86 87 78 98 88 89 89 89 77 90 92 80 99 80 91 81 91 91 82 91 92 79 92 100 101 94 102 103 95 103 96 104 92 94 101 94 101 84 95 95 96 96 86 105 93 105 93 97 106 95 107 96 107 108 93 105 109 97 90 97 98 87 98 98 88 98 89 110 89 97 92 99 99 99 99 103 102 103 102 91 111 112 111 100 102 100 102 103 113 106 96 104 111 100 101 105 114 105 106 106 104 104 101 115 101 105 109 116 106 95 104 117 107 108 109 108 109 116 118 116 98 108 107 108 107 110 110 110 110 97 112 99 111 119 111 100 120 103 102 113 112 112 111 121 122 100 123 114 113 113 124 112 125 115 126 127 114 114 113 106 104 117 115 115 126 127 114 128 118 129 117 117 115 130 109 131 132 116 118 118 117 108 107 133 109 116 134 116 110 118 112 121 119 119 122 119 120 120 120 113 124 121 122 121 122 126 123 114 123 128 124 124 125 121 126 126 123 128 129 128 125 124 125 130 127 127 132 128 129 129 125 130 115 130 127 131 132 131 132 129 117 133 133 133 134 131 134 134 132 118 119 121 119 135 122 120 122 120 123 136 135 137 135 135 136 135 136 136 123 136 135 137 137 137 137 126 136 138 129 128 125 124 137 139 127 138 138 138 138 140 139 130 139 139 140 139 140 140 138 140 139 130 133 131 133 131 140 134 132 134 
4x4x6x8
01 02 03 04 05 02 03 06 05 07 08 06 09 07 08 10 11 05 12 12 05 05 03 13 14 07 06 06 15 15 06 16 11 17 13 12 14 05 13 13 14 14 06 13 15 14 18 16 19 17 13 20 17 17 21 18 17 22 18 18 23 14 18 24 19 19 21 20 17 25 21 21 22 22 26 18 23 22 24 24 27 25 28 29 22 25 28 21 22 30 26 21 31 30 26 32 01 33 12 04 02 02 34 08 02 35 08 08 09 15 36 10 01 12 12 04 01 07 03 04 09 07 03 10 09 15 15 10 11 11 20 37 01 38 03 04 09 07 39 10 40 23 16 16 41 11 20 20 27 25 42 29 31 43 26 32 23 23 16 44 27 19 19 29 27 25 26 29 31 25 26 32 31 24 24 32 27 19 45 29 30 46 28 28 30 30 47 28 31 48 24 32 49 33 50 34 02 35 34 34 35 35 34 08 35 51 36 52 33 33 53 37 01 54 54 04 09 55 55 10 40 56 36 36 33 11 53 37 38 38 42 37 40 43 39 39 40 56 16 36 41 57 20 45 41 38 42 42 43 43 39 44 48 23 58 44 41 57 45 45 27 59 59 29 31 60 60 32 48 48 58 44 46 61 45 62 46 46 47 28 30 46 47 47 63 48 64 47 49 50 50 34 49 49 52 65 66 49 52 52 35 51 51 52 33 67 50 50 68 54 55 55 54 54 55 69 51 51 70 36 57 71 53 53 41 42 42 37 40 43 43 44 56 56 72 58 57 57 73 53 41 38 38 37 40 39 39 44 56 74 58 58 61 61 75 45 60 60 59 76 77 60 59 59 48 78 64 64 46 61 61 62 79 63 62 62 63 63 62 80 63 64 64 47 68 65 65 81 68 49 65 65 66 66 52 69 82 66 66 69 67 67 83 50 68 67 55 69 68 54 70 69 51 84 70 70 71 71 73 53 85 86 86 87 88 89 89 90 56 74 72 72 57 71 73 73 85 91 91 87 88 92 92 90 74 74 72 58 61 93 75 75 77 60 75 76 77 78 59 76 78 78 94 64 95 79 79 76 79 79 62 76 77 63 80 80 77 80 80 96 68 83 65 81 97 82 81 81 82 82 81 98 82 66 84 69 71 83 83 87 99 67 67 100 101 70 70 102 88 84 84 72 71 103 83 87 91 91 86 87 88 89 92 92 88 84 104 72 85 93 105 73 85 91 86 86 89 89 92 90 74 106 94 90 85 93 93 73 107 75 75 108 109 78 78 110 74 94 94 90 95 79 93 76 95 95 96 111 112 95 96 96 77 94 80 96 99 83 113 100 97 97 81 98 97 82 98 98 101 114 84 102 99 113 113 100 99 115 116 100 101 115 116 102 101 114 114 102 103 103 105 87 99 91 116 100 101 115 92 102 88 106 104 104 85 103 105 105 107 117 86 108 109 89 118 110 106 106 104 90 107 119 119 108 107 117 118 108 109 117 118 110 109 120 120 110 107 119 93 108 112 95 111 111 112 112 96 111 109 94 120 110 99 97 116 100 121 97 116 122 121 115 98 122 101 115 98 102 103 121 113 113 121 121 116 123 124 115 122 122 114 114 122 104 103 125 123 113 124 121 123 123 124 124 122 123 114 124 126 104 119 125 123 105 125 125 127 126 125 128 126 126 106 124 126 120 119 119 127 105 125 117 127 127 128 128 118 126 106 128 120 120 107 117 111 108 128 117 111 127 128 112 118 127 109 112 118 110 

No.142
2x4x6x14
01 02 03 02 03 04 05 04 01 06 01 01 03 03 05 03 07 08 07 01 09 01 09 03 07 08 10 08 10 11 12 11 13 10 10 10 12 12 12 14 15 10 15 12 16 12 16 14 17 18 04 02 04 04 19 20 17 06 07 02 07 02 05 05 06 06 07 11 09 11 21 05 13 13 09 08 09 11 14 22 13 23 15 08 15 08 14 14 24 23 15 16 16 16 25 26 27 18 04 18 20 20 19 20 17 28 17 18 29 02 19 19 06 13 17 11 21 22 21 05 06 13 09 23 21 22 14 22 30 23 24 23 15 31 26 26 24 32 24 16 25 25 25 26 27 33 20 34 20 34 35 36 27 28 27 18 29 18 35 19 28 28 17 22 29 22 29 19 30 30 21 23 21 31 26 31 30 32 24 32 24 31 26 37 38 32 39 25 39 25 40 37 34 33 34 34 36 36 41 36 33 33 27 42 35 42 35 43 28 30 27 44 35 44 29 31 28 30 45 32 45 37 29 31 38 38 46 32 46 37 47 37 38 39 39 39 40 40 40 48 34 49 36 49 36 42 41 42 33 44 50 44 41 42 41 43 33 51 50 44 35 52 43 43 53 38 45 54 55 37 47 47 45 38 45 54 46 48 47 48 56 39 56 40 46 40 46 48 50 57 49 49 49 58 59 42 50 44 50 60 41 52 59 52 53 51 53 60 41 52 43 47 53 51 61 51 55 48 43 47 45 54 61 54 55 48 55 62 63 54 56 56 64 56 46 62 50 57 58 58 49 58 65 52 66 57 53 57 59 67 59 52 61 60 53 60 59 67 68 69 61 60 61 51 70 62 68 69 63 71 63 51 70 62 55 62 63 54 64 64 64 56 55 72 58 73 58 74 65 74 65 67 66 75 66 57 65 67 69 67 61 75 66 57 59 76 69 69 77 60 63 71 78 62 68 68 77 71 63 71 70 72 70 68 79 64 80 64 80 72 70 72 75 73 73 73 74 74 74 67 75 75 65 81 65 76 69 76 82 83 66 81 66 76 84 85 82 83 86 71 78 71 84 85 77 77 86 72 78 72 78 68 79 77 79 79 80 80 70 80 75 81 73 87 73 87 74 76 83 81 88 81 88 85 89 76 83 83 90 91 90 85 89 85 82 82 92 93 84 93 84 94 86 82 86 95 84 95 78 94 86 77 96 79 96 79 78 80 87 81 87 87 88 97 88 89 83 91 98 91 88 85 89 89 99 100 101 91 90 93 102 93 99 100 92 103 90 93 90 104 92 82 92 105 84 95 94 94 86 96 96 96 106 95 94 95 87 91 97 97 98 97 88 89 100 91 98 107 98 107 102 102 100 100 101 107 101 101 102 93 99 99 108 103 103 103 90 104 92 99 108 105 108 105 104 104 92 96 106 106 106 105 94 95 97 109 97 110 98 110 98 102 100 109 109 109 110 110 110 102 108 107 109 107 109 101 110 101 108 107 108 111 103 111 103 112 111 99 111 111 112 112 104 112 111 106 112 106 112 105 104 105 
3x4x4x15
01 01 02 03 04 04 03 05 05 06 07 07 04 04 02 08 04 09 07 07 10 06 07 11 04 09 12 08 09 09 07 11 10 13 11 11 09 09 12 14 14 15 11 11 15 13 16 16 17 01 18 03 01 01 19 05 20 05 05 10 03 02 02 03 21 12 06 21 10 06 13 10 08 02 12 08 22 12 06 22 15 13 13 15 08 14 14 23 14 24 16 16 15 25 16 26 17 18 18 17 18 01 19 19 20 05 19 10 03 27 27 17 28 12 21 21 20 21 13 20 23 02 22 23 22 22 06 29 26 30 30 15 08 24 14 23 24 24 16 25 26 25 25 26 27 27 31 18 18 32 33 28 32 33 19 19 23 27 34 17 28 34 17 28 32 21 35 20 23 36 22 37 29 26 38 29 26 38 30 20 24 24 39 37 29 39 37 25 25 40 30 30 27 31 31 41 41 34 33 28 34 42 28 43 37 31 44 33 36 34 33 35 32 45 35 32 37 36 44 37 36 39 38 35 39 45 40 32 46 29 47 38 29 39 38 48 48 40 40 30 49 41 41 50 41 44 50 42 34 42 42 43 31 31 44 33 36 44 50 36 43 51 51 43 46 52 52 46 35 53 45 35 39 45 40 40 46 47 47 38 47 53 45 48 53 48 48 54 49 49 41 55 49 44 55 42 42 56 51 51 57 57 53 46 58 58 50 58 43 50 51 59 60 52 53 46 61 53 61 61 43 50 62 62 52 52 63 47 47 64 45 54 64 48 54 54 65 57 57 55 49 49 66 66 59 56 56 51 55 57 67 55 67 67 58 58 59 58 56 59 60 63 61 60 61 61 68 68 64 68 62 64 52 63 63 60 69 69 54 54 64 62 62 70 65 65 57 71 71 59 72 66 59 73 66 66 55 65 74 75 67 74 67 67 76 77 56 56 63 63 74 75 68 68 77 68 76 77 70 64 69 69 78 60 69 79 60 80 80 62 70 70 75 71 71 81 71 74 72 73 74 73 73 66 75 65 65 75 82 74 72 82 83 72 84 84 85 85 79 86 87 79 77 87 76 70 70 76 69 78 78 77 78 79 77 80 88 80 80 76 75 89 71 81 89 83 81 73 73 84 84 90 91 87 79 91 87 83 81 82 83 72 84 92 91 85 79 86 87 88 86 82 92 72 82 92 93 85 85 78 78 88 86 94 88 80 94 76 95 95 83 91 89 83 91 96 96 84 90 90 97 87 98 91 89 99 81 89 99 81 90 100 97 93 88 101 94 88 101 94 92 102 82 100 93 93 85 103 103 92 86 94 92 86 104 104 105 95 106 97 95 95 107 96 99 96 96 99 97 108 98 97 98 98 109 89 99 90 90 110 111 93 93 101 94 112 102 102 100 102 113 100 101 103 103 101 103 114 104 104 100 115 104 116 105 106 106 97 106 95 107 107 110 96 107 99 105 108 112 105 98 112 109 98 110 113 113 110 111 108 108 111 102 112 109 102 116 109 113 116 101 114 103 111 114 114 104 115 100 115 115 116 117 117 112 106 106 110 118 118 110 113 107 107 119 117 112 105 117 117 120 118 116 113 118 118 119 119 108 105 119 117 120 120 116 109 120 118 114 114 108 111 119 119 111 115 115 109 120 120 

No.143
3x4x4x18
01 02 03 01 01 04 05 04 04 06 07 07 08 02 09 10 01 01 05 05 01 06 05 05 08 08 11 12 08 08 12 12 13 14 15 05 16 16 11 17 17 08 17 12 12 18 15 12 19 03 03 03 03 20 04 04 21 04 07 13 02 02 09 10 09 09 06 09 13 06 07 13 10 16 11 10 14 11 14 14 13 14 15 15 10 16 17 22 17 17 23 18 18 18 18 24 19 19 25 03 20 20 26 21 21 21 21 13 02 19 19 20 20 11 06 09 27 07 07 15 02 16 16 28 14 11 06 23 23 24 24 15 10 22 22 22 22 29 23 23 18 30 24 24 31 25 25 25 25 32 26 26 33 21 26 26 34 34 19 20 32 32 35 27 27 27 27 36 34 28 28 28 28 37 38 38 23 24 36 36 29 29 22 39 29 29 38 30 30 30 30 40 31 31 34 25 31 31 41 33 33 33 33 26 42 34 34 32 32 43 35 35 38 27 35 35 37 37 28 32 37 37 44 38 38 36 36 45 29 39 39 39 39 46 40 40 30 36 40 40 47 42 42 44 48 31 41 41 49 33 41 41 42 42 50 44 48 43 44 49 49 49 49 35 37 50 50 50 50 43 44 51 43 49 45 45 46 46 39 50 46 46 40 51 43 45 45 52 47 47 42 44 53 54 53 53 54 55 55 41 56 47 47 57 48 58 59 48 58 59 60 60 56 56 61 57 51 61 57 51 58 52 52 60 46 62 62 63 64 64 63 64 43 45 52 52 57 53 53 57 53 65 59 55 54 60 55 66 67 67 47 57 51 68 59 48 54 60 60 69 67 56 56 63 51 61 70 48 58 52 69 69 71 62 56 63 62 61 72 64 58 64 64 58 65 65 67 59 65 65 59 55 55 73 66 66 74 67 67 75 68 68 68 68 54 66 66 54 63 71 71 63 70 70 70 70 76 69 69 77 71 71 78 62 62 61 72 72 61 69 72 72 65 74 74 79 80 80 79 73 73 73 73 81 74 74 82 75 75 82 68 75 75 66 81 81 83 83 71 76 76 70 84 76 76 84 77 77 83 78 78 78 78 85 86 86 85 77 77 72 87 80 74 79 80 82 88 89 73 88 89 89 87 87 83 79 90 82 88 91 75 81 81 92 93 83 83 76 90 94 84 91 85 81 95 95 96 96 94 78 96 94 84 86 85 77 86 95 80 80 97 89 89 82 98 89 82 92 92 99 79 87 87 79 90 94 88 90 94 95 92 92 93 93 87 88 91 94 88 91 85 95 95 85 100 93 93 84 96 101 84 96 96 102 86 86 103 97 97 97 97 104 98 90 105 92 99 99 104 104 106 98 104 104 98 90 101 99 99 107 104 100 100 98 91 101 107 107 101 108 107 107 100 100 93 109 91 101 107 102 102 102 102 110 103 103 111 97 103 103 112 105 105 105 105 113 114 106 106 106 106 115 116 116 101 99 113 113 117 117 100 98 115 115 116 108 108 108 108 118 117 109 109 109 109 119 110 110 102 120 110 110 121 111 111 111 111 103 112 112 116 105 112 112 114 114 117 106 114 114 122 116 116 113 113 123 124 117 117 115 115 125 118 118 108 113 118 118 119 119 109 115 119 119 110 120 120 120 120 126 121 121 127 111 121 121 128 122 122 123 123 112 129 129 130 131 132 114 122 122 133 134 123 123 124 124 130 131 125 125 118 135 133 134 136 136 119 124 124 125 125 137 126 126 120 138 126 126 139 129 127 139 139 121 128 128 122 123 128 128 131 129 127 131 132 127 138 132 132 134 134 132 135 130 130 135 135 127 138 135 133 138 136 133 137 137 124 125 137 137 126 140 140 138 136 140 131 129 129 141 139 139 142 142 139 142 134 128 131 141 141 141 141 142 138 142 142 143 134 132 135 130 141 144 144 127 144 143 143 143 143 133 137 130 144 140 144 144 140 140 143 136 136 133 

No.145
3x4x4x5
01 02 03 04 05 06 05 05 07 08 08 07 01 09 06 01 07 06 07 07 07 10 10 10 09 09 09 11 11 11 12 11 13 12 10 13 11 14 14 11 15 15 12 15 16 17 18 13 04 02 03 04 08 03 05 08 08 05 08 10 19 02 06 01 02 03 17 02 13 12 20 10 09 21 06 01 18 03 17 18 13 12 18 22 09 14 15 14 14 15 17 14 16 17 18 16 19 19 19 04 04 23 05 04 24 20 25 24 19 26 06 01 02 03 27 28 24 20 20 20 21 21 21 29 30 31 17 18 13 12 32 22 29 33 21 29 16 15 34 16 16 22 22 22 35 19 23 35 36 23 36 36 36 20 25 25 26 26 23 27 28 24 27 28 24 34 28 28 30 30 23 29 30 31 29 30 31 34 32 32 33 33 21 37 37 37 34 37 38 34 22 38 39 26 26 35 35 35 27 35 36 27 25 36 39 26 23 39 39 39 27 40 24 25 25 28 30 33 33 29 39 31 40 40 40 34 32 40 37 33 31 37 38 31 38 38 38 32 32 40 





