Prime boxes of the No.16-Hexomino  Toshihiro Shirakawa 2015.04.21

2D Complete
3D Complete
4D Complete

minimal 2
3x4

Possible
3x4

3x5x6
3x6x[6,7]
5x5x6

3x3x3x10

Prime
3x4

3x5x6
3x6x[6,7]
5x5x6

3x3x3x10

Impossible
3x3x3x6

Solutions
3x5x6
01 01 01 01 02 02 01 01 02 02 02 02 03 03 03 04 04 04 05 05 05 06 07 08 06 07 08 06 07 03 04 09 09 05 10 10 06 07 08 11 11 11 06 03 03 04 04 09 05 05 10 06 07 08 11 07 08 12 12 08 09 09 09 10 10 10 13 13 13 11 11 13 12 13 13 14 14 14 14 15 15 14 14 15 15 15 15 12 12 12 
3x6x6
01 01 01 01 02 02 01 01 03 04 05 05 04 06 05 05 05 05 07 07 07 08 08 02 08 06 03 08 08 08 04 06 03 09 09 09 07 10 10 02 02 02 04 06 03 04 06 03 04 06 03 09 11 11 07 07 10 12 13 14 12 13 14 12 13 14 15 15 15 09 09 11 10 10 10 12 13 14 16 16 16 16 13 14 16 16 15 11 11 11 17 17 17 12 13 17 12 17 17 18 18 14 18 15 15 18 18 18 
3x6x7
01 01 01 02 02 02 02 03 03 02 02 03 03 03 03 04 04 04 05 05 01 06 06 06 06 07 07 06 06 07 07 07 07 04 08 08 05 01 01 09 09 09 10 11 12 10 11 12 10 11 12 04 04 08 05 05 05 09 13 13 10 11 12 14 14 14 15 15 12 08 08 08 16 17 18 09 09 13 10 11 12 10 11 14 15 19 20 21 19 20 16 17 18 13 13 13 16 17 18 21 14 14 15 15 15 21 19 20 16 17 18 16 17 18 16 17 18 21 19 20 21 19 20 21 19 20 
5x5x6
01 02 03 04 05 01 02 03 04 05 01 02 03 04 05 06 07 08 09 10 06 07 08 09 10 01 02 03 04 05 11 11 11 12 12 11 02 03 04 12 11 11 12 12 12 06 07 08 09 10 01 02 03 04 05 01 13 13 13 05 06 07 08 09 10 06 07 08 09 10 06 07 08 09 10 14 15 16 17 18 14 13 16 13 18 14 19 16 20 18 21 19 22 20 23 21 19 22 20 23 14 15 16 17 18 24 24 24 13 25 24 15 25 17 25 24 24 25 25 25 21 19 22 20 23 14 15 16 17 18 14 15 16 17 18 21 15 22 17 23 21 19 22 20 23 21 19 22 20 23 
3x3x3x10
01 02 03 01 02 03 01 02 03 01 02 03 04 04 04 05 05 05 01 02 03 01 02 03 06 06 06 07 08 09 10 11 09 12 13 09 07 08 09 10 11 04 12 13 05 07 08 09 10 11 09 12 13 06 07 08 14 10 11 14 12 13 14 15 16 14 15 04 04 15 05 05 07 16 14 10 11 14 12 06 06 07 08 17 10 11 17 12 13 17 15 08 17 18 18 18 15 13 17 19 16 17 19 20 21 19 20 21 22 16 23 24 25 23 26 26 23 22 16 23 24 25 18 15 27 27 22 16 23 24 25 23 19 20 21 28 28 28 24 25 28 26 28 28 29 29 29 29 18 18 29 29 27 22 20 21 19 20 21 19 20 21 30 31 32 24 25 33 26 26 26 22 31 32 24 25 33 27 27 27 22 31 32 34 35 33 36 36 36 30 37 37 34 35 37 37 37 37 38 39 40 38 39 40 38 39 40 30 31 32 34 35 33 36 41 41 30 42 42 34 35 42 42 42 42 30 31 32 34 35 33 38 39 40 30 31 32 34 35 33 36 36 41 43 44 45 43 44 45 43 44 45 43 44 45 38 39 40 38 39 40 43 44 45 43 44 45 41 41 41 
