Prime boxes of the No.22-Hexomino  Toshihiro Shirakawa 2015.04.20

minimal 16
4x4x6

Possible
4x 4x[6,21]
4x 5x[36,39,45,48,51,54,57,60,63,66,69]
4x 6x[6,9,11]
4x 7x[12,18,21,27]
4x 8x15
4x 9x[10,11,15]

5x 6x[8,10,22,23,25,27,29]
5x 8x15

6x 6x[10,19,21]
6x 7x[8,14,20,26]

Prime
4x 4x[6,21]
4x 5x[36,39,45,48,51,54,57,60,63,66,69]
4x 6x[6,9,11]
4x 7x[12,18,21,27]
4x 8x9
4x 9x[10,11]

5x 6x[8,10,22,23,25,27,29]

6x 7x8

Impossible
3x MxN
4x 4x[9,15]
4x 5x[6-33,42]
4x 7x[9,15]
4x 8x9

5x 5xN
5x 6x[6,7,9,11-15,17,19]

Solutions
4x4x6
01 02 03 04 01 02 02 02 01 01 01 02 05 06 01 02 07 08 03 04 07 08 03 04 07 08 03 04 05 06 06 06 09 10 11 12 13 14 11 12 07 08 03 04 05 05 05 06 09 10 10 10 13 14 11 12 07 08 03 04 07 08 05 06 09 09 09 10 13 14 11 12 13 14 11 12 13 14 11 12 15 16 09 10 15 16 16 16 15 15 15 16 13 14 15 16 
4x4x21
01 02 03 04 01 02 02 02 01 01 01 02 05 06 01 02 07 08 03 04 07 08 03 04 07 08 03 04 05 06 06 06 09 10 11 12 09 13 11 12 07 08 03 04 05 05 05 06 14 10 10 10 09 13 11 12 07 08 03 04 07 08 05 06 14 14 14 10 09 13 11 12 09 13 11 12 09 13 11 12 15 16 14 10 15 16 16 16 15 15 15 16 17 13 15 16 18 19 14 20 17 20 20 20 17 20 21 22 17 20 23 24 18 19 19 19 17 25 25 25 21 21 21 22 23 23 23 24 18 18 18 19 17 25 26 27 21 22 22 22 23 24 24 24 28 29 18 19 25 25 26 27 21 22 26 27 23 24 26 27 28 29 30 31 30 30 30 31 30 31 31 31 30 31 26 27 28 29 32 33 28 29 34 35 28 29 36 36 37 38 26 27 32 32 32 33 34 34 34 35 28 29 36 39 37 38 38 38 32 33 33 33 34 35 35 35 36 36 36 39 37 37 37 38 32 33 40 39 34 35 40 39 40 40 40 39 40 41 37 38 42 43 44 39 42 43 43 43 42 42 42 43 45 41 42 43 46 47 44 48 46 47 44 48 46 47 44 48 45 41 41 41 49 50 51 52 53 54 51 52 46 47 44 48 45 45 45 41 49 50 50 50 53 54 51 52 46 47 44 48 46 47 45 48 49 49 49 50 53 54 51 52 53 54 51 52 53 54 51 52 55 56 49 50 55 56 56 56 55 55 55 56 53 54 55 56 

4x5x36
01 02 03 03 01 02 02 02 01 01 01 02 04 05 01 02 04 05 06 07 08 09 03 10 08 09 09 09 08 08 08 09 04 05 08 09 06 06 06 07 03 03 03 10 04 05 11 12 04 05 11 12 04 05 11 12 06 07 07 07 13 10 10 10 14 15 11 12 14 15 15 15 14 14 14 15 06 07 14 15 13 10 11 12 16 17 11 12 16 17 17 17 16 16 16 17 18 19 16 17 13 13 13 20 21 20 20 20 21 20 22 23 21 20 22 23 18 19 19 19 24 24 13 25 21 25 25 25 26 25 22 23 26 25 27 28 18 18 18 19 21 24 22 23 21 29 22 23 26 30 22 23 27 27 27 28 31 32 18 19 26 24 24 24 26 29 29 29 26 30 30 30 27 28 28 28 31 32 32 32 33 34 35 35 36 36 36 29 37 37 37 30 27 28 38 39 31 31 31 32 33 34 35 40 33 34 36 29 33 34 37 30 38 38 38 39 41 42 31 32 35 35 35 40 43 43 36 36 33 34 37 37 38 39 39 39 41 42 42 42 44 45 46 40 47 43 46 40 33 34 46 40 38 39 48 49 41 41 41 42 44 45 45 45 47 43 43 43 50 51 46 40 48 48 48 49 52 53 41 42 44 44 44 45 47 47 47 49 50 51 46 49 48 54 46 49 52 53 53 53 50 51 44 45 50 51 47 49 50 51 55 56 48 54 54 54 52 52 52 53 50 51 55 56 57 58 55 56 59 60 55 56 61 61 61 54 62 63 52 53 64 65 55 56 57 58 58 58 59 60 60 60 66 66 61 54 62 63 63 63 64 65 55 56 57 57 57 58 59 59 59 60 67 66 61 61 62 62 62 63 64 65 68 69 64 65 57 58 64 65 59 60 67 66 66 66 70 71 62 63 72 73 68 69 74 75 68 69 64 65 68 69 67 67 67 76 70 71 71 71 72 73 73 73 74 75 75 75 74 77 68 69 74 77 67 76 70 70 70 71 72 72 72 73 78 78 78 75 79 77 68 69 74 76 76 76 80 81 70 71 79 77 72 73 79 77 78 75 79 77 82 83 74 76 84 85 80 81 81 81 79 86 86 86 87 87 78 78 88 88 82 83 84 84 84 85 80 80 80 81 79 86 82 83 89 87 82 83 90 88 82 83 84 85 85 85 91 92 80 81 86 86 82 83 89 87 87 87 90 88 88 88 84 85 93 94 91 92 92 92 95 95 95 96 89 89 89 96 90 90 90 96 93 93 93 94 91 91 91 92 97 98 95 99 97 98 89 99 97 98 90 96 93 94 94 94 100 101 91 92 102 103 95 95 102 102 102 99 97 98 102 96 93 94 102 96 100 101 101 101 104 103 103 103 104 104 104 99 97 98 104 99 97 98 104 99 100 100 100 101 105 106 107 103 105 106 108 109 108 108 108 109 108 109 109 109 108 109 100 101 107 107 107 103 105 106 110 111 110 110 110 111 110 111 111 111 110 111 112 113 107 114 114 114 105 106 115 116 105 106 115 116 105 106 115 116 112 112 112 113 107 114 117 118 117 117 117 118 117 118 118 118 117 118 115 116 112 113 113 113 114 114 119 120 119 119 119 120 119 120 120 120 119 120 115 116 112 113 115 116 
4x5x39
01 02 02 02 01 02 03 04 02 02 03 05 03 03 03 06 03 07 07 07 08 09 09 09 01 09 10 04 09 09 10 05 10 10 10 06 10 07 11 12 08 13 13 13 01 04 04 04 01 05 05 05 01 06 06 06 07 07 11 12 08 13 14 14 08 04 15 15 08 05 11 12 16 06 11 12 17 18 11 12 13 13 14 19 20 20 15 21 08 20 11 12 16 20 20 20 17 18 18 18 14 14 14 19 15 15 15 21 22 23 24 21 16 16 16 21 17 17 17 18 25 26 27 19 28 29 27 19 22 23 24 19 22 23 16 21 22 23 17 18 25 26 30 31 28 29 27 32 28 29 24 19 28 29 24 21 22 23 24 33 25 26 30 31 25 26 27 32 25 26 27 32 28 29 27 32 22 23 24 33 34 35 30 31 36 37 30 31 25 26 30 31 28 29 38 32 39 33 33 33 34 35 35 35 36 37 37 37 39 40 30 31 39 40 38 32 39 33 41 42 34 34 34 35 36 36 36 37 39 40 43 44 38 38 38 45 41 41 41 42 46 40 34 35 47 40 36 37 39 40 43 44 38 45 45 45 41 42 42 42 46 48 49 50 47 48 51 52 47 48 43 44 47 45 43 44 41 42 43 44 46 53 49 50 46 54 51 52 46 48 51 52 47 45 51 52 55 56 43 44 57 53 49 50 58 54 49 50 46 48 49 50 47 48 51 52 55 56 56 56 57 53 53 53 58 54 54 54 58 59 49 50 58 60 51 52 55 55 55 56 57 61 62 53 57 63 64 54 57 59 59 59 58 60 60 60 65 66 55 56 67 61 62 68 69 63 64 68 57 63 64 59 58 63 64 60 65 66 66 66 67 61 62 70 69 61 62 68 69 61 62 59 69 63 64 60 65 65 65 66 67 67 67 70 71 71 71 68 72 61 62 68 69 63 64 68 73 74 65 66 72 75 67 70 72 76 71 70 72 76 77 70 69 76 77 78 73 74 74 74 72 75 75 75 79 76 71 71 79 80 77 70 79 78 78 78 73 73 73 74 72 76 77 75 79 76 77 81 82 80 77 81 82 78 83 81 84 85 73 74 79 80 86 75 79 80 83 81 82 80 83 87 88 78 83 87 84 85 85 85 82 80 86 81 82 89 83 81 82 89 90 87 88 89 90 91 84 84 84 85 86 86 86 87 92 89 83 87 93 93 90 87 88 88 88 91 94 95 84 85 86 89 90 96 92 89 90 91 97 93 90 91 98 99 88 91 94 95 95 95 100 100 100 96 92 92 92 91 97 93 93 93 98 99 99 99 94 94 94 95 101 102 100 96 103 104 92 96 97 97 97 96 98 98 98 99 105 106 94 95 101 102 100 100 103 104 107 108 103 104 97 96 103 104 98 99 105 106 106 106 101 102 109 110 101 102 107 108 101 102 107 108 103 104 107 108 105 105 105 106 111 112 109 110 113 114 109 110 101 102 109 110 103 104 107 108 115 116 105 106 111 112 112 112 113 114 114 114 117 118 109 110 119 120 107 108 115 116 116 116 111 111 111 112 113 113 113 114 117 118 109 110 119 120 120 120 115 115 115 116 117 118 111 112 117 118 113 114 117 118 121 122 119 119 119 120 123 124 115 116 117 118 121 122 125 126 121 122 125 126 121 122 125 126 119 120 123 124 124 124 127 128 121 122 127 128 128 128 127 127 127 128 125 126 127 128 123 123 123 124 129 130 121 122 129 130 130 130 129 129 129 130 125 126 129 130 125 126 123 124 
4x5x45
01 02 03 04 01 02 02 02 01 01 01 02 05 06 01 02 05 06 07 08 09 10 03 04 09 10 10 10 09 09 09 10 05 06 09 10 07 07 07 08 11 12 03 04 05 06 03 04 05 06 03 04 05 06 13 14 07 08 08 08 11 12 15 16 11 12 17 18 11 12 03 04 13 13 13 14 07 08 19 20 15 15 15 16 17 17 17 18 11 12 21 22 13 14 14 14 19 19 19 20 15 16 16 16 17 18 18 18 11 12 21 22 13 14 23 24 19 20 20 20 15 16 21 22 17 18 21 22 25 26 21 22 23 23 23 24 19 20 27 28 25 26 21 22 25 26 29 30 25 26 31 32 23 24 24 24 27 27 27 28 25 26 33 33 29 29 29 30 31 31 31 32 23 24 34 35 27 28 28 28 25 26 33 36 29 30 30 30 31 32 32 32 34 34 34 35 27 28 37 38 33 33 33 36 29 30 39 35 31 32 39 35 34 40 39 35 37 37 37 38 41 36 36 36 42 42 39 35 43 43 43 44 34 40 40 40 37 38 38 38 41 36 39 44 41 42 39 44 41 45 43 44 46 46 46 40 37 38 47 48 49 49 49 44 50 42 42 42 41 45 43 43 51 51 46 40 47 47 47 48 52 52 49 44 50 50 50 53 41 45 45 45 54 51 46 46 47 48 48 48 55 52 49 49 56 56 50 53 57 57 57 45 54 51 51 51 47 48 58 59 55 52 52 52 54 56 50 53 54 60 57 53 54 60 61 53 58 58 58 59 55 55 55 62 54 56 56 56 63 60 57 57 64 65 61 53 58 59 59 59 63 60 55 62 63 60 61 66 63 60 61 66 64 65 61 66 58 59 67 68 63 62 62 62 64 65 61 66 64 65 69 70 64 65 71 72 67 67 67 68 63 62 73 66 64 65 73 66 69 69 69 70 71 71 71 72 67 68 68 68 74 75 76 77 74 75 73 78 69 70 70 70 71 72 72 72 67 68 79 80 81 82 76 77 74 75 73 78 69 70 73 78 71 72 73 78 79 79 79 80 81 82 76 77 74 75 76 77 74 75 76 77 74 75 83 78 79 80 80 80 81 82 84 85 81 82 86 87 81 82 76 77 83 83 83 78 79 80 88 89 84 84 84 85 86 86 86 87 81 82 90 91 83 92 92 92 88 88 88 89 84 85 85 85 86 87 87 87 93 94 90 91 83 92 95 95 88 89 89 89 84 85 90 91 86 87 90 91 93 94 90 91 92 92 95 96 88 89 97 98 93 94 90 91 93 94 99 99 93 94 100 101 95 95 95 96 97 97 97 98 93 94 102 103 104 105 99 106 104 105 100 101 104 96 96 96 97 98 98 98 102 102 102 103 99 99 99 106 107 105 100 101 104 96 100 101 97 98 100 101 102 103 103 103 108 109 110 106 107 105 110 106 104 105 110 106 104 105 100 101 102 103 111 112 108 109 113 113 107 109 114 115 107 109 110 106 107 116 116 116 111 111 111 112 108 117 113 118 108 117 114 115 108 109 110 115 107 116 110 115 111 112 112 112 113 113 113 118 119 117 114 118 108 109 114 118 116 116 114 115 111 112 120 121 122 123 124 125 119 117 124 125 119 117 124 118 119 117 114 115 120 120 120 121 122 123 126 127 122 123 128 125 122 123 124 118 119 129 129 129 120 121 121 121 126 126 126 127 128 128 128 125 122 123 124 125 119 129 124 125 120 121 130 131 126 127 127 127 128 132 132 132 122 123 133 134 129 129 135 136 130 130 130 131 126 127 137 138 128 132 139 140 133 133 133 134 135 135 135 136 130 131 131 131 137 137 137 138 132 132 139 140 133 134 134 134 135 136 136 136 130 131 141 142 137 138 138 138 143 144 139 140 133 134 139 140 135 136 139 140 141 141 141 142 137 138 145 146 143 144 145 146 143 144 145 146 143 144 139 140 141 142 142 142 147 148 145 146 147 148 148 148 147 147 147 148 143 144 147 148 141 142 145 146 149 150 145 146 149 150 150 150 149 149 149 150 143 144 149 150 
4x5x48
01 02 03 04 01 02 02 02 01 01 01 02 05 06 01 02 05 06 07 08 09 10 03 04 09 10 10 10 09 09 09 10 05 06 09 10 07 07 07 08 11 12 03 04 05 06 03 04 05 06 03 04 05 06 13 14 07 08 08 08 11 12 15 16 11 12 17 18 11 12 03 04 13 13 13 14 07 08 19 20 15 15 15 16 17 17 17 18 11 12 21 21 13 14 14 14 19 19 19 20 15 16 16 16 17 18 18 18 11 12 21 22 13 14 23 24 19 20 20 20 15 16 25 25 17 18 26 27 21 21 21 22 23 23 23 24 19 20 28 29 30 31 25 32 30 31 26 27 30 22 22 22 23 24 24 24 28 28 28 29 25 25 25 32 33 31 26 27 30 22 26 27 23 24 26 27 28 29 29 29 34 35 36 32 33 31 36 32 30 31 36 32 30 31 26 27 28 29 37 38 34 35 39 39 33 35 40 41 33 35 36 32 33 42 42 42 37 37 37 38 34 43 39 44 34 43 40 41 34 35 36 41 33 42 36 41 37 38 38 38 39 39 39 44 45 43 40 44 34 35 40 44 42 42 40 41 37 38 46 47 48 49 50 51 45 43 50 51 45 43 50 44 45 43 40 41 46 46 46 47 48 49 52 53 48 49 54 51 48 49 50 44 45 55 55 55 46 47 47 47 52 52 52 53 54 54 54 51 48 49 50 51 45 55 50 51 46 47 56 57 52 53 53 53 54 58 58 58 48 49 59 60 55 55 61 62 56 56 56 57 52 53 63 64 54 58 65 66 59 59 59 60 61 61 61 62 56 57 57 57 63 63 63 64 58 58 65 66 59 60 60 60 61 62 62 62 56 57 67 68 63 64 64 64 69 70 65 66 59 60 65 66 61 62 65 66 67 67 67 68 63 64 71 72 69 70 73 74 69 70 75 76 69 70 65 66 67 68 68 68 71 71 71 72 73 73 73 74 75 75 75 76 69 70 77 78 67 68 79 80 71 72 72 72 73 74 74 74 75 76 76 76 69 70 77 78 79 79 79 80 71 72 81 82 73 74 77 78 75 76 77 78 83 84 77 78 79 80 80 80 81 81 81 82 83 84 77 78 83 84 85 86 83 84 87 88 79 80 89 90 81 82 82 82 83 84 91 92 85 85 85 86 87 87 87 88 89 89 89 90 81 82 93 94 83 84 91 92 85 86 86 86 87 88 88 88 89 90 90 90 93 93 93 94 95 96 91 92 85 86 91 92 87 88 91 92 89 90 97 98 93 94 94 94 95 96 99 100 95 96 101 102 95 96 91 92 97 97 97 98 93 94 103 104 99 99 99 100 101 101 101 102 95 96 105 105 97 98 98 98 103 103 103 104 99 100 100 100 101 102 102 102 95 96 105 106 97 98 107 108 103 104 104 104 99 100 109 109 101 102 110 111 105 105 105 106 107 107 107 108 103 104 112 113 114 115 109 116 114 115 110 111 114 106 106 106 107 108 108 108 112 112 112 113 109 109 109 116 117 115 110 111 114 106 110 111 107 108 110 111 112 113 113 113 118 119 120 116 117 115 120 116 114 115 120 116 114 115 110 111 112 113 121 122 118 119 123 123 117 119 124 125 117 119 120 116 117 126 126 126 121 121 121 122 118 127 123 128 118 127 124 125 118 119 120 125 117 126 120 125 121 122 122 122 123 123 123 128 129 127 124 128 118 119 124 128 126 126 124 125 121 122 130 131 132 133 134 135 129 127 134 135 129 127 134 128 129 127 124 125 130 130 130 131 132 133 136 137 132 133 138 135 132 133 134 128 129 139 139 139 130 131 131 131 136 136 136 137 138 138 138 135 132 133 134 135 129 139 134 135 130 131 140 141 136 137 137 137 138 142 142 142 132 133 143 144 139 139 145 146 140 140 140 141 136 137 147 148 138 142 149 150 143 143 143 144 145 145 145 146 140 141 141 141 147 147 147 148 142 142 149 150 143 144 144 144 145 146 146 146 140 141 151 152 147 148 148 148 153 154 149 150 143 144 149 150 145 146 149 150 151 151 151 152 147 148 155 156 153 154 155 156 153 154 155 156 153 154 149 150 151 152 152 152 157 158 155 156 157 158 158 158 157 157 157 158 153 154 157 158 151 152 155 156 159 160 155 156 159 160 160 160 159 159 159 160 153 154 159 160 
4x5x51
01 02 03 04 01 02 02 02 01 01 01 02 05 06 01 02 05 06 07 08 09 10 03 04 09 10 10 10 09 09 09 10 05 06 09 10 07 07 07 08 11 12 03 04 05 06 03 04 05 06 03 04 05 06 13 14 07 08 08 08 11 12 15 16 11 12 17 18 11 12 03 04 13 13 13 14 07 08 19 20 15 15 15 16 17 17 17 18 11 12 21 22 13 14 14 14 19 19 19 20 15 16 16 16 17 18 18 18 11 12 21 22 13 14 23 24 19 20 20 20 15 16 21 22 17 18 21 22 25 26 21 22 23 23 23 24 19 20 27 28 25 26 21 22 25 26 29 30 25 26 31 32 23 24 24 24 27 27 27 28 25 26 33 33 29 29 29 30 31 31 31 32 23 24 34 35 27 28 28 28 25 26 33 36 29 30 30 30 31 32 32 32 34 34 34 35 27 28 37 38 33 33 33 36 29 30 39 35 31 32 39 35 34 40 39 35 37 37 37 38 41 36 36 36 42 42 39 35 43 43 43 44 34 40 40 40 37 38 38 38 41 36 39 44 41 42 39 44 41 45 43 44 46 46 46 40 37 38 47 48 49 49 49 44 50 42 42 42 41 45 43 43 51 51 46 40 47 47 47 48 52 52 49 44 50 50 50 53 41 45 45 45 54 51 46 46 47 48 48 48 55 52 49 49 56 56 50 53 57 57 57 45 54 51 51 51 47 48 58 59 55 52 52 52 54 56 50 53 54 60 57 53 54 60 61 53 58 58 58 59 55 55 55 62 54 56 56 56 63 60 57 57 64 65 61 53 58 59 59 59 63 60 55 62 63 60 61 66 63 60 61 66 64 65 61 66 58 59 67 68 63 62 62 62 64 65 61 66 64 65 69 70 64 65 71 72 67 67 67 68 63 62 73 66 64 65 73 66 69 69 69 70 71 71 71 72 67 68 68 68 74 75 76 77 74 75 73 78 69 70 70 70 71 72 72 72 67 68 79 80 81 82 76 77 74 75 73 78 69 70 73 78 71 72 73 78 79 79 79 80 81 82 76 77 74 75 76 77 74 75 76 77 74 75 83 78 79 80 80 80 81 82 84 85 81 82 86 87 81 82 76 77 83 83 83 78 79 80 88 89 84 84 84 85 86 86 86 87 81 82 90 91 83 92 92 92 88 88 88 89 84 85 85 85 86 87 87 87 93 94 90 91 83 92 95 96 88 89 89 89 84 85 90 91 86 87 90 91 93 94 90 91 92 92 95 96 88 89 97 98 93 94 90 91 93 94 95 96 93 94 95 96 99 100 95 96 101 102 97 98 93 94 103 104 99 100 95 96 99 100 97 98 99 100 97 98 101 102 97 98 103 103 103 104 99 100 105 105 101 102 97 98 101 102 106 107 101 102 108 109 103 104 104 104 99 100 105 107 101 102 110 107 106 106 106 107 108 108 108 109 103 104 111 112 105 105 105 107 110 110 110 113 106 114 114 114 108 109 109 109 111 111 111 112 115 116 117 107 110 116 117 113 106 114 117 113 108 109 118 113 111 112 112 112 115 115 115 119 110 116 120 119 114 114 117 119 118 118 118 113 111 112 121 122 123 124 115 125 123 116 120 125 123 116 117 119 118 116 117 113 121 121 121 122 126 124 115 127 126 124 120 125 123 124 120 119 118 128 120 119 121 122 122 122 129 130 131 127 126 130 131 125 123 124 131 125 123 128 120 125 121 122 132 133 129 127 127 127 126 130 134 134 126 124 131 135 126 128 128 128 132 132 132 133 129 127 136 137 129 130 134 138 129 130 131 135 139 130 131 128 132 133 133 133 136 136 136 137 134 134 134 138 129 135 135 135 139 140 140 140 132 133 141 142 136 137 137 137 139 138 138 138 139 135 143 144 139 140 145 146 141 141 141 142 136 137 143 144 139 138 143 144 147 148 143 144 140 140 145 146 141 142 142 142 147 148 143 144 147 148 145 146 147 148 145 146 149 150 145 146 141 142 151 152 147 148 143 144 149 150 145 146 149 150 153 154 149 150 155 156 151 151 151 152 147 148 157 158 149 150 159 160 153 153 153 154 155 155 155 156 151 152 152 152 157 157 157 158 149 150 159 160 153 154 154 154 155 156 156 156 151 152 161 162 157 158 158 158 163 164 159 160 153 154 159 160 155 156 159 160 161 161 161 162 157 158 165 166 163 164 165 166 163 164 165 166 163 164 159 160 161 162 162 162 167 168 165 166 167 168 168 168 167 167 167 168 163 164 167 168 161 162 165 166 169 170 165 166 169 170 170 170 169 169 169 170 163 164 169 170 
4x5x54
01 02 03 04 01 02 02 02 01 01 01 02 05 06 01 02 05 06 07 08 09 10 03 04 09 10 10 10 09 09 09 10 05 06 09 10 07 07 07 08 11 12 03 04 05 06 03 04 05 06 03 04 05 06 13 14 07 08 08 08 11 12 15 16 11 12 17 16 11 12 03 04 13 13 13 14 07 08 18 19 15 15 15 20 17 17 17 16 11 12 21 21 13 14 14 14 18 18 18 19 15 22 23 20 17 22 23 16 11 12 21 16 13 14 24 16 18 19 19 19 15 25 26 20 17 22 23 20 21 21 21 20 24 24 24 27 18 19 28 29 30 25 26 31 30 22 23 32 30 22 23 20 24 22 23 27 28 28 28 29 33 25 26 31 33 25 26 32 30 25 26 34 24 27 27 27 28 29 29 29 35 31 31 31 33 32 32 32 30 25 26 34 30 27 36 37 28 29 38 39 35 31 40 34 33 32 40 34 33 41 40 34 33 41 36 37 38 38 38 39 35 35 35 34 42 42 42 37 43 41 40 37 36 36 36 37 38 39 39 39 43 41 35 44 43 41 42 37 43 41 40 45 36 46 40 45 38 39 47 48 43 44 44 44 49 46 42 42 49 46 50 45 49 46 51 52 47 47 47 48 43 44 53 45 49 46 53 45 50 50 50 45 51 51 51 52 47 48 48 48 49 44 54 55 49 46 53 56 50 57 57 57 51 52 52 52 47 48 58 59 60 60 54 55 61 62 53 56 50 57 53 56 51 52 53 56 58 58 58 59 63 60 54 55 61 62 54 55 57 57 54 55 64 64 64 56 58 59 59 59 63 60 60 60 61 62 62 62 61 65 54 55 61 65 64 56 58 59 66 67 63 63 63 68 69 69 69 62 70 65 71 71 61 72 64 64 66 66 66 67 70 65 63 68 70 65 69 68 70 65 71 68 73 72 72 72 66 67 67 67 70 74 74 74 75 76 69 69 71 71 71 68 73 73 73 72 66 67 77 78 70 74 79 79 75 76 80 81 75 76 82 68 75 76 73 72 77 77 77 78 74 74 79 83 80 80 80 81 82 82 82 81 75 76 73 81 77 78 78 78 79 79 79 83 80 84 84 84 82 85 85 85 75 76 86 81 77 78 87 88 89 90 91 83 80 84 91 83 82 85 91 83 86 86 86 81 87 87 87 88 89 90 90 90 84 84 92 93 85 85 91 83 86 94 94 94 87 88 88 88 89 89 89 90 92 92 92 93 95 96 91 93 86 94 91 93 87 88 97 98 99 100 89 90 92 101 101 101 95 96 96 96 94 94 102 93 97 97 97 98 99 100 100 100 92 101 103 104 95 95 95 96 102 102 102 93 97 98 98 98 99 99 99 100 101 101 103 104 105 105 95 96 102 106 106 106 97 98 107 108 109 110 99 100 109 111 103 104 109 105 103 104 102 106 103 104 107 107 107 108 112 110 110 110 112 111 113 114 109 105 105 105 106 106 103 104 107 108 108 108 115 115 115 110 112 111 113 114 109 111 113 114 109 111 113 114 107 108 116 117 118 118 115 110 112 118 119 119 112 118 118 118 112 111 113 114 116 116 116 117 120 121 115 115 122 123 119 124 122 123 125 126 122 123 113 114 116 117 117 117 120 121 121 121 119 119 119 124 127 127 125 126 122 123 125 126 116 117 125 126 120 120 120 121 128 129 130 124 131 127 130 124 122 123 130 124 122 123 125 126 132 133 120 121 128 129 129 129 131 127 127 127 134 135 130 124 134 136 125 126 132 133 133 133 128 128 128 129 131 131 131 137 134 135 130 137 138 136 130 137 132 132 132 133 134 135 128 129 134 135 131 137 134 135 139 139 138 136 136 136 140 141 132 133 142 135 143 137 138 144 143 137 138 144 139 145 138 144 146 136 140 141 141 141 142 142 142 145 138 144 143 145 139 139 139 145 146 146 146 147 140 140 140 141 148 144 142 145 148 144 143 147 148 149 143 147 146 150 143 147 151 152 140 141 153 154 142 145 153 155 156 147 148 149 149 149 146 150 150 150 151 152 152 152 157 154 154 154 153 155 156 147 148 155 156 149 148 155 156 150 151 151 151 152 157 158 159 154 153 158 159 160 153 158 159 149 153 155 156 150 161 162 151 152 157 157 157 154 163 163 163 160 164 158 159 160 165 155 156 160 161 162 162 162 166 167 157 168 169 170 163 168 164 158 159 168 165 158 159 160 161 161 161 162 166 167 167 167 169 170 163 163 164 164 164 168 165 165 165 160 171 172 161 162 166 166 166 167 169 170 173 174 169 170 164 168 169 170 165 168 171 172 172 172 175 176 166 167 175 176 173 174 175 176 173 174 169 170 173 174 171 171 171 172 175 176 177 178 177 177 177 178 177 178 178 178 177 178 173 174 175 176 171 172 175 176 179 180 179 179 179 180 179 180 180 180 179 180 173 174 
4x5x57
01 02 03 04 01 02 02 02 01 01 01 02 05 06 01 02 05 06 07 08 09 10 03 04 09 10 10 10 09 09 09 10 05 06 09 10 07 07 07 08 11 12 03 04 05 06 03 04 05 06 03 04 05 06 13 14 07 08 08 08 11 12 15 16 11 12 17 18 11 12 03 04 13 13 13 14 07 08 19 20 15 15 15 16 17 17 17 18 11 12 21 21 13 14 14 14 19 19 19 20 15 16 16 16 17 18 18 18 11 12 21 22 13 14 23 24 19 20 20 20 15 16 25 25 17 18 26 27 21 21 21 22 23 23 23 24 19 20 28 29 30 31 25 32 30 31 26 27 30 22 22 22 23 24 24 24 28 28 28 29 25 25 25 32 33 31 26 27 30 22 26 27 23 24 26 27 28 29 29 29 34 35 36 32 33 31 36 32 30 31 36 32 30 31 26 27 28 29 37 38 34 35 39 39 33 35 40 41 33 35 36 32 33 42 42 42 37 37 37 38 34 43 39 44 34 43 40 41 34 35 36 41 33 42 36 41 37 38 38 38 39 39 39 44 45 43 40 44 34 35 40 44 42 42 40 41 37 38 46 47 48 49 50 51 45 43 50 51 45 43 50 44 45 43 40 41 46 46 46 47 48 49 52 53 48 49 54 51 48 49 50 44 45 55 55 55 46 47 47 47 52 52 52 53 56 57 54 51 48 49 50 51 45 55 50 51 46 47 58 59 52 53 53 53 56 57 54 60 48 49 54 60 55 55 54 60 58 58 58 59 52 53 61 62 56 57 63 64 56 57 65 66 56 57 54 60 58 59 59 59 61 61 61 62 63 63 63 64 65 65 65 66 56 57 67 60 58 59 68 60 61 62 62 62 63 64 64 64 65 66 66 66 67 67 67 69 68 68 68 70 61 62 71 72 63 64 73 74 65 66 75 76 67 69 69 69 68 70 70 70 71 71 71 72 77 78 73 74 79 80 75 76 67 69 75 76 68 70 75 76 71 72 72 72 77 78 73 74 79 80 73 74 79 69 73 74 79 70 75 76 71 72 81 82 77 78 78 78 77 80 80 80 77 83 73 74 79 84 75 76 81 81 81 82 85 86 87 78 88 89 90 80 77 83 83 83 79 84 84 84 81 82 82 82 85 86 87 91 88 89 90 92 88 89 90 83 88 89 90 84 81 82 93 94 85 86 87 91 85 86 87 92 85 86 87 83 88 89 90 84 93 93 93 94 95 91 91 91 96 92 92 92 85 86 87 97 88 89 90 98 93 94 94 94 95 91 99 99 96 92 100 101 96 97 97 97 96 98 98 98 93 94 102 103 95 104 99 105 95 104 100 101 95 97 100 101 96 98 100 101 102 102 102 103 99 99 99 105 106 104 107 107 95 97 108 108 96 98 100 101 102 103 103 103 109 105 105 105 106 104 107 110 106 104 108 111 106 104 100 101 102 103 112 113 109 105 114 115 107 107 107 110 108 108 108 111 106 116 116 116 112 112 112 113 109 117 114 115 109 110 110 110 109 111 111 111 106 116 118 118 112 113 113 113 119 117 114 115 120 110 114 115 109 111 114 115 116 116 118 121 112 113 122 123 119 117 117 117 120 124 124 124 125 125 114 115 118 118 118 121 122 122 122 123 119 119 119 117 120 124 126 121 120 125 126 121 120 127 126 121 122 123 123 123 128 128 119 129 124 124 126 121 130 125 125 125 120 127 127 127 122 123 131 132 133 128 126 129 134 135 126 129 130 130 130 129 136 136 136 127 131 131 131 132 133 128 128 128 134 135 137 137 134 135 130 129 134 135 136 127 131 132 132 132 133 138 139 140 133 138 137 141 133 138 130 129 134 135 136 136 131 132 142 143 139 139 139 140 137 137 137 141 133 138 144 145 134 135 146 145 142 142 142 143 139 140 140 140 147 141 141 141 147 138 144 145 147 138 146 148 142 143 143 143 139 140 144 145 147 141 144 145 149 149 144 145 146 146 146 148 142 143 150 151 147 152 144 153 147 152 154 148 155 149 154 148 146 156 154 148 150 150 150 151 155 153 153 153 155 152 154 148 155 149 149 149 157 156 156 156 150 151 151 151 155 153 154 158 157 152 154 158 157 152 159 158 157 152 160 156 150 151 161 162 155 153 163 164 157 165 166 164 159 159 159 158 160 160 160 156 161 161 161 162 163 163 163 167 157 165 166 164 159 165 166 158 160 165 166 158 161 162 162 162 163 168 169 167 170 168 169 164 159 168 169 164 160 165 166 164 161 162 171 172 163 167 167 167 170 173 173 173 170 168 169 174 170 165 166 175 171 171 171 172 176 167 177 178 176 173 179 180 176 168 169 174 170 168 169 175 171 172 172 172 177 177 177 178 173 173 179 180 176 174 174 174 170 175 175 175 171 172 181 182 177 178 178 178 183 184 179 180 176 174 179 180 176 175 179 180 181 181 181 182 177 178 185 186 183 184 185 186 183 184 185 186 183 184 179 180 181 182 182 182 187 188 185 186 187 188 188 188 187 187 187 188 183 184 187 188 181 182 185 186 189 190 185 186 189 190 190 190 189 189 189 190 183 184 189 190 
4x5x60
01 02 03 04 01 02 02 02 01 01 01 02 05 06 01 02 05 06 07 08 09 10 03 04 09 10 10 10 09 09 09 10 05 06 09 10 07 07 07 08 11 12 03 04 05 06 03 04 05 06 03 04 05 06 13 14 07 08 08 08 11 12 15 16 11 12 17 16 11 12 03 04 13 13 13 14 07 08 18 19 15 15 15 20 17 17 17 16 11 12 21 21 13 14 14 14 18 18 18 19 15 22 23 20 17 22 23 16 11 12 21 16 13 14 24 16 18 19 19 19 15 25 26 20 17 22 23 20 21 21 21 20 24 24 24 27 18 19 28 29 30 25 26 31 30 22 23 32 30 22 23 20 24 22 23 27 28 28 28 29 33 25 26 31 33 25 26 32 30 25 26 34 24 27 27 27 28 29 29 29 35 31 31 31 33 32 32 32 30 25 26 34 30 27 36 37 28 29 38 39 35 31 40 34 33 32 40 34 33 41 40 34 33 41 36 37 38 38 38 39 35 35 35 34 42 42 42 37 43 41 40 37 36 36 36 37 38 39 39 39 43 41 35 44 43 41 42 37 43 41 40 45 36 46 40 45 38 39 47 48 43 44 44 44 49 46 42 42 49 46 50 45 49 46 51 52 47 47 47 48 43 44 50 45 49 46 50 45 53 53 50 45 51 51 51 52 47 48 48 48 49 44 50 54 49 46 55 52 56 53 55 52 51 57 55 52 47 48 58 59 56 60 50 54 56 61 55 52 56 53 53 53 51 57 57 57 58 58 58 59 56 60 55 54 62 61 55 54 62 61 63 54 62 61 64 57 58 59 59 59 56 60 63 65 62 60 63 66 67 60 63 54 68 61 64 57 58 59 69 70 62 71 63 65 62 71 64 66 67 60 64 66 68 61 64 66 69 69 69 70 72 73 63 65 74 71 64 65 67 67 67 65 68 68 68 66 69 70 70 70 72 73 75 76 74 71 77 76 74 71 67 65 74 71 68 66 69 70 78 79 72 73 75 80 72 73 77 76 72 73 81 81 74 82 82 82 78 78 78 79 75 75 75 80 77 77 77 76 72 73 81 76 74 82 83 76 78 79 79 79 75 80 80 80 77 84 84 84 81 81 81 85 82 82 83 86 78 79 87 88 89 80 90 91 89 84 92 91 89 85 85 85 83 83 83 86 87 87 87 88 90 90 90 93 84 84 92 91 89 85 94 94 83 86 86 86 87 88 88 88 90 93 93 93 92 92 92 91 89 85 94 91 89 86 95 91 87 88 96 97 90 93 98 98 92 99 99 99 94 94 94 100 95 95 95 101 96 96 96 97 102 93 98 103 102 99 104 105 102 100 100 100 95 101 101 101 96 97 97 97 98 98 98 103 99 99 104 105 102 100 104 105 95 101 104 105 96 97 106 107 108 109 110 103 111 112 110 103 102 100 110 103 102 101 104 105 106 106 106 107 108 109 109 109 111 112 113 114 111 112 110 103 111 112 104 105 106 107 107 107 108 108 108 109 113 113 113 114 115 116 110 114 111 112 110 114 106 107 117 118 119 120 108 109 113 121 121 121 115 116 116 116 111 112 122 114 117 117 117 118 119 120 120 120 113 121 123 124 115 115 115 116 122 122 122 114 117 118 118 118 119 119 119 120 121 121 123 124 125 125 115 116 122 126 126 126 117 118 127 128 129 130 119 120 129 131 123 124 129 125 123 124 122 126 123 124 127 127 127 128 132 130 130 130 132 131 133 134 129 125 125 125 126 126 123 124 127 128 128 128 135 135 135 130 132 131 133 134 129 131 133 134 129 131 133 134 127 128 136 137 138 138 135 130 132 138 139 139 132 138 138 138 132 131 133 134 136 136 136 137 140 141 135 135 142 143 139 144 142 143 145 146 142 143 133 134 136 137 137 137 140 141 141 141 139 139 139 144 147 147 145 146 142 143 145 146 136 137 145 146 140 140 140 141 148 149 150 144 151 147 150 144 142 143 150 144 142 143 145 146 152 153 140 141 148 149 149 149 151 147 147 147 154 155 150 144 154 156 145 146 152 153 153 153 148 148 148 149 151 151 151 157 154 155 150 157 158 156 150 157 152 152 152 153 154 155 148 149 154 155 151 157 154 155 159 159 158 156 156 156 160 161 152 153 162 155 163 157 158 164 163 157 158 164 159 165 158 164 166 156 160 161 161 161 162 162 162 165 158 164 163 165 159 159 159 165 166 166 166 167 160 160 160 161 168 164 162 165 168 164 163 167 168 169 163 167 166 170 163 167 171 172 160 161 173 174 162 165 173 175 176 167 168 169 169 169 166 170 170 170 171 172 172 172 177 174 174 174 173 175 176 167 168 175 176 169 168 175 176 170 171 171 171 172 177 178 179 174 173 178 179 180 173 178 179 169 173 175 176 170 181 182 171 172 177 177 177 174 183 183 183 180 184 178 179 180 185 175 176 180 181 182 182 182 186 187 177 188 189 190 183 188 184 178 179 188 185 178 179 180 181 181 181 182 186 187 187 187 189 190 183 183 184 184 184 188 185 185 185 180 191 192 181 182 186 186 186 187 189 190 193 194 189 190 184 188 189 190 185 188 191 192 192 192 195 196 186 187 195 196 193 194 195 196 193 194 189 190 193 194 191 191 191 192 195 196 197 198 197 197 197 198 197 198 198 198 197 198 193 194 195 196 191 192 195 196 199 200 199 199 199 200 199 200 200 200 199 200 193 194 
4x5x63
01 02 03 04 01 02 02 02 01 01 01 02 05 06 01 02 05 06 07 08 09 10 03 04 09 10 10 10 09 09 09 10 05 06 09 10 07 07 07 08 11 12 03 04 05 06 03 04 05 06 03 04 05 06 13 14 07 08 08 08 11 12 15 16 11 12 17 18 11 12 03 04 13 13 13 14 07 08 19 20 15 15 15 16 17 17 17 18 11 12 21 21 13 14 14 14 19 19 19 20 15 16 16 16 17 18 18 18 11 12 21 22 13 14 23 24 19 20 20 20 15 16 25 25 17 18 26 27 21 21 21 22 23 23 23 24 19 20 28 29 30 31 25 32 30 31 26 27 30 22 22 22 23 24 24 24 28 28 28 29 25 25 25 32 33 31 26 27 30 22 26 27 23 24 26 27 28 29 29 29 34 35 36 32 33 31 36 32 30 31 36 32 30 31 26 27 28 29 37 38 34 35 39 39 33 35 40 41 33 35 36 32 33 42 42 42 37 37 37 38 34 43 39 44 34 43 40 41 34 35 36 41 33 42 36 41 37 38 38 38 39 39 39 44 45 43 40 44 34 35 40 44 42 42 40 41 37 38 46 47 48 49 50 51 45 43 50 51 45 43 50 44 45 43 40 41 46 46 46 47 48 49 52 53 48 49 54 51 48 49 50 44 45 55 55 55 46 47 47 47 52 52 52 53 56 57 54 51 48 49 50 51 45 55 50 51 46 47 58 59 52 53 53 53 56 57 54 60 48 49 54 60 55 55 54 60 58 58 58 59 52 53 61 62 56 57 63 64 56 57 65 66 56 57 54 60 58 59 59 59 61 61 61 62 63 63 63 64 65 65 65 66 56 57 67 60 58 59 67 60 61 62 62 62 63 64 64 64 65 66 66 66 68 69 67 70 68 69 71 72 61 62 73 74 63 64 67 70 65 66 67 70 68 69 67 70 71 71 71 72 73 73 73 74 68 69 75 70 68 69 75 76 68 69 75 76 71 72 72 72 73 74 74 74 77 78 75 70 77 78 79 76 77 78 79 80 71 72 79 80 73 74 75 76 77 78 75 76 81 82 79 76 81 82 83 80 81 82 84 85 77 78 86 87 77 78 79 80 81 82 79 80 88 89 83 80 84 84 84 85 86 86 86 87 81 82 83 90 81 82 83 90 88 89 83 90 84 85 85 85 86 87 87 87 88 89 83 90 88 89 91 92 88 89 93 94 84 85 95 96 86 87 97 90 88 89 97 90 91 91 91 92 93 93 93 94 95 95 95 96 98 99 100 101 98 99 97 102 91 92 92 92 93 94 94 94 95 96 96 96 103 104 100 101 98 99 97 102 91 92 97 102 93 94 97 102 95 96 105 106 103 104 100 101 98 99 100 101 98 99 100 101 98 99 107 102 105 105 105 106 103 104 108 109 103 104 110 111 103 104 100 101 107 107 107 102 105 106 106 106 108 108 108 109 110 110 110 111 103 104 112 113 107 114 114 114 105 106 115 116 108 109 109 109 110 111 111 111 117 118 112 113 107 114 119 120 115 115 115 116 108 109 112 113 110 111 112 113 117 118 112 113 114 114 119 120 115 116 116 116 117 118 112 113 117 118 119 120 117 118 119 120 121 122 119 120 115 116 123 124 117 118 125 126 121 122 119 120 121 122 123 124 121 122 123 124 127 128 123 124 125 125 125 126 121 122 129 129 127 128 123 124 127 128 130 131 127 128 132 133 125 126 126 126 121 122 129 134 127 128 123 124 130 130 130 131 132 132 132 133 125 126 135 136 129 129 129 134 127 128 137 138 130 131 131 131 132 133 133 133 135 135 135 136 139 134 134 134 140 141 137 138 130 131 137 138 132 133 137 138 135 136 136 136 139 134 142 143 140 141 142 143 140 141 142 143 140 141 137 138 135 136 144 145 139 146 147 148 139 146 149 150 139 146 142 143 140 141 137 138 144 144 144 145 147 147 147 148 149 149 149 150 139 146 142 143 140 141 142 143 144 145 145 145 147 148 148 148 149 150 150 150 151 146 152 153 151 146 154 155 144 145 156 157 147 148 152 153 149 150 152 153 151 158 152 153 154 154 154 155 156 156 156 157 151 158 152 153 151 158 159 160 151 158 161 161 154 155 155 155 156 157 157 157 162 158 152 153 162 163 159 160 162 163 161 164 154 155 165 166 156 157 159 160 162 158 159 160 167 163 159 160 161 161 161 164 165 165 165 166 162 163 159 160 162 163 168 164 167 163 168 164 169 170 168 164 165 166 166 166 167 171 171 171 167 170 168 164 167 170 172 173 169 170 174 174 165 166 175 176 167 171 168 173 169 170 168 173 169 177 172 173 169 177 174 178 175 175 175 176 171 171 172 173 169 170 172 178 179 177 172 178 174 174 174 178 175 176 176 176 179 177 172 173 179 177 180 178 179 177 180 181 182 183 180 181 175 176 184 185 179 186 186 186 182 183 180 178 182 183 187 181 182 183 188 189 184 184 184 185 179 186 180 181 182 183 180 181 187 187 187 181 188 188 188 189 184 185 185 185 186 186 190 191 182 183 192 193 187 194 194 194 188 189 189 189 184 185 195 196 190 190 190 191 192 192 192 193 187 194 197 198 188 189 199 200 195 195 195 196 190 191 191 191 192 193 193 193 194 194 197 198 199 199 199 200 195 196 196 196 190 191 197 198 192 193 197 198 201 202 197 198 199 200 200 200 195 196 203 204 201 202 197 198 201 202 205 206 201 202 205 206 199 200 205 206 203 203 203 204 201 202 207 208 207 207 207 208 207 208 208 208 207 208 205 206 203 204 204 204 201 202 209 210 209 209 209 210 209 210 210 210 209 210 205 206 203 204 205 206 
4x5x66
01 02 03 04 01 02 02 02 01 01 01 02 05 06 01 02 05 06 07 08 09 10 03 04 09 10 10 10 09 09 09 10 05 06 09 10 07 07 07 08 11 12 03 04 05 06 03 04 05 06 03 04 05 06 13 14 07 08 08 08 11 12 15 16 11 12 17 16 11 12 03 04 13 13 13 14 07 08 18 19 15 15 15 20 17 17 17 16 11 12 21 21 13 14 14 14 18 18 18 19 15 22 23 20 17 22 23 16 11 12 21 16 13 14 24 16 18 19 19 19 15 25 26 20 17 22 23 20 21 21 21 20 24 24 24 27 18 19 28 29 30 25 26 31 30 22 23 32 30 22 23 20 24 22 23 27 28 28 28 29 33 25 26 31 33 25 26 32 30 25 26 34 24 27 27 27 28 29 29 29 35 31 31 31 33 32 32 32 30 25 26 34 30 27 36 37 28 29 38 39 35 31 40 34 33 32 40 34 33 41 40 34 33 41 36 37 38 38 38 39 35 35 35 34 42 42 42 37 43 41 40 37 36 36 36 37 38 39 39 39 43 41 35 44 43 41 42 37 43 41 40 45 36 46 40 45 38 39 47 48 43 44 44 44 49 46 42 42 49 46 50 45 49 46 51 52 47 47 47 48 43 44 53 45 49 46 53 45 50 50 50 45 51 51 51 52 47 48 48 48 49 44 54 55 49 46 53 56 50 57 57 57 51 52 52 52 47 48 58 59 54 54 54 55 60 61 53 56 50 57 53 56 51 52 53 56 58 58 58 59 54 55 55 55 60 61 62 62 57 57 63 63 64 64 64 56 58 59 59 59 54 55 65 66 60 61 62 66 60 61 63 66 60 61 64 56 58 59 67 68 65 65 65 69 62 62 62 69 63 63 63 66 60 61 64 64 67 67 67 68 65 70 70 70 71 71 71 69 72 72 72 66 73 73 73 66 67 68 68 68 65 70 74 74 75 75 71 69 76 76 72 69 77 77 73 69 67 68 78 79 70 70 74 80 81 75 71 71 81 76 72 72 81 77 73 73 78 78 78 79 74 74 74 80 81 75 75 75 82 76 76 76 82 77 77 77 78 79 79 79 81 80 80 80 81 83 83 83 82 83 84 85 83 83 84 85 78 79 84 85 82 80 86 87 82 88 88 88 82 88 84 85 88 88 89 90 91 92 89 90 86 86 86 87 93 93 84 85 94 94 84 85 95 95 89 90 91 92 92 92 86 87 87 87 96 93 89 90 97 94 89 90 98 95 89 90 91 91 91 92 86 87 99 100 96 93 93 93 97 94 94 94 98 95 95 95 101 102 91 92 99 99 99 100 96 96 96 103 97 97 97 103 98 98 98 103 101 102 102 102 99 100 100 100 104 105 96 103 104 105 97 106 104 105 98 106 101 101 101 102 99 100 107 103 104 105 107 103 107 107 107 106 107 108 108 108 109 110 101 102 104 105 111 106 104 105 111 106 111 111 111 106 111 108 112 112 109 110 110 110 113 114 115 116 113 114 115 116 113 114 114 114 108 108 112 114 109 109 109 110 117 118 119 120 117 118 115 116 113 118 118 118 112 112 112 118 121 122 109 110 119 119 119 120 117 123 115 116 113 124 115 116 113 125 115 116 121 122 122 122 119 120 120 120 117 123 123 123 117 124 124 124 117 125 125 125 121 121 121 122 119 120 126 127 128 128 128 123 129 129 129 124 130 130 130 125 131 132 121 122 126 126 126 127 133 134 128 123 133 134 129 124 133 134 130 125 131 132 132 132 126 127 127 127 135 136 128 128 135 136 129 129 133 134 130 130 131 131 131 132 126 127 137 138 139 139 139 138 135 136 139 138 133 134 139 139 133 134 131 132 137 137 137 140 141 141 141 140 135 136 141 138 135 136 141 141 135 136 142 143 137 144 144 144 145 145 145 140 146 146 146 138 147 147 147 138 142 142 142 143 137 144 148 148 149 149 145 140 150 150 146 140 151 151 147 140 142 143 143 143 144 144 148 152 153 149 145 145 153 150 146 146 153 151 147 147 142 143 154 155 148 148 148 152 153 149 149 149 156 150 150 150 156 151 151 151 154 154 154 155 153 152 152 152 153 157 157 157 156 158 158 158 159 159 160 161 154 155 155 155 156 152 162 163 156 157 160 161 156 158 160 161 164 159 160 161 154 155 165 166 162 162 162 163 157 157 160 161 158 158 167 167 164 159 159 159 165 165 165 166 162 163 163 163 164 168 160 161 164 168 167 169 164 168 170 171 165 166 166 166 162 163 172 173 164 168 174 173 167 167 167 169 170 170 170 171 165 166 175 176 177 168 172 178 177 168 174 173 177 169 169 169 170 171 171 171 175 175 175 176 172 172 172 178 179 179 174 173 177 169 174 173 170 171 174 173 175 176 176 176 172 180 181 178 182 179 181 178 177 183 181 178 177 183 174 184 175 176 185 186 187 180 180 180 182 179 179 179 182 183 181 178 182 184 184 184 185 185 185 186 187 183 188 180 187 183 189 190 187 183 181 190 182 184 181 190 185 186 186 186 188 188 188 180 189 189 189 190 187 191 192 193 182 184 194 193 185 186 195 196 188 191 192 190 189 191 192 190 187 191 192 193 194 194 194 197 195 195 195 196 188 191 192 193 189 198 199 193 200 198 199 193 194 198 199 197 195 196 196 196 200 191 192 201 200 198 199 202 200 203 203 203 194 197 197 197 195 196 204 205 200 198 199 201 206 198 199 202 206 203 207 208 206 197 209 210 204 204 204 205 200 201 201 201 206 202 202 202 203 203 207 208 209 209 209 210 204 205 205 205 206 201 207 208 206 202 207 208 211 212 207 208 209 210 210 210 204 205 213 214 211 212 207 208 211 212 215 216 211 212 215 216 209 210 215 216 213 213 213 214 211 212 217 218 217 217 217 218 217 218 218 218 217 218 215 216 213 214 214 214 211 212 219 220 219 219 219 220 219 220 220 220 219 220 215 216 213 214 215 216 
4x5x69
01 02 03 04 01 02 02 02 01 01 01 02 05 06 01 02 05 06 07 08 09 10 03 04 09 10 10 10 09 09 09 10 05 06 09 10 07 07 07 08 11 12 03 04 05 06 03 04 05 06 03 04 05 06 13 14 07 08 08 08 11 12 15 16 11 12 17 18 11 12 03 04 13 13 13 14 07 08 19 20 15 15 15 16 17 17 17 18 11 12 21 21 13 14 14 14 19 19 19 20 15 16 16 16 17 18 18 18 11 12 21 22 13 14 23 24 19 20 20 20 15 16 25 25 17 18 26 27 21 21 21 22 23 23 23 24 19 20 28 29 30 31 25 32 30 31 26 27 30 22 22 22 23 24 24 24 28 28 28 29 25 25 25 32 33 31 26 27 30 22 26 27 23 24 26 27 28 29 29 29 34 35 36 32 33 31 36 32 30 31 36 32 30 31 26 27 28 29 37 38 34 35 39 39 33 35 40 41 33 35 36 32 33 42 42 42 37 37 37 38 34 43 39 44 34 43 40 41 34 35 36 41 33 42 36 41 37 38 38 38 39 39 39 44 45 43 40 44 34 35 40 44 42 42 40 41 37 38 46 47 48 49 50 51 45 43 50 51 45 43 50 44 45 43 40 41 46 46 46 47 48 49 52 53 48 49 54 51 48 49 50 44 45 55 55 55 46 47 47 47 52 52 52 53 56 57 54 51 48 49 50 51 45 55 50 51 46 47 58 59 52 53 53 53 56 57 54 60 48 49 54 60 55 55 54 60 58 58 58 59 52 53 61 62 56 57 63 64 56 57 65 66 56 57 54 60 58 59 59 59 61 61 61 62 63 63 63 64 65 65 65 66 56 57 67 60 58 59 68 60 61 62 62 62 63 64 64 64 65 69 70 66 67 67 67 66 68 68 68 66 61 62 70 71 63 64 70 72 65 69 70 72 67 72 72 72 68 72 73 66 74 75 70 71 74 74 74 71 76 69 74 71 67 69 74 77 68 69 73 78 79 75 70 80 81 80 80 80 76 80 73 71 76 80 73 77 76 69 73 78 79 75 82 83 81 75 84 85 81 75 73 71 81 77 77 77 76 78 78 78 79 86 82 83 79 87 84 85 79 75 84 85 81 77 84 85 76 78 88 89 90 86 82 83 91 87 82 83 79 92 82 83 81 93 84 85 88 88 88 89 90 86 86 86 91 87 87 87 94 92 82 83 95 93 84 85 88 89 89 89 90 90 90 86 91 91 91 87 94 92 92 92 95 93 93 93 88 89 96 97 98 99 90 100 101 102 91 103 94 94 94 92 95 95 95 93 96 96 96 97 98 99 104 100 101 102 105 103 101 102 94 103 101 102 95 103 96 97 97 97 98 99 104 100 98 99 105 100 98 99 106 100 101 102 107 103 96 97 108 109 104 104 104 110 105 105 105 111 98 99 106 100 101 102 107 103 108 108 108 109 104 112 113 110 105 114 115 111 106 106 106 111 107 107 107 111 108 109 109 109 116 112 113 110 117 114 115 110 106 114 115 110 107 114 115 111 108 109 118 119 116 112 113 120 117 112 113 121 122 112 113 110 122 114 115 111 118 118 118 119 116 116 116 120 117 117 117 121 122 112 113 121 123 114 115 121 118 119 119 119 122 124 116 120 122 125 117 120 122 126 127 120 123 126 127 121 118 119 128 129 130 124 124 124 131 125 125 125 132 126 127 120 123 123 123 121 128 128 128 129 130 126 127 124 131 126 127 125 132 126 127 133 134 135 123 133 128 129 129 129 130 130 130 124 131 131 131 125 132 132 132 133 134 135 135 135 128 129 136 137 138 139 130 133 134 140 131 133 134 140 132 133 134 140 141 135 136 136 136 137 138 139 139 139 134 140 142 142 143 143 144 145 141 141 141 135 136 137 137 137 138 140 146 139 138 140 142 147 138 143 144 145 141 148 144 145 136 137 144 145 146 146 146 139 142 142 142 147 138 143 143 143 141 148 148 148 149 150 144 145 146 151 151 151 152 147 147 147 149 150 153 154 149 150 155 148 149 150 144 145 146 151 153 154 152 147 153 154 149 150 153 154 155 155 155 148 156 156 157 158 151 151 153 154 152 152 152 159 149 150 157 158 155 160 157 158 161 156 157 158 162 163 153 154 164 165 152 159 164 165 157 158 155 160 160 160 161 156 156 156 162 163 163 163 166 159 159 159 164 165 157 158 167 167 167 160 161 161 161 168 162 162 162 163 166 159 169 169 164 165 170 170 164 165 167 160 164 165 161 168 171 172 162 163 166 173 169 174 166 173 170 175 166 173 167 167 176 168 168 168 171 172 172 172 169 169 169 174 170 170 170 175 166 173 177 175 176 168 177 175 171 171 171 172 178 174 174 174 176 179 179 179 176 173 177 180 176 173 181 175 182 183 171 172 178 174 177 180 176 179 177 180 184 185 177 180 184 186 181 175 182 183 183 183 178 178 178 180 179 179 181 187 184 185 181 187 188 186 181 187 182 182 182 183 184 185 178 180 184 185 181 187 184 185 189 189 188 186 186 186 190 191 182 183 192 185 193 187 188 194 193 187 188 194 189 195 188 194 196 186 190 191 191 191 192 192 192 195 188 194 193 195 189 189 189 195 196 196 196 197 190 190 190 191 198 194 192 195 198 194 193 197 198 199 193 197 196 200 193 197 201 202 190 191 203 204 192 195 203 205 206 197 198 199 199 199 196 200 200 200 201 202 202 202 207 204 204 204 203 205 206 197 198 205 206 199 198 205 206 200 201 201 201 202 207 208 209 204 203 208 209 210 203 208 209 199 203 205 206 200 211 212 201 202 207 207 207 204 213 213 213 210 214 208 209 210 215 205 206 210 211 212 212 212 216 217 207 218 219 220 213 218 214 208 209 218 215 208 209 210 211 211 211 212 216 217 217 217 219 220 213 213 214 214 214 218 215 215 215 210 221 222 211 212 216 216 216 217 219 220 223 224 219 220 214 218 219 220 215 218 221 222 222 222 225 226 216 217 225 226 223 224 225 226 223 224 219 220 223 224 221 221 221 222 225 226 227 228 227 227 227 228 227 228 228 228 227 228 223 224 225 226 221 222 225 226 229 230 229 229 229 230 229 230 230 230 229 230 223 224 

4x6x6
01 02 03 04 01 02 02 02 01 01 01 02 05 06 01 02 05 06 07 08 05 06 09 10 11 12 03 04 11 12 12 12 11 11 11 12 05 06 11 12 07 07 07 08 09 09 09 10 13 14 03 04 15 16 03 04 05 06 03 04 05 06 17 18 07 08 08 08 09 10 10 10 13 14 14 14 15 16 16 16 19 20 03 04 19 20 17 18 07 08 17 18 09 10 17 18 13 13 13 14 15 15 15 16 19 20 21 22 21 21 21 22 21 22 22 22 21 22 17 18 19 20 13 14 19 20 15 16 19 20 23 24 23 23 23 24 23 24 24 24 23 24 17 18 
4x6x9
01 02 03 04 01 02 02 02 01 01 01 02 05 06 01 02 05 06 07 08 05 06 09 10 11 12 03 04 11 12 12 12 11 11 11 12 05 06 11 12 07 07 07 08 09 09 09 10 13 14 03 04 15 16 03 04 05 06 03 04 05 06 17 18 07 08 08 08 09 10 10 10 13 14 14 14 15 16 16 16 19 20 03 04 17 17 17 18 07 08 21 22 09 10 23 24 13 13 13 14 15 15 15 16 19 20 20 20 17 18 18 18 21 21 21 22 23 23 23 24 25 26 13 14 27 28 15 16 19 19 19 20 17 18 29 30 21 22 22 22 23 24 24 24 25 26 26 26 27 28 28 28 31 32 19 20 31 32 29 30 21 22 29 30 23 24 29 30 25 25 25 26 27 27 27 28 31 32 33 34 33 33 33 34 33 34 34 34 33 34 29 30 31 32 25 26 31 32 27 28 31 32 35 36 35 35 35 36 35 36 36 36 35 36 29 30 
4x6x11
01 02 03 04 01 02 02 02 01 01 01 02 05 06 01 02 05 06 07 08 05 06 09 10 11 12 03 04 11 12 12 12 11 11 11 12 05 06 11 12 07 07 07 08 09 09 09 10 13 14 03 04 15 16 03 04 05 06 03 04 05 06 17 18 07 08 08 08 09 10 10 10 13 14 14 14 15 16 16 16 15 19 03 04 15 20 17 18 07 08 17 18 09 10 17 18 13 19 21 14 13 19 22 16 13 19 23 24 15 20 23 24 25 26 23 24 25 26 17 18 27 19 21 14 28 20 22 16 13 20 22 29 15 20 22 30 25 26 23 24 31 32 17 18 27 19 21 29 28 20 21 29 25 26 21 29 25 26 22 30 25 26 23 24 31 32 23 24 27 27 27 29 28 28 28 30 33 34 21 30 31 32 22 30 31 32 35 36 31 32 37 38 33 34 27 29 33 34 28 30 33 34 39 40 31 32 39 40 35 35 35 36 37 37 37 38 33 34 41 42 41 41 41 42 41 42 42 42 41 42 39 40 35 36 36 36 37 38 38 38 33 34 43 44 43 43 43 44 43 44 44 44 43 44 39 40 35 36 39 40 37 38 39 40 

4x7x12
01 02 03 04 03 03 03 04 03 04 04 04 03 04 05 06 05 05 05 06 05 06 06 06 05 06 07 08 01 02 02 02 09 10 11 12 09 10 13 14 09 10 15 16 17 18 15 16 19 20 15 16 07 07 07 08 01 01 01 02 09 10 11 12 17 18 13 14 17 18 13 14 17 18 13 14 19 20 15 16 07 08 08 08 09 10 01 02 09 10 11 12 17 18 11 12 19 20 11 12 19 20 13 14 19 20 15 16 07 08 15 16 21 22 23 24 25 26 23 24 17 18 23 24 19 20 11 12 27 28 13 14 27 28 29 30 27 28 31 32 21 22 22 22 25 26 26 26 33 34 23 24 33 34 35 36 27 28 35 36 29 29 29 30 31 31 31 32 21 21 21 22 25 25 25 26 33 34 23 24 27 28 23 24 27 28 35 36 29 30 30 30 31 32 32 32 33 34 21 22 33 34 25 26 33 34 37 38 39 40 41 42 43 44 35 36 29 30 35 36 31 32 35 36 45 46 47 48 39 40 47 48 39 40 37 38 39 40 41 42 43 44 41 42 49 50 41 42 49 50 51 52 45 46 46 46 39 40 47 48 43 44 37 38 43 44 37 38 43 44 37 38 49 50 41 42 51 51 51 52 45 45 45 46 39 40 47 48 43 44 47 48 49 50 47 48 49 50 37 38 49 50 41 42 51 52 52 52 53 54 45 46 53 54 54 54 53 53 53 54 55 56 53 54 55 56 56 56 55 55 55 56 51 52 55 56 
4x7x18
01 01 01 02 03 04 01 05 03 04 01 01 03 04 06 07 08 08 06 07 09 08 06 07 10 08 08 08 11 11 11 02 03 04 12 05 13 14 15 05 09 14 15 05 09 14 15 16 09 17 06 07 10 18 18 18 03 04 11 02 03 04 12 02 13 14 12 02 09 17 12 05 10 17 15 16 10 17 06 07 10 18 06 07 13 19 11 11 13 14 20 21 13 14 22 02 09 17 12 05 10 23 15 16 24 25 15 16 18 18 26 16 13 19 19 19 20 20 20 21 22 22 22 21 24 17 12 21 24 23 23 23 24 25 25 25 26 26 26 16 27 27 27 19 20 28 27 29 22 28 27 27 24 28 30 21 31 31 30 23 32 31 30 25 26 31 31 31 33 33 33 19 20 34 33 29 22 34 33 33 24 28 30 21 35 35 36 23 32 35 36 25 26 35 35 35 37 37 37 38 39 39 39 29 40 34 30 29 32 28 30 29 32 28 36 41 32 42 42 42 43 44 44 44 45 45 37 38 46 46 39 38 40 34 36 38 32 34 36 29 43 34 36 41 43 42 47 47 43 44 48 48 40 45 37 37 40 46 39 39 40 49 50 38 51 49 50 52 43 49 50 41 42 42 47 41 44 44 48 41 40 45 45 45 51 46 46 46 51 53 50 38 51 53 54 52 43 49 54 52 47 47 47 52 48 48 48 41 55 56 56 56 51 56 50 57 56 56 50 58 59 53 54 60 61 49 62 62 63 49 62 52 62 62 62 64 55 65 65 65 51 65 54 57 65 65 54 58 59 53 54 60 61 53 66 66 63 53 66 52 66 66 66 64 55 55 55 67 59 57 57 57 59 58 58 58 59 68 69 60 61 61 61 60 63 63 63 60 70 64 64 64 71 71 55 67 59 57 72 67 73 58 72 67 74 68 69 75 70 76 61 77 70 76 63 60 70 64 78 78 73 71 79 80 73 68 79 80 73 68 72 67 74 68 69 75 70 76 69 77 81 82 69 77 81 82 78 77 73 71 71 71 74 68 79 80 74 76 72 67 74 76 72 75 70 76 72 75 81 82 69 75 78 78 78 77 73 83 83 83 74 83 79 80 83 83 79 80 81 82 79 80 81 82 84 84 81 82 84 75 84 84 84 77 
4x7x21
01 02 03 04 03 03 03 04 03 04 04 04 03 04 05 06 07 08 08 08 07 08 09 10 08 08 11 12 01 02 02 02 13 14 05 06 13 14 05 06 13 14 05 06 07 15 16 17 09 09 09 10 11 11 11 12 01 01 01 02 13 14 05 06 07 15 16 18 07 15 16 18 07 15 16 17 09 10 10 10 11 12 12 12 13 14 01 02 13 14 05 06 19 15 16 18 19 20 21 22 19 19 19 17 09 10 19 17 11 12 23 17 24 24 25 18 25 25 25 18 25 15 16 18 25 20 21 22 26 27 21 22 26 28 21 22 26 28 23 17 29 24 30 31 32 33 30 31 30 30 30 31 30 20 20 20 26 27 27 27 34 28 21 22 23 23 23 35 29 24 24 24 32 33 33 33 36 36 37 31 26 28 37 20 26 28 37 27 34 28 21 22 23 35 35 35 29 29 29 38 32 32 32 33 39 36 40 31 34 41 40 31 34 41 37 27 34 41 41 41 42 35 43 41 39 44 29 38 39 44 32 33 39 36 36 36 34 45 40 46 42 45 37 47 42 45 37 47 42 35 43 47 39 38 38 38 48 44 49 46 48 50 49 46 48 50 40 46 42 50 40 47 51 45 40 52 43 43 43 52 39 38 53 54 48 44 53 46 55 44 49 56 55 44 57 47 42 50 57 47 51 45 57 52 43 45 58 59 48 54 54 54 48 60 53 46 55 60 49 56 51 60 49 52 51 50 49 52 51 50 57 52 58 58 58 59 55 54 61 56 55 62 53 56 55 62 53 56 51 60 53 63 64 64 64 59 65 66 57 59 58 67 57 59 68 54 61 56 68 68 68 63 69 62 68 63 70 60 68 63 70 60 64 59 65 66 66 66 58 67 67 67 61 61 61 71 72 73 74 63 69 62 74 75 76 62 74 75 70 62 64 64 65 65 65 66 77 77 77 67 61 71 71 71 72 73 74 63 69 69 69 75 76 76 76 78 70 78 78 78 70 78 65 66 70 78 77 67 79 71 74 75 72 73 74 75 72 73 69 75 72 73 76 80 81 82 83 80 81 80 80 80 81 80 77 77 79 71 84 85 79 86 87 88 79 86 86 86 72 73 76 86 81 82 83 86 89 90 91 92 93 94 91 92 84 84 84 85 87 87 87 88 79 82 83 95 81 82 83 95 81 82 83 95 89 90 91 92 93 94 94 94 84 85 85 85 87 88 88 88 79 82 83 95 89 90 91 92 89 90 91 92 89 90 91 92 93 93 93 94 84 85 96 96 87 88 96 95 96 96 96 95 89 90 97 98 97 97 97 98 97 98 98 98 97 98 93 94 
4x7x27
01 02 03 04 01 02 02 02 01 01 01 02 05 06 01 02 05 06 06 06 05 05 05 06 07 08 05 06 09 10 03 04 09 10 10 10 09 09 09 10 11 12 09 10 11 12 12 12 11 11 11 12 07 08 11 12 13 14 03 04 15 16 03 04 15 16 03 04 15 16 17 18 07 08 17 18 07 08 17 18 07 08 19 20 13 14 21 22 13 14 21 22 13 14 03 04 15 16 17 18 07 08 19 20 23 24 19 20 23 24 19 20 25 26 27 28 25 26 21 22 13 14 17 18 15 16 17 18 15 16 19 20 23 24 29 30 31 32 29 30 27 27 27 28 25 26 21 22 13 14 21 22 23 24 21 22 23 24 19 20 23 24 29 30 31 32 32 32 27 28 28 28 25 26 33 34 25 26 35 36 25 26 29 30 37 38 29 30 39 40 29 30 31 31 31 32 27 28 41 42 33 33 33 34 37 38 35 36 37 38 35 36 37 38 35 36 39 40 40 40 43 44 31 32 41 41 41 42 33 34 34 34 37 38 45 46 47 48 45 46 47 48 35 36 39 39 39 40 43 44 44 44 41 42 42 42 33 34 49 50 37 38 49 50 47 48 45 46 51 52 35 36 51 52 39 40 43 43 43 44 41 42 53 54 47 48 55 56 47 48 49 50 47 48 45 46 51 52 45 46 57 58 45 46 59 60 43 44 53 53 53 54 55 55 55 56 51 52 49 50 51 52 49 50 51 52 49 50 57 58 58 58 59 60 60 60 53 54 54 54 55 56 56 56 61 62 63 64 61 62 63 64 61 62 63 64 57 57 57 58 59 59 59 60 53 54 65 66 55 56 67 68 61 62 67 68 69 70 67 68 69 70 63 64 69 70 57 58 71 72 59 60 65 65 65 66 61 62 73 66 61 62 73 66 69 70 67 68 71 74 63 64 71 74 63 64 71 72 72 72 65 75 75 75 76 77 77 77 69 70 73 66 69 70 67 68 71 74 67 68 78 78 78 79 80 80 80 72 65 75 81 81 76 77 82 82 76 74 73 66 76 74 73 79 71 74 73 79 83 83 78 79 84 84 80 72 75 75 81 85 77 77 82 85 86 85 85 85 76 85 87 79 87 87 87 88 87 83 78 78 87 84 80 80 81 81 81 89 82 82 82 89 86 89 89 89 76 89 90 79 90 90 90 88 90 83 83 83 90 84 84 84 86 91 91 91 86 92 92 92 86 92 93 94 92 92 95 95 96 97 95 88 95 95 95 88 98 98 98 88 86 91 93 94 99 100 93 94 99 100 93 94 99 100 101 102 96 97 101 102 96 97 101 102 96 97 98 88 91 91 93 94 99 100 103 104 105 106 103 104 107 108 103 104 107 108 109 110 107 108 101 102 96 97 98 98 99 100 93 94 99 100 103 104 105 106 111 112 113 114 111 112 113 114 109 110 107 108 101 102 96 97 101 102 105 106 103 104 105 106 103 104 105 106 115 116 113 114 111 112 117 118 109 110 107 108 109 110 107 108 109 110 105 106 115 116 113 114 115 116 113 114 115 116 113 114 111 112 117 118 111 112 117 118 111 112 117 118 109 110 119 120 115 116 119 120 120 120 119 119 119 120 121 122 119 120 121 122 122 122 121 121 121 122 117 118 121 122 123 124 115 116 123 124 124 124 123 123 123 124 125 126 123 124 125 126 126 126 125 125 125 126 117 118 125 126 

4x8x9
01 02 02 02 03 02 04 04 02 02 04 05 04 04 04 06 07 08 08 08 09 08 10 10 08 08 10 11 10 10 10 12 01 01 01 05 03 03 03 05 13 13 13 05 14 14 13 06 07 14 13 13 09 14 14 14 09 11 11 11 09 12 12 12 15 16 01 05 17 18 03 06 19 19 19 06 20 20 19 06 07 20 19 19 07 20 20 20 07 11 21 22 09 12 23 24 15 16 01 05 17 18 03 06 17 18 25 26 17 18 27 28 29 30 21 22 31 32 21 22 07 11 21 22 09 12 23 24 15 16 25 26 15 16 25 26 15 16 25 26 17 18 27 28 29 30 21 22 31 32 23 24 31 32 23 24 31 32 23 24 33 34 25 26 35 36 27 28 15 16 27 28 17 18 27 28 29 30 21 22 29 30 23 24 29 30 37 38 31 32 39 40 33 34 25 26 35 36 27 28 35 41 41 41 35 41 42 42 41 41 42 38 42 42 42 38 29 30 37 38 31 32 39 40 33 34 34 34 33 36 36 36 33 43 43 43 35 43 44 44 43 43 44 38 44 44 44 40 37 37 37 40 39 39 39 40 45 45 45 34 46 46 45 36 33 46 45 45 35 46 46 46 47 47 47 38 48 48 47 40 37 48 47 47 39 48 48 48 

4x9x10
01 02 03 04 03 03 03 04 03 04 04 04 03 04 05 06 07 08 09 10 11 12 13 14 13 13 13 14 13 14 14 14 13 14 15 16 01 02 02 02 17 18 05 06 17 18 05 06 17 18 05 06 07 08 09 10 11 12 19 20 11 12 19 20 11 12 19 20 15 15 15 16 01 01 01 02 21 22 05 06 21 22 09 10 17 18 09 10 07 08 09 10 07 08 19 20 07 08 23 24 11 12 23 24 15 16 16 16 25 26 01 02 27 28 05 06 21 22 09 10 17 18 29 30 17 18 19 20 31 32 19 20 07 08 23 24 11 12 33 34 15 16 35 36 25 26 26 26 27 28 29 30 21 22 29 30 21 22 29 30 21 22 23 24 31 32 23 24 31 32 23 24 31 32 33 34 35 35 35 36 25 25 25 26 27 28 29 30 27 28 37 38 27 28 37 38 39 40 37 38 39 40 33 34 39 40 33 34 31 32 33 34 35 36 36 36 41 42 25 26 43 44 29 30 45 46 37 38 27 28 47 48 49 50 47 48 49 50 33 34 39 40 51 52 31 32 53 54 35 36 55 56 41 42 42 42 43 44 37 38 45 46 37 38 45 46 47 48 45 46 51 52 49 50 51 52 39 40 51 52 39 40 53 54 55 55 55 56 41 41 41 42 43 44 47 48 43 44 47 48 43 44 47 48 45 46 51 52 49 50 53 54 49 50 53 54 49 50 53 54 55 56 56 56 57 58 41 42 57 58 58 58 57 57 57 58 43 44 57 58 45 46 51 52 59 60 53 54 59 60 60 60 59 59 59 60 55 56 59 60 
4x9x11
01 01 01 02 03 04 01 05 03 04 01 01 03 04 04 04 06 07 08 04 06 06 06 09 10 10 06 09 11 10 06 09 12 10 10 10 13 13 13 02 03 14 13 05 15 14 13 13 15 14 14 14 16 07 08 14 16 16 16 17 18 18 16 17 11 18 16 09 12 18 18 18 03 02 02 02 03 05 05 05 15 19 08 20 21 22 08 23 21 07 08 23 21 07 24 23 25 07 26 17 11 11 11 09 12 12 12 09 15 02 27 28 15 05 29 30 15 19 08 20 21 22 24 20 25 22 24 20 25 22 24 23 25 07 26 17 31 32 11 17 33 34 12 17 27 27 27 28 29 29 29 30 21 19 35 30 21 19 24 30 25 19 26 20 31 22 26 23 31 36 26 23 31 32 32 32 33 34 34 34 27 28 28 28 29 37 37 37 38 37 35 39 37 37 24 30 25 19 26 20 31 22 40 40 41 36 40 42 40 40 40 32 33 33 33 34 27 28 43 39 29 44 45 39 38 44 35 39 38 44 35 30 38 36 35 42 31 36 46 42 41 36 46 42 41 47 46 32 41 48 33 34 49 49 43 39 50 50 45 51 52 53 45 51 54 44 45 51 38 36 35 42 55 47 46 56 55 47 57 58 55 47 59 59 41 48 60 60 52 49 43 39 52 50 43 61 52 53 43 61 54 44 45 51 38 44 46 42 55 47 46 56 62 48 57 58 62 48 59 58 41 48 60 58 52 49 49 49 54 50 50 50 54 53 43 61 54 53 45 51 55 53 57 51 55 47 57 56 62 48 57 56 59 59 59 56 60 60 60 58 52 63 63 63 54 63 64 64 63 63 64 61 64 64 64 61 62 53 57 61 62 65 65 65 62 65 66 66 65 65 66 56 66 66 66 58 
4x9x15
01 01 01 02 03 04 01 05 03 04 01 01 03 04 04 04 06 07 08 04 06 06 06 09 10 10 06 09 11 10 06 09 12 10 10 10 13 13 13 02 03 14 13 05 15 14 13 13 15 14 14 14 16 07 08 14 16 16 16 17 18 18 16 17 11 18 16 09 12 18 18 18 03 02 02 02 03 05 05 05 15 07 19 20 21 07 22 23 21 07 08 23 21 24 08 23 25 26 08 17 11 11 11 09 12 12 12 09 15 02 19 20 15 05 19 20 15 07 19 20 21 27 22 28 29 27 30 28 29 24 30 23 25 26 08 17 25 26 11 17 25 26 12 17 31 32 19 20 33 34 22 35 21 34 22 35 21 34 22 35 29 27 30 28 36 24 37 23 36 24 37 23 36 24 37 38 25 26 39 40 31 32 19 20 33 32 22 35 29 32 30 41 29 34 30 41 29 27 30 28 42 27 37 28 42 27 39 28 36 24 39 38 25 26 39 40 31 31 31 35 33 33 33 35 43 32 44 41 45 34 46 47 45 34 37 47 45 48 37 47 42 49 39 50 36 38 38 38 36 40 40 40 51 52 31 41 53 54 33 41 43 32 44 41 43 48 46 47 43 48 46 50 45 48 46 50 42 49 39 50 42 38 55 56 42 40 57 58 51 52 52 52 53 54 54 54 53 59 44 47 53 48 44 47 43 49 44 50 45 49 46 56 45 49 60 56 55 55 55 56 57 57 57 58 51 51 51 52 61 61 61 54 62 59 61 63 53 48 61 61 43 49 44 50 64 64 46 56 65 64 60 66 55 64 64 64 57 58 58 58 62 67 51 52 62 68 69 54 62 59 69 63 53 59 69 63 65 59 60 63 65 70 60 56 65 70 60 66 55 70 71 66 57 58 72 66 62 67 73 73 74 68 75 75 74 68 76 77 74 68 69 78 65 59 60 63 79 70 71 80 81 82 71 80 83 83 71 80 84 84 72 66 62 67 73 77 85 67 75 77 85 67 76 77 74 68 69 78 65 70 69 63 79 70 71 80 81 82 72 86 81 83 72 86 81 84 72 66 73 73 73 77 75 75 75 78 85 67 76 78 74 68 76 78 74 82 76 80 79 82 71 80 79 82 72 86 79 83 83 83 81 84 84 84 87 87 87 77 88 88 87 78 85 88 87 87 85 88 88 88 85 82 76 86 89 89 89 86 90 90 89 86 79 90 89 89 81 90 90 90 

5x6x8
01 02 03 04 05 01 04 04 04 05 06 04 05 05 05 06 04 05 07 08 06 06 06 09 10 11 12 06 09 10 13 02 03 03 03 01 14 15 07 08 16 14 15 07 08 16 14 15 07 08 16 17 18 09 10 11 12 12 12 19 13 02 02 02 03 01 14 15 07 08 01 17 18 09 10 01 17 18 09 10 16 17 18 09 10 11 11 11 12 19 13 14 15 02 03 13 14 15 07 08 13 17 18 20 21 22 23 24 20 19 16 20 20 20 19 16 20 11 12 19 25 26 27 28 21 25 26 26 26 21 13 17 18 26 21 22 23 24 26 19 22 29 30 31 32 22 29 30 33 34 27 27 27 28 21 25 23 24 35 36 37 23 24 35 36 37 23 24 35 36 37 29 30 31 32 22 33 33 33 34 27 28 28 28 21 25 23 24 35 36 25 29 30 31 32 25 29 30 31 32 37 29 30 31 32 22 33 34 34 34 27 28 38 35 36 38 38 38 35 36 38 39 40 31 32 38 39 40 40 40 37 39 39 39 40 37 33 34 39 40 
5x6x10
01 01 01 02 02 03 03 03 02 04 05 02 02 02 04 05 06 06 06 04 05 06 07 07 07 06 06 08 08 08 09 10 01 11 11 09 10 03 11 04 12 11 11 11 13 14 15 15 15 16 05 15 07 17 17 15 15 08 18 18 19 20 01 01 04 09 10 03 03 04 12 12 12 21 13 14 14 14 22 16 05 07 07 17 16 05 08 08 18 16 19 20 23 21 13 09 10 24 21 13 09 10 12 21 13 09 10 14 22 25 26 17 17 17 27 28 18 18 18 16 19 20 23 21 13 19 20 24 22 25 19 20 12 22 25 29 30 14 22 25 26 26 26 31 27 28 28 28 32 16 23 23 23 21 33 24 24 24 22 25 19 20 34 31 27 29 30 35 31 27 29 30 26 31 27 29 30 28 32 36 23 37 37 37 33 24 38 38 38 25 39 40 34 31 27 39 40 35 32 36 39 40 26 32 36 29 30 28 32 36 41 42 42 37 33 41 43 43 38 33 34 34 34 31 33 35 35 35 32 36 39 40 44 44 45 29 30 46 46 45 47 47 42 37 37 41 47 43 38 38 34 47 47 47 33 35 48 48 48 36 39 40 44 48 45 39 40 46 48 48 49 49 42 42 42 41 49 43 43 43 41 49 49 49 45 41 50 50 50 45 44 44 44 50 45 46 46 46 50 50 
5x6x22
01 01 02 03 03 04 01 02 02 02 05 01 01 01 02 05 06 06 06 02 05 06 07 07 07 06 06 08 08 08 09 09 10 03 11 04 09 10 10 10 04 09 09 09 10 04 12 12 12 10 05 12 07 13 14 12 12 08 13 14 15 03 03 03 11 15 15 15 16 17 18 19 15 16 17 04 20 15 16 17 05 07 07 13 14 05 08 08 21 22 23 19 11 11 11 23 19 24 16 17 18 19 24 13 14 04 20 24 13 14 25 25 26 13 14 27 27 27 21 22 28 19 11 16 17 23 20 24 16 17 18 20 26 29 30 18 20 26 21 22 18 25 26 21 22 31 32 27 21 22 28 19 24 33 30 23 20 24 33 30 23 34 26 29 30 23 34 35 21 22 18 25 25 25 36 31 32 27 27 36 28 28 28 37 30 38 38 38 33 39 40 34 26 29 39 31 32 35 29 39 31 32 35 29 36 31 32 35 41 42 40 34 28 37 30 40 34 38 33 39 40 34 43 33 36 31 32 43 33 36 44 45 43 29 36 44 45 35 41 42 40 37 37 37 39 46 47 38 38 39 46 47 48 49 50 46 47 51 41 42 44 45 43 41 42 52 53 35 41 42 40 37 48 49 50 46 47 48 49 50 44 45 48 49 50 44 45 51 41 42 44 45 43 54 55 52 53 43 54 55 46 47 48 49 50 46 47 51 56 57 58 59 51 56 57 52 53 51 56 57 52 53 60 54 55 52 53 61 62 63 58 59 48 49 50 58 59 51 56 57 58 59 60 54 55 52 53 60 54 55 64 65 60 54 55 64 65 61 62 63 58 59 66 56 57 67 68 66 56 57 67 68 60 69 70 67 68 61 62 63 64 65 61 62 63 71 72 61 62 63 58 59 73 69 70 67 68 66 69 70 64 65 60 69 70 64 65 61 62 63 64 65 74 74 75 71 72 72 72 75 67 68 73 69 70 67 68 66 76 77 78 79 66 80 77 71 81 66 80 77 71 81 74 80 75 71 81 82 72 83 78 79 73 69 70 78 79 73 76 77 78 79 73 76 75 71 81 84 76 75 74 74 74 80 75 82 82 82 72 83 78 79 85 85 77 86 87 87 87 77 88 81 73 89 90 88 81 84 76 83 88 91 92 80 83 82 93 92 80 83 78 79 85 89 90 86 87 84 89 90 86 91 84 89 90 86 91 84 76 83 88 91 92 94 95 82 93 96 94 95 85 85 85 89 90 87 87 84 97 98 99 91 92 97 98 86 93 92 97 98 88 93 92 94 95 88 93 96 96 96 100 101 101 89 90 100 102 102 97 98 99 91 103 94 95 86 93 103 94 95 103 103 103 94 95 103 104 104 104 96 105 105 101 97 98 100 105 102 97 98 99 105 105 105 106 99 107 107 107 106 99 107 106 106 106 107 107 106 104 96 108 108 101 101 101 100 108 102 102 102 100 108 108 108 109 100 110 110 110 109 99 110 109 109 109 110 110 109 104 104 
5x6x23
01 02 03 04 05 01 04 04 04 05 06 04 05 05 05 06 04 05 07 08 06 06 06 09 10 11 12 06 09 10 13 02 03 03 03 01 14 15 07 08 16 14 15 07 08 16 14 15 07 08 16 17 18 09 10 11 12 12 12 19 13 02 02 02 03 01 14 15 07 08 01 17 18 09 10 01 17 18 09 10 16 17 18 09 10 11 11 11 12 19 13 14 15 02 03 13 14 15 07 08 13 17 18 20 21 22 23 24 20 19 16 20 20 20 19 16 20 11 12 19 25 26 27 28 21 25 26 26 26 21 13 17 18 26 21 22 23 24 26 19 22 29 30 31 32 22 29 30 33 34 27 27 27 28 21 25 23 24 35 36 37 23 24 35 36 37 23 24 35 36 37 29 30 31 32 22 33 33 33 34 27 28 28 28 21 25 23 24 35 36 25 29 30 31 32 25 29 30 31 32 37 29 30 31 32 22 33 34 34 34 27 28 38 35 36 39 39 40 35 36 41 42 43 31 32 44 42 43 43 43 37 42 42 42 43 37 33 34 42 43 41 45 38 38 38 41 39 40 40 40 41 46 46 46 47 44 48 48 46 47 49 49 48 46 46 50 51 48 48 48 41 45 52 52 38 44 39 39 39 40 44 53 54 55 56 44 53 54 57 47 58 49 54 54 54 50 51 51 51 54 41 45 52 55 38 44 45 59 55 40 58 45 59 55 56 58 53 59 57 47 58 49 49 49 47 50 50 50 51 47 52 52 52 55 56 60 60 59 57 56 58 45 61 57 56 62 53 61 57 63 62 53 61 61 61 62 53 50 51 61 64 65 59 55 56 66 60 59 57 67 58 68 68 68 67 62 68 69 69 63 68 68 69 70 70 69 69 69 71 71 64 65 65 65 72 66 60 60 60 72 62 73 73 73 67 62 73 74 74 63 73 73 74 70 63 74 74 74 71 63 64 64 64 65 75 66 66 66 76 72 77 78 79 76 67 79 79 79 76 67 79 70 70 70 67 79 71 71 71 63 80 81 64 65 75 80 81 66 76 72 77 78 82 83 72 82 82 82 83 72 82 83 83 83 84 82 83 85 86 87 88 89 90 76 75 80 81 91 76 75 77 78 92 93 75 77 78 85 86 94 77 78 85 86 84 95 96 85 86 87 88 89 90 90 90 80 81 91 91 91 80 81 92 93 75 80 81 85 86 94 77 78 84 84 84 95 96 87 87 87 88 89 92 93 90 88 89 92 93 91 88 89 92 93 97 95 96 85 86 94 95 96 84 98 94 95 96 87 98 94 99 100 92 93 90 101 100 100 100 91 88 89 102 100 97 95 96 102 100 103 102 102 102 98 103 102 104 104 104 94 99 105 105 105 97 101 106 106 106 97 107 108 109 98 97 107 108 109 98 103 109 109 109 98 110 109 111 111 104 110 99 99 99 105 97 101 101 101 106 103 107 108 112 113 103 112 112 112 113 103 112 113 113 113 110 112 113 111 104 104 107 108 99 105 105 107 108 101 106 106 107 108 114 115 110 114 114 114 115 110 114 115 115 115 110 114 115 111 111 111 
5x6x25
01 01 02 03 03 04 01 02 02 02 05 01 01 01 02 05 06 06 06 02 05 06 07 07 07 06 06 08 08 08 09 09 10 03 11 04 09 10 10 10 04 09 09 09 10 04 12 12 12 10 05 12 07 13 14 12 12 08 13 14 15 03 03 03 11 15 15 15 16 17 18 19 15 16 17 04 20 15 16 17 05 07 07 13 14 05 08 08 21 22 18 19 11 11 11 18 19 23 16 17 18 19 23 13 14 04 20 23 13 14 24 25 26 13 14 24 21 21 21 22 18 19 11 16 17 27 20 23 16 17 27 20 28 29 30 27 20 28 31 32 24 25 26 26 26 33 21 22 22 22 18 19 23 29 30 27 20 23 29 30 24 34 35 29 30 24 36 28 31 32 24 25 25 25 26 33 21 22 37 38 27 34 35 29 30 27 34 35 31 32 39 34 35 31 32 33 36 28 31 32 33 36 28 25 26 33 36 28 37 38 39 34 35 29 30 39 40 41 31 32 39 42 42 43 44 33 45 45 37 38 46 47 48 37 38 46 36 49 37 38 39 34 35 43 44 50 40 41 43 44 50 40 42 43 44 50 40 45 37 38 46 47 48 48 48 51 36 49 49 49 39 52 53 43 44 50 52 41 41 41 46 52 42 42 42 46 40 45 45 45 46 47 47 47 48 51 54 54 54 49 50 55 53 43 44 50 56 56 56 41 57 52 58 58 58 51 40 58 59 60 51 58 58 47 48 51 54 61 61 49 57 55 53 53 53 57 56 62 62 63 57 52 64 64 64 51 52 64 59 60 65 64 64 59 60 54 54 61 59 60 57 55 55 55 53 56 56 62 66 63 65 67 67 67 63 65 68 69 67 63 65 68 69 67 67 61 61 61 59 60 57 70 71 55 72 62 62 62 66 72 65 73 73 73 72 74 68 69 73 63 75 75 76 73 73 77 77 78 59 60 79 70 71 71 71 79 68 69 66 80 65 68 69 66 72 74 68 69 66 63 74 75 76 76 76 74 77 78 78 78 81 70 70 70 71 79 82 82 82 80 83 84 84 84 72 83 85 86 66 72 83 75 75 75 76 74 77 77 77 78 81 87 88 70 71 79 85 86 82 80 79 85 86 84 80 79 85 86 89 80 83 90 91 89 76 74 92 93 89 78 81 87 88 88 88 81 85 86 82 82 81 94 95 84 84 96 94 95 89 80 83 90 91 91 91 83 92 93 93 93 97 87 87 87 88 97 85 86 98 99 81 94 95 89 99 96 100 101 89 99 96 90 90 90 91 96 92 92 92 93 102 94 95 87 88 97 94 95 98 99 103 94 95 104 105 103 100 101 104 105 103 100 101 90 91 96 100 101 92 93 102 106 106 106 99 97 98 98 98 99 97 107 108 104 105 97 107 108 108 108 103 107 107 107 108 96 100 101 107 108 102 106 109 104 105 102 98 110 104 105 102 111 112 104 105 113 111 112 114 115 103 111 112 112 112 103 100 101 116 112 106 106 109 117 117 110 110 110 118 119 102 111 120 118 119 113 121 120 114 115 113 121 120 120 120 113 116 116 116 120 109 109 109 117 122 110 111 122 122 122 123 111 122 118 119 123 121 122 114 115 123 123 123 114 115 113 116 123 114 115 109 117 117 117 124 110 121 124 124 124 125 121 124 118 119 125 121 124 118 119 125 125 125 118 119 113 116 125 114 115 
5x6x27
01 01 02 03 03 04 04 05 03 06 07 03 03 03 06 08 09 09 09 10 08 09 11 12 12 09 09 13 14 14 07 01 02 02 02 07 04 05 05 05 07 15 16 17 06 08 15 16 17 10 11 11 11 12 10 13 13 13 14 10 07 01 01 01 02 08 04 04 04 05 08 15 16 17 06 08 18 19 20 06 11 12 12 12 06 13 14 14 14 10 07 15 16 17 02 21 15 16 17 05 21 15 16 17 22 23 18 19 20 24 11 18 19 20 25 13 18 19 20 10 26 26 26 27 22 28 28 26 29 22 21 28 26 26 22 23 28 28 28 24 23 30 30 30 25 23 18 19 20 31 32 27 27 27 22 33 29 29 29 24 21 34 35 36 24 21 34 35 37 24 21 30 25 25 25 23 18 19 20 31 32 27 38 36 22 33 29 38 36 24 33 39 38 36 40 33 34 35 37 31 30 30 25 41 31 23 42 42 42 31 32 27 43 36 40 32 29 44 37 40 32 39 38 37 40 33 34 35 37 31 45 34 35 41 46 45 34 35 42 46 43 43 43 36 40 44 44 44 37 47 32 39 38 41 47 33 39 38 41 47 45 39 48 41 46 49 50 51 42 42 43 52 52 52 40 44 53 53 53 47 45 54 55 41 46 45 56 56 56 46 45 39 48 56 46 49 50 51 56 56 43 54 57 52 47 44 54 58 53 47 59 54 55 55 55 49 50 60 60 60 49 50 48 48 48 49 50 51 51 51 59 54 57 52 52 59 61 58 53 53 59 61 61 61 55 49 50 60 61 62 63 64 65 61 48 63 64 66 67 51 59 54 57 57 57 68 69 58 58 58 68 69 69 69 55 68 60 60 69 62 63 64 65 69 62 66 66 66 67 62 59 70 70 70 57 68 71 71 71 58 63 64 65 72 73 63 64 65 72 73 63 64 65 72 73 66 67 67 67 62 68 70 74 74 74 68 71 75 75 75 76 77 65 72 73 78 77 77 77 79 80 80 81 77 79 66 67 82 77 62 70 70 74 83 83 71 71 75 72 73 76 76 76 72 73 78 84 85 86 79 78 80 81 81 81 78 87 82 82 82 88 74 74 83 89 90 75 75 86 79 91 92 76 86 79 91 84 85 86 79 91 80 80 80 81 78 87 87 87 82 88 83 83 83 89 90 90 90 86 93 94 92 76 95 93 94 84 85 95 93 91 84 85 96 81 78 84 85 87 82 88 92 89 89 89 88 92 90 86 93 88 92 97 95 98 94 99 97 97 97 91 96 96 96 97 91 84 85 87 97 100 92 89 95 93 100 99 90 95 93 88 99 101 95 98 94 99 101 102 102 94 96 101 101 101 94 103 103 103 101 104 105 106 107 108 100 99 106 107 109 106 106 106 110 98 106 111 111 102 98 112 96 111 113 98 112 103 111 111 111 104 105 105 105 108 100 99 114 107 109 100 110 110 110 109 100 102 102 102 109 112 113 113 113 98 103 103 115 116 116 104 104 104 105 108 114 114 114 107 108 112 110 117 107 108 112 118 117 107 109 112 113 117 117 117 115 115 115 116 117 119 120 104 105 121 114 120 120 120 122 123 110 124 120 108 123 118 124 120 109 123 113 124 124 124 115 116 116 116 124 119 125 125 125 121 114 126 126 126 122 127 128 128 129 130 127 118 128 129 130 123 118 128 128 128 115 118 131 131 131 119 125 121 121 121 119 126 122 122 122 119 132 133 129 130 127 132 133 133 133 123 132 132 132 133 123 118 131 132 133 125 125 121 129 130 126 126 122 129 130 119 134 135 129 130 127 134 135 135 135 127 134 134 134 135 127 131 131 134 135 
5x6x29
01 02 03 04 05 01 04 04 04 05 06 04 05 05 05 06 04 05 07 08 06 06 06 09 10 11 12 06 09 10 13 02 03 03 03 01 14 15 07 08 16 14 15 07 08 16 14 15 07 08 16 17 18 09 10 11 12 12 12 19 13 02 02 02 03 01 14 15 07 08 01 17 18 09 10 01 17 18 09 10 16 17 18 09 10 11 11 11 12 19 13 14 15 02 03 13 14 15 07 08 13 17 18 20 21 22 23 24 20 19 16 20 20 20 19 16 20 11 12 19 25 26 27 28 21 25 26 26 26 21 13 17 18 26 21 22 23 24 26 19 22 29 30 31 32 22 29 30 33 34 27 27 27 28 21 25 23 24 35 36 37 23 24 35 36 37 23 24 35 36 37 29 30 31 32 22 33 33 33 34 27 28 28 28 21 25 23 24 35 36 25 29 30 31 32 25 29 30 31 32 37 29 30 31 32 22 33 34 34 34 27 28 38 35 36 39 39 39 35 36 40 40 39 31 32 41 40 39 39 42 37 40 40 40 42 37 33 34 43 42 44 45 38 46 46 44 45 47 47 47 48 49 47 50 50 41 47 47 50 42 41 50 50 50 51 41 43 43 43 52 38 38 38 46 53 44 45 53 53 53 48 49 53 54 42 48 49 53 55 42 48 49 51 51 51 41 43 56 56 52 38 46 46 46 57 44 45 57 57 57 44 45 57 54 58 44 45 57 55 52 48 49 51 55 52 41 43 56 55 52 59 60 60 60 58 61 60 62 62 58 60 60 62 54 58 62 62 62 54 52 48 49 51 54 63 56 56 56 55 63 59 64 64 64 58 61 65 65 65 66 61 67 67 67 66 61 67 68 68 66 67 67 68 54 63 68 68 68 55 69 59 64 70 71 58 59 65 70 71 66 59 72 70 71 63 61 72 72 72 63 73 73 73 72 63 74 74 74 72 69 64 64 75 76 66 65 65 77 78 66 59 79 70 71 80 61 79 79 79 69 81 82 73 79 69 83 84 74 79 69 75 75 75 76 80 77 77 77 78 80 81 82 70 71 80 81 82 70 71 69 81 82 73 73 85 83 84 74 74 85 75 76 76 76 80 77 78 78 78 86 81 82 87 88 86 83 84 89 90 86 83 84 91 92 85 83 84 93 94 95 75 76 87 88 80 77 78 87 88 86 81 82 87 88 85 83 84 89 90 85 91 91 91 92 85 93 93 93 94 95 96 96 87 88 86 97 97 89 90 86 98 99 89 90 100 98 99 89 90 95 91 92 92 92 95 93 94 94 94 95 101 96 87 88 100 101 97 89 90 100 101 101 101 102 100 98 99 101 103 95 91 92 104 104 105 93 94 106 106 105 107 96 96 96 100 107 97 97 97 108 107 107 107 102 108 98 99 107 103 108 98 99 104 103 105 98 99 106 103 109 110 111 111 111 100 110 112 112 112 108 110 110 110 102 105 113 114 110 102 105 104 104 104 102 105 106 106 106 103 109 115 115 115 111 108 113 114 115 112 108 113 114 115 115 116 113 114 117 118 109 119 120 121 102 109 122 123 124 103 109 125 125 125 111 111 113 114 125 112 112 119 120 125 125 116 119 120 117 118 109 119 120 121 121 121 122 123 124 124 124 126 126 126 127 116 113 114 126 127 116 119 120 126 126 116 122 123 117 118 128 122 123 117 118 121 122 123 117 118 124 129 130 130 130 116 129 129 129 127 131 119 120 129 132 131 122 123 129 132 128 133 132 132 132 121 134 132 117 118 124 135 136 136 130 137 135 135 135 127 137 138 139 135 127 131 138 139 135 127 128 133 140 140 140 128 134 141 141 141 128 142 143 136 130 130 142 143 143 143 137 142 142 142 143 131 138 139 142 143 131 133 133 133 140 131 134 134 134 141 128 144 145 136 136 136 144 145 145 145 137 144 144 144 145 137 138 139 144 145 137 138 139 133 140 140 138 139 134 141 141 

5x8x15
01 02 03 03 03 01 02 02 02 04 01 01 01 02 05 06 07 01 02 08 09 10 11 12 13 14 10 11 11 11 15 10 10 10 11 16 16 16 10 11 17 18 03 19 20 17 18 18 18 04 17 17 17 18 05 06 07 17 18 08 09 21 22 12 13 14 21 22 22 22 15 21 21 21 22 23 24 16 21 22 25 03 03 19 20 06 07 04 04 04 06 07 05 05 05 06 07 08 08 08 09 09 09 12 13 14 14 14 12 13 15 15 15 12 13 23 24 16 16 26 25 27 28 19 20 06 07 04 19 20 29 30 05 19 20 29 30 08 31 32 29 30 09 31 32 23 24 14 31 32 23 24 15 12 13 23 24 33 34 26 25 27 28 28 28 25 27 35 36 36 25 27 37 19 20 38 38 38 31 32 29 30 39 39 39 23 24 40 34 26 41 41 42 34 26 33 33 33 34 26 43 44 44 44 28 35 35 35 36 45 25 27 37 31 32 46 46 38 31 32 29 30 39 47 47 29 30 40 34 26 48 41 42 42 42 33 49 49 49 50 43 43 43 44 28 35 36 36 36 45 51 27 37 37 37 51 46 38 38 52 51 39 39 47 52 40 40 40 34 52 48 41 41 41 42 33 49 50 50 50 53 53 43 44 44 35 53 45 45 45 54 53 53 53 37 55 46 46 46 52 51 47 47 47 56 40 57 57 57 58 48 48 48 57 42 49 49 50 57 57 54 59 43 60 61 54 59 45 62 63 54 59 59 59 52 55 55 55 59 52 51 64 56 56 56 51 64 64 64 58 65 66 48 64 58 67 68 50 64 58 54 60 60 60 61 69 62 62 62 63 69 70 71 72 63 69 70 55 73 63 65 70 56 73 74 65 75 76 73 74 65 66 66 66 74 67 68 68 68 58 54 60 71 72 61 69 62 71 72 61 77 78 71 72 61 77 78 55 73 63 65 70 56 79 80 67 75 76 79 80 67 75 76 66 74 67 75 76 68 58 69 60 71 72 81 69 62 82 83 84 85 86 87 73 61 77 78 88 73 63 65 70 89 79 80 67 70 90 91 92 93 94 95 66 74 96 75 76 68 74 85 86 71 72 81 85 86 82 83 84 85 86 87 79 80 77 78 88 79 80 77 78 89 79 80 77 78 90 91 92 93 94 95 91 92 96 75 76 91 92 85 86 81 81 81 82 82 82 83 84 87 87 87 83 84 88 88 88 83 84 93 94 89 89 89 93 94 90 90 90 93 94 95 95 95 96 96 96 91 92 85 86 81 97 98 82 97 97 97 98 87 97 98 98 98 88 97 98 83 84 93 94 99 100 89 99 99 99 100 90 99 100 100 100 95 99 100 96 91 92 


6x6x10
01 02 02 02 03 04 01 01 01 05 06 07 08 09 01 10 06 07 08 09 01 10 06 07 08 09 11 10 10 10 12 13 14 14 14 10 15 02 16 17 03 04 15 15 15 05 03 04 08 09 15 18 03 04 12 13 15 18 06 07 12 13 11 18 18 18 12 13 19 20 14 18 02 02 16 17 17 17 08 09 21 05 05 05 08 09 22 23 03 04 12 13 24 25 06 07 11 11 11 26 06 07 19 19 19 20 14 14 16 16 16 27 28 17 21 21 21 29 30 05 22 22 22 23 03 04 12 13 24 25 25 25 11 31 32 26 26 26 19 33 34 20 20 20 16 27 27 27 28 17 21 29 29 29 30 35 22 23 23 23 36 37 38 39 24 24 24 25 40 31 32 32 32 26 19 33 34 34 34 20 41 27 28 28 28 42 21 29 30 30 30 35 22 23 36 36 36 37 38 39 39 39 24 25 40 31 31 31 32 26 43 33 33 33 34 44 41 27 28 42 42 42 45 29 30 35 35 35 46 47 36 37 37 37 38 38 38 39 48 49 40 40 40 31 32 50 43 43 43 33 34 44 41 41 41 42 51 51 45 45 45 35 52 53 46 47 36 37 52 53 54 55 38 39 48 49 54 55 40 50 50 50 56 56 43 44 44 44 46 47 41 42 51 57 46 47 45 57 57 57 46 47 58 57 52 53 54 55 58 57 48 49 58 58 58 50 48 49 58 56 43 44 48 49 46 47 51 51 51 59 54 55 45 59 59 59 54 55 60 59 52 53 54 55 60 59 52 53 60 60 60 50 52 53 60 56 56 56 48 49 
6x6x19
01 02 02 02 03 04 05 02 03 03 03 06 02 02 03 07 08 08 09 09 03 07 10 10 11 07 07 07 10 12 13 07 10 10 10 14 01 15 15 15 16 04 05 15 16 16 16 06 15 15 16 17 08 18 19 09 16 17 20 20 11 17 17 17 20 12 13 17 20 20 20 14 01 01 01 04 04 04 05 05 05 06 06 06 21 22 08 08 08 18 19 09 09 09 23 24 11 11 11 12 12 12 13 13 13 14 14 14 21 22 01 04 25 26 21 22 05 06 27 26 21 22 28 18 18 18 19 19 19 29 23 24 30 31 11 12 23 24 30 32 13 14 23 24 21 22 25 25 25 33 34 35 27 27 27 26 34 35 28 18 36 37 34 35 19 29 36 37 30 31 31 31 36 37 38 32 32 32 23 24 21 22 25 33 33 33 34 35 27 29 39 26 30 40 28 29 39 26 30 40 28 29 39 26 30 40 28 31 36 37 38 38 38 32 23 24 34 35 25 33 41 41 34 35 27 29 41 42 43 40 41 41 41 42 44 45 45 45 39 46 44 45 28 31 36 37 45 45 38 32 36 37 43 47 47 33 48 48 43 40 47 49 50 50 43 40 47 47 47 42 44 51 51 51 39 46 52 52 53 51 39 46 54 54 38 51 51 46 43 55 55 55 48 56 44 49 49 49 50 56 44 57 58 59 60 42 44 57 58 59 60 42 61 52 53 53 53 42 61 54 62 62 62 46 43 55 48 48 48 63 64 49 50 50 50 56 64 65 66 59 60 67 64 57 58 68 69 67 61 52 52 52 53 67 70 54 54 54 62 46 55 55 66 59 60 63 64 49 66 59 60 56 61 65 66 59 60 56 61 57 58 68 69 56 61 57 58 68 53 67 70 57 58 68 62 62 64 65 66 63 63 63 64 65 71 72 72 73 74 65 71 73 73 73 71 71 71 73 69 75 71 76 76 73 69 67 70 70 70 68 69 67 77 65 66 63 78 78 77 77 77 72 79 79 74 80 77 81 82 83 84 85 77 81 86 75 87 87 76 81 81 81 88 88 70 68 69 81 74 89 89 89 78 90 74 72 72 72 79 91 74 80 80 80 82 83 84 85 86 86 86 75 92 87 76 76 76 75 93 88 94 94 94 75 74 89 78 78 78 90 84 85 79 79 79 91 84 85 95 80 82 83 84 85 86 96 82 83 92 87 87 87 82 83 93 88 88 88 94 75 89 89 95 90 90 90 84 85 95 91 91 91 97 98 95 80 99 100 101 102 86 96 103 104 92 92 92 96 82 83 93 93 93 96 94 94 97 98 95 90 99 100 97 98 105 91 99 100 97 98 105 106 99 100 101 102 105 106 103 104 101 102 92 106 103 104 101 102 93 96 103 104 97 98 95 107 99 100 108 108 105 107 107 107 109 108 110 110 110 107 109 108 108 108 110 107 109 109 109 106 110 110 101 102 109 96 103 104 97 98 105 111 99 100 112 112 105 111 111 111 113 112 114 114 114 111 113 112 112 112 114 111 113 113 113 106 114 114 101 102 113 106 103 104 
6x6x21
01 02 03 03 03 04 05 05 06 06 06 07 08 05 09 09 09 07 08 05 05 05 09 07 08 10 10 10 09 09 11 12 12 12 13 14 01 02 02 02 03 04 15 15 16 17 06 04 08 15 18 18 18 04 11 15 15 15 18 07 11 10 19 20 18 18 11 12 13 13 13 14 01 01 01 02 03 03 08 21 16 17 06 06 08 21 22 23 24 04 11 21 22 23 24 07 10 10 19 20 24 07 12 12 13 14 14 14 25 26 01 02 27 28 16 16 16 17 17 17 29 29 29 23 24 04 11 21 22 30 30 30 19 19 19 20 20 20 31 32 13 14 33 34 25 26 35 23 27 28 16 26 35 23 24 17 36 26 29 23 24 37 36 21 22 30 33 37 19 21 22 38 33 20 31 32 22 38 33 34 25 25 25 39 27 28 40 40 35 41 27 28 36 26 29 29 27 28 31 32 30 30 33 37 31 32 42 38 43 43 31 32 44 34 34 34 36 45 25 39 39 39 36 40 35 41 41 41 36 26 35 38 27 28 31 32 35 38 33 37 42 42 42 38 43 37 44 44 44 34 46 37 47 45 45 45 48 39 47 40 40 40 48 41 47 47 47 49 48 50 51 52 47 49 49 49 42 52 43 43 43 49 44 52 46 46 46 49 53 53 54 45 55 39 56 53 57 58 55 41 56 53 53 53 48 50 51 52 59 59 59 60 42 61 62 63 59 60 44 61 46 64 59 59 54 54 54 45 65 50 57 57 57 58 55 50 56 52 66 67 48 50 51 52 68 69 48 60 51 61 62 63 63 63 51 70 46 64 64 64 54 71 65 65 65 50 57 58 58 58 55 60 56 61 66 67 55 60 56 61 68 69 55 60 56 61 62 62 62 63 51 70 70 70 72 64 54 71 65 73 73 74 57 58 75 75 75 74 66 66 66 67 67 67 68 68 68 69 69 69 76 77 77 77 62 63 76 78 78 70 72 64 79 71 65 73 80 80 81 71 75 82 80 74 66 71 80 80 80 67 68 83 83 83 72 69 76 83 84 77 72 85 83 83 78 70 72 86 79 73 73 73 87 87 81 75 75 82 87 74 76 71 87 87 87 74 76 88 88 88 72 74 76 88 84 77 77 85 88 88 78 78 78 86 79 79 79 89 90 90 81 81 81 82 91 91 92 93 84 82 94 95 96 97 84 82 98 99 100 100 84 85 85 85 101 101 102 86 86 86 92 93 79 89 90 103 92 93 81 89 91 104 92 93 84 89 94 95 96 97 102 82 98 99 105 100 102 85 98 99 106 101 102 86 98 99 92 93 90 90 90 103 96 97 91 91 91 104 96 97 107 89 94 95 96 97 102 108 94 95 105 100 100 100 94 95 106 101 101 101 98 99 92 93 107 103 103 103 96 97 107 104 104 104 109 110 107 89 111 112 113 114 102 108 115 116 105 105 105 108 94 95 106 106 106 108 98 99 109 110 107 103 111 112 109 110 117 104 111 112 109 110 117 118 111 112 113 114 117 118 115 116 113 114 105 118 115 116 113 114 106 108 115 116 109 110 107 119 111 112 120 120 117 119 119 119 121 120 122 122 122 119 121 120 120 120 122 119 121 121 121 118 122 122 113 114 121 108 115 116 109 110 117 123 111 112 124 124 117 123 123 123 125 124 126 126 126 123 125 124 124 124 126 123 125 125 125 118 126 126 113 114 125 118 115 116 

6x7x8
01 02 02 02 03 04 01 01 01 05 05 05 06 07 01 08 09 10 06 07 01 11 09 10 06 07 12 11 09 10 13 13 13 11 11 11 14 15 16 16 16 11 17 02 03 03 03 04 17 17 17 05 18 19 06 07 17 08 18 19 20 21 17 22 18 19 20 21 12 22 09 10 20 21 13 22 22 22 14 15 15 15 16 22 02 02 03 04 04 04 06 07 05 05 18 19 06 07 12 08 23 24 25 26 12 08 23 24 25 26 12 08 09 10 20 21 13 13 09 10 14 14 14 15 16 16 27 28 03 04 18 19 27 28 29 29 18 19 27 28 12 29 23 24 30 30 30 29 29 29 25 26 30 08 31 32 20 21 30 30 31 32 20 21 14 15 31 32 33 34 35 36 23 24 33 34 37 37 23 24 27 28 37 38 23 24 37 37 37 39 39 39 25 26 40 39 31 32 25 26 39 39 41 42 25 26 43 44 41 42 35 35 35 36 45 45 33 34 46 46 47 48 27 28 40 38 47 48 27 28 40 38 31 32 49 50 40 38 31 32 49 50 51 51 41 42 52 52 43 44 44 44 35 36 36 36 45 53 33 34 46 53 53 53 33 34 40 53 47 48 33 34 54 53 41 42 49 50 54 38 41 42 54 54 54 51 41 42 54 52 43 43 43 44 35 36 45 45 45 55 46 46 46 55 55 55 49 50 40 55 47 48 49 50 56 55 47 48 49 50 56 38 47 48 56 56 56 51 51 51 56 52 52 52 43 44 
6x7x14
01 02 02 02 03 04 01 01 01 05 05 05 06 07 01 08 09 10 06 07 01 11 09 10 06 07 12 11 09 10 13 13 13 11 11 11 14 15 16 16 16 11 17 02 18 18 03 04 17 17 17 05 03 04 06 07 17 08 03 04 19 20 17 21 22 23 14 15 12 21 09 10 14 15 13 21 21 21 14 15 24 24 16 21 02 02 18 25 26 27 06 07 05 05 26 27 06 07 12 08 03 04 19 20 12 08 22 23 14 15 12 08 09 10 28 29 13 13 09 10 28 29 30 24 16 16 18 18 18 25 25 25 19 20 31 31 26 27 19 20 12 32 03 04 19 20 33 34 22 23 14 15 35 08 22 23 28 29 36 36 22 23 30 30 30 24 24 24 37 37 38 38 38 25 19 20 38 31 26 27 39 38 38 32 26 27 28 29 33 34 26 27 28 29 35 40 40 41 28 29 36 40 22 23 30 40 40 40 42 42 39 37 43 43 43 25 39 44 33 31 31 31 39 44 33 32 32 32 45 44 33 34 46 47 35 35 35 34 46 41 36 36 36 34 46 41 30 48 48 48 42 41 39 37 37 37 43 49 45 44 33 49 49 49 45 50 51 49 52 32 45 50 53 49 52 47 35 50 53 54 52 47 53 53 53 34 46 47 53 48 42 42 42 41 39 44 55 56 43 43 45 44 57 58 58 58 59 50 51 54 60 61 62 63 51 54 64 65 66 67 51 54 52 68 69 69 69 70 46 47 48 48 71 72 46 41 55 55 55 56 60 61 45 50 57 58 60 61 59 50 57 54 60 61 62 63 57 70 64 65 66 67 51 70 52 68 66 67 69 70 52 47 66 67 71 72 72 72 55 56 56 56 60 61 73 74 58 58 64 65 59 59 59 54 64 65 62 63 57 70 64 65 62 63 51 68 68 68 62 63 69 69 75 76 66 67 71 71 71 72 55 56 77 78 60 61 73 74 74 74 64 65 79 80 59 81 82 83 79 80 57 70 82 83 79 80 84 68 82 83 62 63 75 75 75 76 66 67 85 86 71 72 77 77 77 78 87 87 73 73 73 74 88 88 79 80 84 81 89 90 91 92 84 81 89 90 91 92 84 81 82 83 93 93 75 76 76 76 94 94 85 86 86 86 77 78 78 78 87 95 79 80 73 74 88 95 79 80 84 95 95 95 91 92 96 95 89 90 96 96 96 81 82 83 96 93 75 76 82 83 96 94 85 85 85 86 77 78 87 87 87 97 91 92 88 88 88 97 91 92 84 97 97 97 91 92 98 97 89 90 98 98 98 81 89 90 98 93 93 93 89 90 98 94 94 94 85 86 
6x7x20
01 02 02 02 03 04 01 05 05 05 06 07 01 01 01 08 06 07 09 10 01 11 06 07 09 10 12 11 11 11 09 10 13 13 13 11 14 15 16 16 16 11 17 02 18 19 03 04 17 05 20 19 03 21 17 17 17 08 03 21 09 10 17 22 06 07 23 15 12 22 22 22 23 15 24 25 13 22 14 15 24 26 16 22 02 02 18 04 04 04 05 05 20 19 27 28 09 10 12 08 03 21 09 10 12 08 06 07 23 15 12 08 06 07 29 30 24 25 13 13 14 14 14 26 16 16 18 18 18 04 31 32 20 20 20 19 27 28 23 33 12 19 03 21 23 34 24 19 35 21 23 15 24 08 36 21 29 30 24 25 25 25 37 38 14 26 26 26 18 33 31 31 31 32 20 33 27 27 27 28 39 33 40 41 42 28 29 34 40 41 35 28 29 43 40 41 36 44 29 30 30 30 36 25 37 38 38 38 36 26 39 33 31 45 46 32 39 34 27 47 46 32 39 34 40 47 42 32 29 34 48 47 35 28 37 43 48 41 35 44 37 49 48 30 35 44 37 49 50 38 36 44 39 33 31 45 51 52 53 34 40 54 46 55 56 43 40 54 42 32 56 43 48 47 42 57 37 43 58 41 42 57 59 49 58 41 35 60 61 62 50 38 36 44 39 45 45 45 51 52 53 53 53 63 46 55 56 43 48 54 46 55 59 49 48 47 46 55 59 49 58 47 42 57 59 49 64 60 60 60 61 62 50 50 50 44 56 45 65 66 51 52 56 67 53 63 51 52 56 67 58 54 51 52 59 67 58 54 68 55 61 62 58 54 68 57 61 62 64 60 68 57 61 62 69 70 50 57 65 65 65 66 66 66 71 67 53 63 63 63 71 71 71 72 51 52 59 73 71 72 74 55 61 62 71 72 72 72 64 64 64 60 68 72 69 69 69 70 70 70 65 67 75 75 75 66 76 67 77 78 74 63 77 77 77 78 74 79 77 73 80 78 74 79 77 73 80 79 79 79 64 73 80 79 68 81 69 82 82 82 68 70 65 83 83 83 75 66 76 84 84 84 74 85 86 86 87 87 87 85 88 86 80 78 87 85 88 86 86 86 87 87 88 73 89 89 89 81 69 82 90 90 90 70 91 92 92 83 75 75 76 93 93 84 74 85 76 94 80 95 95 95 76 96 80 78 97 81 98 98 98 78 99 81 88 73 89 100 100 81 82 82 90 101 101 102 91 94 92 83 83 85 91 94 93 84 84 85 91 94 103 95 104 105 76 96 103 106 97 81 107 108 98 106 99 102 88 89 89 100 99 102 88 90 90 101 99 102 109 94 92 92 92 105 109 96 93 93 93 105 91 96 95 95 104 105 110 96 103 106 97 111 107 108 98 98 97 102 107 100 100 100 97 112 107 101 101 101 99 112 113 94 114 114 114 105 109 96 115 106 116 111 91 108 115 106 104 111 110 108 103 106 104 111 110 108 103 117 104 102 110 118 103 117 97 112 107 119 119 119 99 120 113 113 113 121 114 105 109 122 122 122 116 111 109 108 115 122 123 124 109 125 125 122 122 112 126 127 125 117 104 112 110 118 125 125 125 112 107 119 128 120 120 120 129 129 113 121 114 114 130 130 116 116 116 111 131 132 115 117 123 124 131 132 115 117 133 134 126 127 115 117 133 134 110 118 118 118 135 135 119 119 128 120 136 136 137 129 113 121 123 124 137 130 116 121 123 124 137 137 137 121 123 124 131 132 137 138 133 134 126 127 128 138 138 138 126 127 128 118 135 138 126 127 128 120 136 138 139 129 129 129 123 124 139 130 130 130 133 134 139 139 139 121 133 134 131 132 139 140 133 134 131 132 128 140 140 140 131 132 135 135 135 140 126 127 136 136 136 140 
6x7x26
01 02 02 02 03 04 01 05 05 05 06 07 01 01 01 08 06 07 09 10 01 11 06 07 09 10 12 11 11 11 09 10 13 13 13 11 14 15 16 16 16 11 17 02 03 03 03 04 17 05 18 19 20 21 17 17 17 08 20 21 09 10 17 22 06 07 23 24 12 22 22 22 23 24 25 26 13 22 14 15 15 15 16 22 02 02 03 04 04 04 05 05 18 19 19 19 09 10 12 08 20 21 09 10 12 08 06 07 23 24 12 08 06 07 25 25 25 26 13 13 14 14 14 15 16 16 27 28 03 04 29 30 31 32 18 18 18 19 23 24 12 33 20 21 23 24 34 35 20 21 23 24 36 08 20 21 25 26 26 26 37 38 39 40 14 15 41 42 27 28 29 29 29 30 31 32 43 43 18 19 31 32 44 33 33 33 31 32 34 35 37 38 36 36 36 45 37 38 25 26 46 46 37 38 39 40 40 40 41 42 27 28 29 30 30 30 27 28 43 35 47 48 27 28 44 35 47 33 31 32 34 35 37 38 36 49 34 45 41 42 50 49 34 46 41 42 39 39 39 40 41 42 51 51 29 30 52 53 43 43 43 35 52 48 27 28 44 45 47 33 31 32 44 45 37 38 36 49 44 45 41 42 50 54 34 46 46 46 55 54 39 40 56 56 57 51 58 58 58 53 57 57 57 59 52 48 60 49 57 45 47 48 50 49 57 61 47 48 50 49 44 61 47 62 50 54 63 61 61 61 55 64 64 64 56 61 65 51 51 51 58 53 66 66 66 59 52 53 60 60 60 59 52 53 50 54 63 59 52 48 55 54 63 62 62 62 55 54 63 67 67 67 55 64 56 56 56 68 65 69 69 69 58 58 70 71 66 69 72 73 70 71 60 69 69 53 70 71 63 59 74 75 55 76 76 62 74 75 77 78 76 67 74 75 64 64 76 76 76 68 65 65 65 79 79 79 70 71 66 66 72 73 80 81 60 82 72 73 77 78 63 59 72 73 77 78 83 62 84 85 77 78 67 67 74 75 86 86 86 68 68 68 70 71 65 79 87 88 70 71 89 89 87 88 80 81 83 82 87 88 77 78 83 82 72 73 90 91 83 82 84 85 90 91 92 92 74 75 90 91 86 68 74 75 80 81 79 79 93 94 80 81 89 94 94 94 80 81 83 94 87 88 77 78 95 94 72 73 90 91 95 82 84 85 95 95 95 92 84 85 95 96 86 86 84 85 80 81 93 93 93 97 89 89 89 97 97 97 98 99 83 97 87 88 90 91 100 97 87 88 90 91 100 82 101 102 100 100 100 92 92 92 100 96 96 96 84 85 98 103 93 104 104 104 98 103 103 103 105 105 98 99 106 103 101 107 108 99 109 103 101 110 111 99 109 112 101 102 113 113 109 109 109 102 114 114 114 96 109 102 98 115 93 104 116 116 108 115 115 115 105 117 108 118 106 115 101 107 108 118 119 115 120 110 111 99 119 112 120 110 121 113 119 119 119 110 122 122 114 96 119 102 98 123 104 104 116 124 108 123 105 105 105 117 111 123 106 112 101 107 111 118 106 112 120 107 111 99 106 112 125 107 121 113 113 113 125 110 126 122 114 114 125 102 127 128 116 116 116 124 108 128 129 129 120 117 111 123 130 112 120 117 121 118 131 132 120 117 121 118 106 133 125 107 121 118 134 134 135 110 126 122 122 122 135 136 127 137 130 138 139 124 127 128 130 129 139 124 127 123 130 140 139 124 121 123 131 132 125 117 126 141 142 133 125 136 126 141 134 133 135 136 126 141 143 133 144 136 145 137 130 138 138 138 146 128 131 129 129 129 127 128 131 140 139 124 147 128 131 132 135 148 126 141 142 132 135 136 134 134 134 132 135 149 143 143 143 133 144 150 145 137 130 151 152 138 146 137 131 153 154 148 127 137 142 140 139 148 147 141 142 140 139 148 147 141 142 140 144 136 147 155 156 132 144 149 143 157 158 133 144 150 145 145 145 151 152 138 146 146 146 153 154 148 159 137 142 153 154 160 159 155 156 153 154 160 159 155 156 140 144 160 147 155 156 149 149 149 143 157 158 150 150 150 161 161 145 151 152 162 163 163 146 151 152 148 164 165 166 151 152 160 167 155 156 153 154 168 159 157 158 169 170 171 147 157 158 149 172 172 173 157 158 150 174 174 164 161 175 175 175 162 164 163 176 176 176 160 164 165 166 151 152 160 167 155 156 153 154 168 159 157 158 169 170 171 159 177 177 177 172 171 173 178 178 178 174 171 164 161 161 161 175 162 167 163 163 163 176 162 167 165 166 169 170 162 167 165 166 169 170 168 173 165 166 169 170 168 173 177 172 172 172 168 173 178 174 174 174 171 164 179 179 179 175 175 167 179 180 180 176 176 179 179 180 169 170 162 180 180 180 181 181 181 173 165 166 181 182 182 177 177 181 181 182 168 178 178 182 182 182 171 
