Prime boxes of the No.18-Heptomino  Toshihiro Shirakawa 2015.04.17

minimal 10
3x4x5

Possible
3x4x5
3x8x8

4x4x[6,9]
4x6x11
4x7x[9,12]

6x6x[12,16,18,20,22,26]
6x7x[8,10,12]

Prime

3x4x5
3x8x8

4x4x[6,9]
4x6x11
4x7x[9,12]

6x7x[8,10]

Impossible
3x3xN
3x6xN
3x7xN
3x8x[9,11,12,14,17,19,22,27]
3x9x[12,16,24-36]

4x6x[6,7]

5x5xN
5x6x[6,10]


Solutions
3x4x5
01 02 03 04 04 04 01 04 03 05 04 04 01 02 03 01 02 03 01 02 03 05 05 05 06 02 06 07 08 09 01 02 03 05 08 05 06 06 06 07 08 09 07 08 09 07 08 09 06 10 10 07 10 09 10 10 10 07 08 09 
3x8x8
01 02 03 01 02 03 04 02 04 04 04 04 04 05 05 06 05 07 05 05 05 06 08 07 09 09 09 01 02 03 10 11 12 10 11 12 10 11 12 06 08 07 06 08 07 06 08 07 01 09 03 01 02 03 01 02 03 10 11 12 13 14 15 06 08 07 13 14 15 16 08 16 17 09 09 18 19 20 10 11 12 10 11 12 13 14 15 13 14 15 13 14 15 16 16 16 17 17 17 18 19 20 18 19 20 18 19 20 21 22 23 21 22 23 13 14 15 16 24 24 17 25 17 18 19 20 26 25 27 18 19 20 21 22 23 28 29 30 28 29 30 28 24 30 26 25 27 26 25 27 26 25 27 21 22 23 21 22 23 21 22 23 28 29 30 24 24 24 26 25 27 31 31 31 26 31 27 32 31 31 32 32 32 32 29 32 28 29 30 28 29 30 


4x4x6
01 01 01 02 03 01 04 04 01 01 04 02 03 04 04 04 05 06 05 02 03 06 07 02 03 06 07 02 03 08 07 08 05 05 05 02 09 06 10 10 11 11 07 12 03 08 08 08 05 06 13 12 09 06 10 12 09 11 07 12 09 08 07 14 13 13 13 12 09 10 10 10 11 11 11 12 09 14 14 14 13 15 13 15 16 15 15 15 16 16 16 15 16 14 16 14 
4x4x9
01 02 01 02 01 01 01 03 01 03 03 03 04 03 04 03 05 02 02 02 05 06 06 07 05 08 08 08 04 04 04 07 09 09 09 02 05 10 06 07 11 10 08 07 11 10 04 07 05 09 12 12 05 06 06 06 11 10 08 08 13 13 13 07 09 09 12 14 11 10 15 14 11 10 15 14 11 13 16 16 17 12 12 12 18 18 15 14 17 19 19 20 13 13 16 20 17 21 15 14 17 18 15 14 17 19 15 20 22 16 16 16 17 21 21 21 18 18 18 20 19 19 19 20 22 22 22 20 23 21 23 21 23 23 23 24 23 24 24 24 22 24 22 24 

4x6x11
01 02 01 02 01 01 01 03 01 03 03 03 04 03 05 03 04 06 05 07 04 08 05 08 09 02 02 02 10 11 12 11 10 06 12 07 10 06 12 07 04 06 05 07 13 08 08 08 09 09 09 02 14 11 11 11 10 06 12 07 04 15 05 16 04 06 05 07 13 13 13 08 09 17 09 17 14 14 14 11 10 18 12 18 10 15 12 16 19 15 19 16 13 15 13 16 20 17 17 17 14 21 14 21 22 18 18 18 23 15 23 16 19 19 19 24 25 15 25 16 20 20 20 17 26 21 21 21 22 22 22 18 23 23 23 27 19 24 24 24 25 25 25 28 20 29 20 30 26 26 26 21 22 29 22 30 23 27 27 27 31 24 31 24 25 28 28 28 32 29 32 30 26 29 26 30 33 29 34 30 33 27 34 27 31 31 31 35 36 28 36 28 32 32 32 37 38 39 40 41 38 29 40 30 33 39 34 41 31 35 35 35 36 36 36 42 32 37 37 37 38 39 40 41 33 39 34 41 33 39 34 41 33 35 34 35 36 42 42 42 38 37 40 37 38 39 40 41 38 43 40 43 44 43 43 43 44 44 44 43 44 42 44 42 

4x7x9
01 02 01 02 01 01 01 03 01 03 03 03 04 03 04 03 04 04 04 05 04 05 05 05 06 05 06 05 07 02 02 02 07 08 09 08 07 08 08 08 10 08 11 12 11 11 11 13 11 14 11 13 06 06 06 13 15 15 15 02 07 15 09 12 15 15 09 12 10 14 09 12 10 14 16 16 10 14 16 13 06 16 16 16 17 17 17 18 07 17 09 12 07 17 17 18 10 14 09 12 19 20 20 13 10 14 20 13 19 20 20 20 21 22 21 18 23 22 23 18 23 23 23 18 24 25 23 26 19 25 25 25 19 25 27 25 19 28 27 28 21 21 21 18 29 22 29 26 29 29 29 26 24 30 29 26 24 30 30 30 24 30 27 30 19 28 28 28 31 22 21 32 33 22 34 26 33 22 34 32 24 35 34 26 36 35 27 37 24 35 27 37 36 28 27 38 31 31 31 32 39 39 39 32 33 39 34 32 39 39 40 40 36 35 40 37 36 40 40 40 36 38 38 38 31 41 31 32 33 41 41 41 33 41 34 41 33 35 34 37 42 35 42 37 42 42 42 37 36 38 42 38 
4x7x12
01 02 01 02 01 01 01 03 01 03 03 03 04 03 04 03 04 04 04 05 04 05 05 05 06 05 06 05 07 02 02 02 08 09 10 09 08 09 09 09 08 09 11 12 11 11 11 12 11 13 11 12 06 06 06 14 07 07 07 02 10 10 10 15 08 15 15 15 16 15 16 15 16 16 16 12 16 13 13 13 06 14 14 14 07 17 07 17 10 18 10 18 08 18 18 18 08 18 19 12 19 19 19 12 19 13 19 13 20 14 20 14 21 17 17 17 21 22 23 22 21 22 22 22 24 22 25 26 25 25 25 27 25 28 25 27 20 20 20 27 29 29 29 17 21 29 23 26 29 29 23 26 24 28 23 26 24 28 30 30 24 28 30 27 20 30 30 30 31 31 31 32 21 31 23 26 21 31 31 32 24 28 23 26 33 34 34 27 24 28 34 27 33 34 34 34 35 36 35 32 37 36 37 32 37 37 37 32 38 39 37 40 33 39 39 39 33 39 41 39 33 42 41 42 35 35 35 32 43 36 43 40 43 43 43 40 38 44 43 40 38 44 44 44 38 44 41 44 33 42 42 42 45 36 35 46 47 36 48 40 47 36 48 46 38 49 48 40 50 49 41 51 38 49 41 51 50 42 41 52 45 45 45 46 53 53 53 46 47 53 48 46 53 53 54 54 50 49 54 51 50 54 54 54 50 52 52 52 45 55 45 46 47 55 55 55 47 55 48 55 47 49 48 51 56 49 56 51 56 56 56 51 50 52 56 52 


6x6x12
01 02 02 03 04 05 01 06 06 06 07 07 08 08 08 03 07 05 09 08 10 07 07 07 08 08 11 11 11 12 09 13 10 14 14 12 15 15 02 03 04 05 01 15 06 03 04 05 15 15 15 03 04 05 09 13 10 16 16 16 09 13 10 11 16 12 09 13 10 14 16 16 01 02 02 02 04 17 01 06 06 18 18 18 01 19 19 03 04 05 09 13 10 20 20 12 21 21 21 11 11 12 22 13 14 14 14 12 23 23 23 17 17 17 24 24 24 25 18 26 27 24 19 28 28 26 27 24 24 20 28 26 27 21 29 28 28 28 22 22 22 30 30 30 31 23 32 17 33 17 31 25 25 25 18 18 31 19 19 19 33 26 27 34 20 20 20 35 21 21 29 29 29 35 22 34 22 36 30 35 23 23 32 37 33 38 31 25 32 25 33 38 27 39 32 37 33 26 27 34 40 36 41 26 42 34 29 36 29 35 42 34 40 36 30 30 31 39 32 37 43 43 31 39 44 37 44 38 45 39 32 37 33 46 45 34 40 36 41 46 42 47 40 47 41 35 48 48 40 36 41 35 49 39 49 37 43 38 50 50 44 44 44 38 45 39 51 51 51 38 42 52 52 52 41 46 42 47 47 47 53 53 42 48 40 54 41 54 49 49 49 43 43 43 45 50 44 55 55 55 45 56 56 51 55 46 45 56 52 55 55 46 56 56 56 47 53 46 48 48 48 54 54 54 49 57 58 59 59 60 50 50 50 61 61 60 62 57 58 51 51 60 63 52 52 64 65 66 63 67 67 53 53 53 63 68 68 64 65 54 62 57 58 59 69 69 62 57 58 61 69 60 62 57 58 69 69 69 70 70 70 64 65 66 63 70 67 64 65 66 70 70 68 64 65 66 62 57 59 59 59 60 71 71 61 61 61 60 62 71 58 72 72 72 71 71 71 64 72 66 63 67 67 67 72 72 63 68 68 68 65 66 
6x6x16
01 01 02 03 02 04 05 05 05 03 06 06 07 07 07 03 06 04 08 07 09 06 06 06 07 07 09 10 10 10 08 11 09 11 12 12 13 01 02 02 02 04 13 05 14 03 14 04 13 15 14 14 14 04 08 15 15 15 14 16 08 15 09 15 10 16 08 11 11 11 12 16 01 01 01 03 02 04 13 05 05 03 17 18 19 20 19 18 18 18 19 19 19 18 17 18 19 20 09 10 10 16 08 11 09 12 12 12 21 22 23 23 23 24 13 22 25 23 17 26 13 20 23 23 17 27 28 20 29 29 17 16 30 20 29 31 32 16 33 29 29 29 32 34 21 21 21 24 24 24 28 22 25 26 26 26 28 20 25 31 35 27 28 36 25 31 17 27 30 30 30 31 32 27 33 33 33 34 34 34 21 22 21 24 35 24 28 22 25 26 35 26 37 22 37 31 35 27 28 36 25 38 32 38 30 36 30 31 32 27 33 36 33 34 32 34 39 40 41 40 35 42 39 40 40 40 43 42 37 37 37 40 35 42 44 36 45 38 38 38 44 46 45 45 45 47 44 36 45 48 45 47 49 49 41 50 50 50 39 51 41 51 43 42 37 46 41 52 43 52 53 46 53 48 43 38 44 46 54 48 54 47 55 55 55 48 56 56 39 49 41 57 50 42 39 51 51 51 43 42 39 46 41 52 52 52 53 53 53 48 43 47 44 46 54 54 54 47 44 55 58 48 56 47 49 49 49 57 50 50 59 51 59 57 60 60 61 61 61 57 60 52 53 61 58 60 60 60 61 61 58 62 54 62 55 55 58 56 56 56 63 64 65 57 65 66 59 59 59 67 67 67 63 64 68 57 68 66 69 70 58 70 71 72 73 73 73 62 62 62 69 74 58 74 71 72 63 64 65 65 65 66 63 64 59 75 67 66 63 64 68 68 68 66 69 70 70 70 71 72 69 73 76 62 71 72 69 74 74 74 71 72 63 64 65 77 77 66 78 75 75 75 67 67 78 78 78 79 68 79 78 70 78 79 79 79 73 73 76 76 76 79 69 80 80 74 71 72 81 82 82 82 77 83 84 75 82 75 85 83 86 86 82 82 85 87 84 88 89 89 90 90 91 88 76 89 76 87 91 80 89 89 89 92 81 81 81 77 77 77 84 93 93 93 85 83 84 86 93 94 94 87 84 93 93 94 90 87 91 88 94 94 94 87 80 80 80 92 92 92 81 95 81 95 85 83 84 95 95 95 85 83 86 86 86 95 85 83 91 88 96 90 90 90 91 88 96 96 96 87 91 88 96 92 96 92 
6x6x18
01 01 02 03 02 04 05 01 02 02 02 04 01 01 01 03 02 06 05 07 08 09 09 09 10 07 07 07 09 06 10 07 08 07 09 09 11 11 11 03 12 12 05 11 13 03 13 04 05 11 11 03 14 06 05 15 08 16 16 06 10 17 08 17 16 06 18 18 08 16 16 16 19 19 19 03 12 04 05 19 13 13 13 04 19 19 14 14 14 04 10 15 15 15 20 20 10 17 17 17 20 06 10 18 08 20 20 20 21 22 21 12 12 12 23 22 22 22 13 24 25 22 14 22 14 24 25 15 26 15 26 24 25 17 26 26 26 27 18 18 18 28 26 28 21 21 21 29 30 31 23 23 23 29 30 31 32 32 32 29 30 24 25 33 34 35 35 35 36 33 34 27 27 27 36 33 34 28 28 28 21 37 38 39 39 39 23 37 23 29 30 31 25 32 40 40 40 24 25 41 41 41 35 24 36 33 34 27 42 27 43 43 43 44 42 28 38 38 38 29 39 31 45 37 46 29 30 31 32 32 46 40 30 31 36 33 41 47 35 35 36 33 34 47 42 48 36 43 34 44 44 44 38 37 38 39 39 49 45 37 50 50 50 49 45 37 46 40 40 48 45 41 41 47 42 48 51 52 52 52 42 48 51 43 43 44 42 44 53 53 53 54 54 54 45 53 46 50 55 49 53 53 46 47 55 48 45 56 46 47 57 57 51 56 52 47 57 48 58 58 58 57 57 57 59 60 59 60 54 49 59 59 59 50 50 49 59 61 61 61 55 49 51 56 62 62 62 63 51 52 52 63 63 63 51 58 64 63 64 63 65 60 60 60 54 54 66 66 66 67 55 68 65 56 61 67 55 68 69 56 70 62 55 71 69 56 70 72 72 72 58 58 64 64 64 71 65 60 73 74 74 74 65 66 73 75 75 68 65 61 61 67 76 76 77 77 70 62 62 71 69 78 78 79 72 71 80 80 80 79 64 71 65 81 82 82 74 68 66 66 73 67 75 68 83 81 70 67 76 68 69 77 70 67 84 85 69 78 70 79 72 72 69 80 86 86 84 71 83 81 73 82 74 74 83 81 73 75 75 75 83 81 73 76 76 76 77 77 77 79 84 85 78 78 78 79 84 85 80 80 86 79 84 85 83 81 82 82 82 87 88 88 88 89 90 87 83 88 91 92 92 87 93 88 88 89 92 85 93 94 91 92 92 92 93 86 86 86 84 85 95 96 95 96 97 97 95 95 95 89 90 87 95 94 91 89 90 98 99 94 91 89 90 100 93 94 91 100 100 100 101 101 102 100 102 100 103 96 96 96 97 87 103 103 103 89 90 87 103 94 103 98 98 98 99 99 99 104 90 104 93 94 91 104 104 104 93 101 102 102 102 104 105 96 105 97 97 97 105 105 105 106 106 106 105 107 107 98 106 98 99 107 99 106 106 108 107 107 107 108 108 108 101 101 101 108 102 108 
6x6x20
01 02 01 02 03 04 01 01 01 05 05 05 01 06 06 07 05 04 08 06 09 05 05 10 06 06 06 10 10 10 08 11 12 10 12 10 13 02 02 02 03 04 14 14 14 15 03 04 13 07 07 07 03 04 08 11 09 09 09 16 08 11 17 18 18 18 08 11 12 12 12 16 13 02 19 20 03 20 13 14 19 15 15 15 13 07 19 07 03 04 08 11 09 21 09 16 17 17 17 21 18 16 22 11 22 21 12 16 23 23 23 20 20 20 14 14 19 15 24 15 13 25 26 26 26 27 28 29 29 29 24 16 17 25 17 21 18 18 22 22 22 30 30 30 31 23 32 20 32 27 31 33 19 33 24 27 31 25 19 26 24 27 28 25 29 21 24 34 28 25 35 21 35 34 28 36 22 36 30 34 23 23 32 32 32 27 31 33 33 33 24 37 38 39 40 26 26 27 28 29 29 41 42 37 38 25 35 35 35 34 28 36 36 36 30 30 31 39 40 43 32 43 31 39 40 33 44 37 38 39 40 45 44 37 38 46 47 41 42 37 38 46 35 41 42 34 48 36 48 41 42 34 49 39 40 43 43 43 49 50 50 50 44 37 49 39 40 45 45 45 47 47 47 41 42 51 38 46 52 52 52 51 48 48 48 41 42 51 53 53 54 43 44 55 49 53 50 56 44 56 53 53 53 45 44 45 47 46 47 57 57 57 58 46 58 52 57 51 59 46 48 60 57 57 54 54 54 55 55 55 49 50 50 56 56 56 49 61 61 61 62 63 64 65 66 66 66 51 58 58 58 52 52 51 59 59 59 60 60 60 54 67 54 55 62 55 64 67 67 67 62 56 64 67 61 67 62 63 64 65 68 66 68 63 58 65 68 68 68 63 59 65 59 60 68 60 69 70 69 71 62 71 64 70 72 72 72 73 74 70 61 61 62 63 64 65 66 66 75 73 74 76 76 76 75 63 77 65 77 78 75 78 69 69 69 71 71 71 79 70 80 72 80 73 74 81 80 80 80 73 74 81 81 81 80 73 74 81 76 81 75 82 77 77 77 78 78 78 69 83 83 83 84 71 79 70 83 72 72 73 79 70 83 83 84 82 79 85 86 86 75 82 74 76 76 86 75 82 77 85 86 86 86 78 87 88 89 89 84 90 79 88 89 91 84 91 87 89 89 89 84 82 79 85 92 92 92 93 94 85 94 92 95 82 96 85 92 92 95 93 87 97 97 90 90 90 87 88 97 91 91 91 87 97 97 97 84 98 99 85 100 100 100 93 94 94 94 100 95 93 96 96 96 100 100 93 87 88 101 90 101 90 102 88 101 101 101 91 102 88 101 98 98 98 99 99 99 103 95 104 94 103 103 103 95 104 96 103 96 103 95 93 105 105 106 107 106 108 102 109 109 107 110 110 111 111 111 98 110 98 99 111 99 110 110 110 111 111 112 113 113 104 114 115 112 115 116 116 102 105 106 106 106 108 102 109 117 107 117 108 102 118 117 117 117 108 114 118 118 118 117 104 114 118 112 118 113 104 114 115 115 115 116 104 105 105 105 107 106 108 109 109 109 107 119 119 120 120 120 107 119 108 114 120 112 119 119 119 120 120 112 113 113 113 114 115 112 116 116 116 
6x6x22
01 02 02 03 04 05 01 06 06 07 07 07 01 08 08 03 07 05 09 08 10 07 07 11 08 08 08 12 12 11 09 13 10 14 14 11 15 15 02 03 04 05 01 15 06 03 04 05 15 15 15 03 04 05 09 13 10 16 16 16 09 13 10 12 16 11 09 13 10 14 16 16 01 02 02 02 04 05 01 06 06 06 17 17 18 18 18 03 04 19 20 13 10 21 21 21 22 22 12 12 12 11 09 13 14 14 14 11 23 24 25 24 25 19 23 24 24 24 17 19 23 18 26 24 26 19 20 27 28 27 21 29 20 22 28 28 28 29 20 30 28 30 28 29 31 31 25 25 25 19 23 32 33 17 17 17 18 18 26 26 26 19 20 27 27 27 21 21 22 22 22 34 35 29 20 30 30 30 36 36 23 31 25 37 38 38 23 32 33 33 33 39 40 32 26 37 35 39 40 32 41 27 35 39 40 34 34 34 35 29 42 42 41 30 36 29 31 31 31 37 38 43 44 32 33 37 33 43 44 45 46 37 35 39 40 32 41 47 48 49 50 34 41 34 35 49 50 42 41 36 36 36 51 51 46 38 38 38 44 52 46 52 48 43 40 45 46 37 48 39 40 45 41 47 48 39 50 45 53 47 53 49 42 42 42 47 54 54 44 51 46 55 56 43 44 52 52 52 48 43 44 45 46 55 56 43 50 57 58 47 48 49 50 45 53 53 53 49 50 57 58 47 54 49 51 51 51 55 56 59 60 52 60 55 56 61 60 60 60 55 56 62 60 57 58 62 62 62 63 57 58 62 53 62 64 57 58 54 54 54 65 66 65 59 59 59 67 66 67 61 61 61 67 67 67 55 56 68 67 57 58 68 68 68 63 63 63 68 69 68 64 64 64 70 69 70 65 65 65 59 71 59 72 66 73 61 74 61 72 75 73 76 74 77 72 75 73 76 74 77 63 75 63 76 69 77 64 78 64 70 70 70 65 66 71 71 71 79 80 66 80 79 79 79 72 66 73 79 74 79 81 75 81 76 69 77 81 81 81 82 69 82 81 78 78 78 69 70 83 84 71 84 71 85 80 80 80 86 86 86 72 75 73 76 74 77 72 75 73 76 74 77 87 87 87 82 82 82 88 78 89 78 89 90 83 84 84 84 91 85 83 92 80 92 86 85 83 92 92 92 93 85 88 92 93 93 93 90 88 87 93 82 93 90 88 94 89 89 89 90 83 84 91 91 91 85 95 96 95 96 86 86 83 96 96 96 97 85 88 96 97 97 97 90 87 87 97 98 97 98 88 94 94 94 89 90 99 100 91 101 91 101 95 95 95 102 102 103 104 100 104 103 103 103 104 104 104 103 105 103 104 106 106 98 98 98 107 94 107 94 105 108 99 100 109 101 101 101 99 100 95 110 102 110 99 100 111 110 110 110 111 111 111 110 105 108 111 106 111 98 105 108 107 107 107 112 105 108 99 100 109 101 113 113 114 114 109 102 102 102 99 114 109 115 115 115 114 114 114 112 115 108 106 106 106 112 115 115 116 116 107 112 105 108 117 118 109 118 113 119 120 118 118 118 121 119 122 122 109 118 121 123 120 124 125 112 126 126 127 124 125 125 125 123 127 116 125 112 125 128 117 117 117 113 113 113 120 129 129 129 121 119 120 122 129 130 130 123 120 129 129 130 126 123 127 124 130 130 130 123 116 116 116 128 128 128 117 131 117 131 121 119 120 131 131 131 121 119 122 122 122 131 121 119 127 124 132 126 126 126 127 124 132 132 132 123 127 124 132 128 132 128 
6x6x26
01 01 02 03 02 03 04 05 02 02 02 06 04 05 02 07 08 07 09 05 09 10 08 11 12 10 10 10 08 11 13 10 13 10 14 14 15 01 15 03 03 03 15 15 15 06 06 06 04 05 15 07 07 07 09 09 09 16 08 11 12 12 12 16 16 16 13 13 13 16 14 16 01 01 01 03 17 18 04 05 19 06 17 06 04 05 19 07 17 11 04 20 09 21 08 11 12 20 12 21 08 11 22 20 13 14 14 14 23 23 24 24 24 18 25 25 25 24 17 18 26 26 19 24 24 18 22 27 27 21 28 28 22 20 27 29 29 29 22 27 27 27 30 30 31 23 32 32 32 18 31 25 19 33 17 33 31 26 19 21 17 18 22 20 19 21 28 34 35 20 35 21 29 34 22 36 36 36 30 34 23 23 23 32 37 37 31 25 25 33 33 33 26 26 26 38 38 38 39 39 39 28 28 28 35 35 35 29 29 34 40 40 36 30 30 30 41 42 32 32 37 43 31 42 44 33 44 43 31 42 45 46 38 43 47 39 45 46 48 34 47 49 35 49 48 34 47 40 36 36 48 50 41 41 41 37 37 37 51 42 44 44 44 43 52 52 52 46 38 38 39 39 45 53 53 53 47 49 49 49 48 54 40 40 40 50 50 50 41 42 41 55 56 43 51 42 44 46 56 43 51 52 45 46 56 54 51 57 45 46 53 54 47 57 45 49 48 54 47 57 58 50 48 50 59 59 59 55 55 55 51 60 60 60 56 61 52 52 60 62 62 54 51 60 60 62 53 53 63 57 62 62 62 54 58 58 58 64 64 64 65 59 66 55 66 55 65 67 68 67 56 61 63 69 68 70 56 61 63 57 68 70 71 61 63 57 72 70 72 73 58 74 58 74 64 73 59 59 66 66 66 75 65 67 67 67 71 61 63 69 68 76 71 75 77 69 78 70 71 61 63 69 72 72 72 73 77 74 74 74 64 64 65 79 79 76 66 75 65 67 68 76 71 75 65 69 68 76 80 75 77 81 78 70 71 73 77 69 78 70 72 73 77 74 78 82 82 73 83 79 84 76 85 86 83 81 84 87 85 88 89 81 90 76 80 75 77 81 78 87 80 88 89 91 90 92 80 93 94 91 78 92 82 93 79 79 79 86 86 86 83 81 84 87 85 88 89 95 90 87 80 88 89 81 90 87 96 88 89 91 90 92 80 93 94 94 94 82 82 82 83 95 84 86 85 86 83 95 84 87 85 88 83 95 84 97 85 97 98 91 98 92 96 93 89 91 90 92 96 93 94 91 94 92 96 93 99 95 100 101 100 102 99 103 100 100 100 102 99 95 100 97 97 97 98 98 98 104 96 105 106 104 104 104 107 105 106 104 108 104 96 105 109 109 109 101 110 110 99 103 111 101 111 102 112 103 112 101 107 97 98 103 108 113 107 113 106 114 108 114 107 105 115 115 108 116 116 116 99 109 117 101 110 102 99 103 111 111 111 102 112 112 112 101 107 102 106 103 108 113 113 113 106 114 114 114 107 105 106 115 108 118 116 105 109 109 117 110 110 110 119 119 117 120 111 120 112 119 117 121 121 121 119 119 119 118 121 113 122 114 122 118 121 121 115 115 115 118 116 116 123 124 117 124 125 126 127 127 127 120 120 120 123 128 117 128 125 126 129 130 131 118 131 132 122 122 122 133 133 133 129 130 134 118 134 132 123 124 124 124 125 126 123 127 135 120 125 126 123 128 128 128 125 126 129 130 131 131 131 132 129 130 122 136 133 132 129 130 134 134 134 132 123 137 137 124 125 126 127 127 135 135 135 138 139 128 139 138 138 138 139 139 139 138 131 138 139 136 136 136 133 133 129 130 134 140 140 132 141 137 142 142 142 143 141 144 135 142 135 145 146 144 142 142 147 147 148 148 149 149 150 145 146 136 149 136 150 151 152 149 149 149 140 151 137 137 137 143 143 143 141 144 153 153 153 145 146 154 154 153 147 145 146 148 154 153 153 145 146 154 154 154 150 151 152 152 152 140 140 140 141 144 155 143 155 143 141 144 155 155 155 145 141 144 155 147 147 147 148 148 148 156 150 151 146 156 156 156 150 151 152 156 152 156 150 151 

6x7x8
01 02 03 04 05 04 01 02 05 05 05 06 07 02 05 08 05 08 07 07 07 08 08 08 07 09 07 09 10 08 11 09 09 09 10 12 13 09 13 14 10 12 15 15 03 04 04 04 01 02 03 06 06 06 16 17 03 18 19 20 16 17 21 18 19 20 16 17 21 14 19 20 11 11 11 14 10 12 13 13 13 14 22 22 01 15 03 04 23 23 01 02 24 06 23 06 01 02 03 23 23 23 16 17 21 18 19 20 25 25 25 14 10 12 11 25 11 26 10 12 25 25 13 14 22 12 15 15 15 27 27 27 24 24 24 28 27 28 16 17 21 18 27 27 16 17 21 18 19 20 29 29 21 18 19 20 30 29 30 26 26 26 29 29 29 22 22 22 31 31 31 32 32 32 24 31 24 28 28 28 31 31 33 34 35 36 37 38 33 34 35 36 37 38 33 34 39 39 30 30 30 26 39 26 40 40 40 39 39 39 41 41 42 43 32 44 45 41 45 28 46 44 41 41 41 43 46 44 37 38 33 34 35 36 47 48 49 50 50 50 47 48 30 51 50 51 47 40 49 52 50 50 42 42 42 43 32 32 45 45 45 43 46 44 37 38 33 43 35 36 37 38 33 34 35 36 37 38 49 34 35 36 47 48 49 51 51 51 40 40 49 52 52 52 42 53 42 43 46 44 45 53 53 53 46 44 54 53 54 53 46 55 54 54 54 55 55 55 54 48 56 55 56 55 47 48 56 56 56 51 47 48 49 52 56 52 
6x7x10
01 02 02 03 03 03 01 02 04 05 04 05 02 02 02 05 05 05 06 06 07 05 08 08 07 07 07 09 09 09 07 10 07 10 09 11 12 12 12 09 09 11 13 13 14 14 03 15 01 13 04 04 04 16 13 13 13 16 16 16 17 06 17 16 08 16 17 17 17 18 18 18 17 10 10 10 18 11 19 12 20 20 18 18 01 21 14 03 03 15 01 21 21 21 04 15 01 21 22 21 23 15 06 06 06 08 08 08 19 24 25 26 25 11 19 10 25 25 25 11 19 12 12 20 25 11 27 14 14 14 23 15 28 28 28 29 23 29 27 28 22 26 23 15 28 28 22 26 30 30 19 24 22 26 30 31 32 24 32 30 30 30 19 24 20 20 20 31 27 33 33 34 23 34 27 35 35 29 29 29 27 35 22 26 23 36 35 35 35 37 37 37 38 24 22 26 37 31 32 32 32 37 37 31 39 24 39 40 40 31 27 33 41 34 34 34 42 43 41 41 41 29 38 43 41 44 41 36 38 43 45 44 46 36 38 47 45 47 46 36 32 47 47 47 46 48 39 39 39 47 40 31 33 33 33 49 49 34 42 42 42 49 50 51 38 43 49 49 49 36 52 53 45 44 50 51 38 54 54 54 46 36 52 53 54 48 48 48 39 54 54 40 40 40 55 56 57 58 57 59 42 43 42 58 50 51 55 43 45 44 50 51 52 53 45 44 50 51 52 53 45 44 46 60 52 53 61 48 46 48 62 63 61 63 64 60 55 56 57 57 57 59 55 56 65 58 50 59 55 56 65 65 65 59 52 66 65 66 65 51 62 66 66 66 64 60 62 53 61 66 64 60 62 63 63 63 64 60 55 56 67 58 57 59 67 67 67 58 68 68 67 56 67 58 68 59 69 69 69 68 68 68 62 69 61 70 64 70 69 69 61 70 70 70 62 63 61 70 64 60 
6x7x12
01 01 01 02 03 02 04 05 03 03 03 06 04 05 03 07 03 07 08 05 08 09 10 09 11 12 11 12 10 13 14 12 12 12 10 13 15 12 15 16 16 16 17 01 17 02 02 02 17 17 17 06 06 06 04 05 17 07 07 07 08 08 08 09 09 09 11 11 11 18 10 13 14 14 14 18 18 18 15 15 15 18 16 18 01 01 19 19 19 02 04 05 20 06 20 06 04 05 20 20 20 07 04 21 08 09 20 13 11 21 21 21 10 13 14 21 14 21 10 13 15 22 22 22 16 16 23 23 24 19 25 25 24 24 24 26 26 26 24 27 24 28 28 28 29 27 29 30 31 30 32 32 32 33 31 33 34 34 34 33 33 33 35 35 22 33 36 36 37 23 19 19 25 38 37 37 37 39 26 38 37 27 37 39 28 38 29 29 29 30 30 30 40 32 41 42 31 42 40 34 41 42 42 42 40 35 22 22 36 42 23 23 23 25 25 25 43 27 44 26 26 38 43 27 44 39 28 28 29 27 44 45 31 30 32 32 41 45 31 46 40 34 34 45 31 46 35 35 35 36 36 36 47 47 47 48 48 48 43 49 49 39 50 38 51 51 44 39 50 38 52 53 41 39 50 54 40 53 41 45 55 55 40 53 41 56 56 46 57 57 57 58 58 58 43 47 59 59 48 60 43 49 44 60 60 60 43 51 44 60 50 60 52 52 52 54 54 54 61 53 61 45 55 46 61 61 61 45 56 46 61 57 62 62 58 46 47 47 59 63 48 48 49 49 49 63 63 63 51 51 51 63 50 63 52 53 52 54 50 54 64 53 64 55 55 55 64 64 64 56 56 56 57 57 64 62 58 58 65 59 59 59 66 66 67 68 67 68 69 70 71 68 68 68 69 70 72 68 72 73 74 73 75 76 74 74 74 77 75 76 74 78 74 78 79 79 62 62 62 80 65 65 65 81 66 81 67 67 67 81 81 81 71 71 71 81 69 70 72 72 72 73 73 73 75 76 82 77 77 77 82 82 82 78 78 78 82 79 82 80 80 80 65 83 65 66 66 66 67 83 83 83 69 70 71 83 71 83 69 70 75 76 72 73 69 70 75 76 84 77 84 77 75 76 84 84 84 78 79 79 79 80 84 80 
