Prime boxes of the No.24-Hexomino  Toshihiro Shirakawa 2015.04.12

Complete

minimal 10
3x4x5

Prime
3x4x[5-9]
3x5x6
3x6x[6,7]
5x5x6

3x3x3x[4,6]
3x3x4x4
3x4x4x4


Solutions
3x4x5
01 01 02 02 02 02 02 02 03 04 04 03 01 01 01 05 05 03 06 06 03 04 04 03 07 07 01 05 05 03 08 06 06 09 04 04 08 07 07 08 05 05 08 06 06 09 09 09 08 07 07 08 10 10 10 10 10 10 09 09 
3x4x6
01 02 03 01 04 04 04 04 04 04 05 05 06 02 03 01 02 03 01 02 03 05 05 05 06 06 06 01 02 03 01 02 03 05 07 07 08 06 06 09 10 11 09 10 11 07 07 07 08 08 08 09 10 11 09 10 11 07 10 11 12 08 08 12 12 12 09 12 12 09 10 11 
3x4x7
01 02 03 01 04 04 04 04 04 04 05 05 01 02 03 01 02 03 01 02 03 05 05 05 06 07 07 06 02 03 01 02 03 05 08 08 06 07 07 06 09 09 06 10 10 08 08 08 07 07 11 09 09 12 06 10 10 08 13 13 11 11 11 09 09 12 10 10 12 13 13 12 11 11 14 14 14 14 14 14 12 13 13 12 
3x4x8
01 02 03 04 02 03 04 04 04 05 04 04 01 01 01 06 02 03 06 02 03 05 05 05 06 01 01 06 02 03 07 02 03 08 05 05 06 09 09 06 10 10 07 07 07 08 08 08 09 09 09 10 10 10 11 07 07 11 08 08 09 12 12 10 13 14 11 13 14 11 15 15 12 12 12 11 13 14 11 13 14 15 15 15 12 16 16 16 16 16 16 13 14 15 13 14 
3x4x9
01 02 03 01 02 04 04 04 04 04 04 05 06 06 03 01 02 03 01 02 03 05 05 05 06 06 06 01 02 03 01 02 03 05 05 07 08 09 06 08 09 10 11 11 10 07 07 07 08 09 10 08 09 10 11 11 11 07 07 12 13 13 10 08 09 10 08 09 11 12 12 12 13 13 13 14 15 16 14 15 16 12 12 17 14 15 13 14 15 16 14 15 16 17 17 17 14 15 18 18 18 18 18 18 16 17 17 16 

3x5x6
01 01 02 01 01 02 03 01 01 03 03 03 04 03 03 05 05 02 06 06 02 07 06 06 07 06 06 04 04 04 05 05 05 08 09 02 08 09 02 07 10 10 07 04 04 08 09 05 08 09 11 08 09 11 07 10 10 07 12 12 08 09 11 13 13 11 13 13 13 10 10 13 12 12 12 14 14 11 14 14 11 15 14 14 15 15 15 12 15 15 

3x6x6
01 02 03 01 02 03 04 05 06 04 07 07 07 07 07 07 08 08 09 02 03 01 02 03 01 05 06 04 05 06 04 05 06 08 08 08 09 09 09 01 02 03 01 02 03 04 05 06 04 05 06 08 10 10 11 09 09 12 13 14 12 13 14 15 16 17 15 16 17 10 10 10 11 11 11 12 13 14 12 13 14 15 13 14 15 16 17 10 16 17 18 11 11 18 18 18 12 18 18 12 13 14 15 16 17 15 16 17 
3x6x7
01 02 03 03 03 03 03 03 04 05 05 06 05 05 05 07 08 05 01 02 04 01 02 04 01 02 04 07 08 06 07 08 06 07 08 06 09 09 04 01 02 04 01 02 10 07 08 10 07 08 06 11 11 06 09 09 09 12 12 10 13 13 10 13 13 10 14 13 13 11 11 11 15 15 09 12 12 10 16 17 18 19 17 18 14 14 14 20 20 11 16 15 15 16 12 12 16 17 18 19 17 18 19 14 14 19 20 20 16 15 15 16 21 21 21 21 21 21 17 18 19 17 18 19 20 20 

5x5x6
01 02 02 03 03 01 04 04 03 03 04 04 03 03 05 04 04 06 07 08 09 09 06 07 08 01 10 02 02 05 01 10 10 10 05 11 12 10 10 05 11 12 06 07 08 09 09 06 07 08 13 13 02 02 05 01 12 14 14 05 01 12 06 07 08 11 12 06 07 08 11 09 09 15 15 13 13 16 16 17 18 12 14 14 17 18 19 19 20 21 11 22 22 20 21 11 23 23 15 15 18 13 13 16 16 18 14 14 20 17 19 19 19 20 17 22 22 22 20 21 23 23 15 15 21 18 24 24 16 16 18 24 24 20 17 19 25 24 24 17 22 25 25 25 21 23 23 25 25 21 


3x3x3x4
01 01 02 01 01 02 03 01 01 04 04 02 04 04 02 05 04 04 06 07 07 07 07 02 07 07 02 08 09 09 08 10 10 03 03 03 08 11 11 08 12 12 05 05 05 06 06 06 08 13 13 08 14 14 09 09 09 15 10 10 15 03 03 11 11 11 15 12 12 15 05 05 15 06 06 15 13 13 14 14 14 09 16 16 10 10 17 18 18 17 11 16 16 12 12 17 18 18 17 16 16 17 13 13 17 14 18 18 
3x3x3x6
01 02 03 04 05 06 04 07 08 01 02 03 04 05 06 04 07 09 04 10 10 04 10 10 10 10 09 11 12 12 11 13 13 08 08 08 01 02 03 11 05 06 11 07 09 01 02 03 11 05 06 11 07 09 12 12 12 13 13 13 08 08 09 01 02 03 14 05 06 14 07 09 01 02 03 15 05 06 15 07 16 12 17 17 13 18 18 19 20 21 14 22 22 14 23 23 19 20 21 15 24 24 15 25 25 16 16 16 17 17 17 18 18 18 19 20 21 14 22 22 14 23 23 19 20 21 15 24 24 15 25 25 16 16 21 17 26 26 18 26 26 26 26 27 22 22 27 23 23 27 19 20 27 24 24 27 25 25 27 19 20 21 
3x3x4x4
01 02 03 04 05 06 07 08 09 01 10 10 04 05 11 07 08 12 10 10 10 11 11 11 12 12 12 10 13 13 11 11 14 12 12 15 16 02 03 17 17 06 09 09 09 01 02 03 04 05 06 07 08 18 01 02 03 04 05 06 07 08 18 13 13 19 14 14 14 15 15 15 16 16 16 17 17 17 09 09 18 01 02 03 04 05 06 07 08 18 01 02 03 04 05 06 07 08 18 13 13 19 14 14 19 15 15 19 20 16 16 21 21 17 22 22 18 20 23 23 20 21 21 20 22 22 23 23 23 20 21 21 20 22 22 23 24 24 24 24 19 24 24 19 
3x4x4x4
01 01 02 03 03 04 04 04 04 04 04 05 01 01 06 03 03 06 07 08 08 07 09 09 10 01 01 10 03 03 08 08 11 09 09 11 12 12 13 12 12 12 08 08 12 09 09 14 15 15 02 16 17 05 16 17 05 18 18 05 19 17 02 07 17 06 07 20 06 21 20 14 19 17 02 10 17 11 10 20 11 21 20 14 22 22 13 23 20 13 23 20 13 24 24 14 16 15 15 16 25 05 16 25 05 21 18 18 19 25 02 07 25 06 07 26 06 21 26 14 19 25 02 10 25 11 10 26 11 21 26 14 19 22 22 23 26 13 23 26 13 23 24 24 16 15 15 27 28 29 27 28 29 21 18 18 27 28 29 27 28 29 30 31 32 30 31 32 27 28 29 27 28 29 30 31 32 30 31 32 19 22 22 30 31 32 30 31 32 23 24 24 
