Prime boxes of the No.8-Hexomino  Toshihiro Shirakawa 2015.04.16

3D Complete

minimal 14
3x4x7

Possible
3x4x7
3x5x[10,22,24,26,28]
3x6x[8-15]
3x7x10
3x8x[8-11]
3x9x10

4x4x[6,9]
4x5x[6,9]
4x6x6

5x5x6
5x6x[6,7]

6x6x[6,7]
6x7x7

Prime
3x4x7
3x5x[10,22,24,26,28]
3x6x[8-15]
3x7x10
3x8x[8-11]
3x9x10

4x4x[6,9]
4x5x[6,9]
4x6x6

5x5x6
5x6x[6,7]

6x6x[6,7]
6x7x7

Impossible
3x3xN
3x4x[4-6]
3x5x[4-8,12-18]
3x6x[6,7]


Solutions
3x4x7
01 01 01 01 02 03 01 02 03 01 02 03 04 05 06 04 05 06 04 05 06 07 02 03 08 08 08 09 10 11 04 05 06 07 02 03 08 12 13 09 10 11 04 05 06 07 02 03 08 12 13 09 10 11 04 05 06 07 07 07 08 12 13 09 10 11 09 10 11 09 10 11 14 12 13 14 12 13 14 12 13 14 14 14 

3x5x10
01 01 01 02 03 01 02 03 01 02 03 01 02 03 04 05 06 07 05 06 07 05 06 07 07 07 07 02 03 04 05 06 08 09 10 04 09 10 04 09 10 04 02 03 04 05 06 08 09 10 11 12 13 14 12 13 14 12 13 14 05 06 08 09 10 11 12 13 14 15 16 17 18 18 18 08 08 08 09 10 11 12 13 14 15 16 17 18 19 20 21 21 21 11 11 11 12 13 14 15 16 17 18 19 20 21 22 23 15 16 17 15 16 17 15 16 17 18 19 20 21 22 23 24 24 24 24 19 20 24 19 20 24 19 20 21 22 23 25 22 23 25 22 23 25 22 23 25 25 25 
3x5x22
01 01 01 01 02 03 01 02 03 01 02 03 04 02 03 05 06 07 05 06 07 05 06 07 05 05 05 04 02 03 08 06 07 09 10 11 09 10 11 09 10 11 04 02 03 08 06 07 09 10 11 12 13 14 15 15 15 04 04 04 08 06 07 09 10 11 12 13 14 15 16 17 18 18 18 08 08 08 09 10 11 12 13 14 15 16 17 18 19 20 12 13 14 12 13 14 12 13 14 15 16 17 18 19 20 21 22 23 21 16 17 21 16 17 21 16 17 18 19 20 21 22 23 24 24 24 24 19 20 24 19 20 24 19 20 21 22 23 25 22 23 26 22 23 27 22 23 28 28 28 29 29 29 25 30 31 26 30 31 27 30 31 28 30 31 29 32 33 25 32 33 26 32 33 27 32 33 28 30 31 29 32 33 25 25 25 26 26 26 27 27 27 28 30 31 29 32 33 34 34 34 34 35 36 34 35 36 34 35 36 37 37 37 37 38 39 37 38 39 37 38 39 40 35 36 41 42 43 41 42 43 41 42 43 44 38 39 40 35 36 45 45 45 46 47 48 41 42 43 44 38 39 40 35 36 45 49 50 46 47 48 41 42 43 44 38 39 40 40 40 45 49 50 46 47 48 41 42 43 44 44 44 51 51 51 45 49 50 46 47 48 46 47 48 46 47 48 51 52 53 54 49 50 54 49 50 54 49 50 54 54 54 51 52 53 55 55 55 55 52 53 55 52 53 55 52 53 51 52 53 
3x5x24
01 01 01 01 02 03 01 02 03 01 02 03 04 02 03 05 06 07 05 06 07 05 06 07 05 05 05 04 02 03 08 06 07 09 10 11 09 10 11 09 10 11 04 02 03 08 06 07 09 10 11 12 13 14 15 15 15 04 04 04 08 06 07 09 10 11 12 13 14 15 16 17 18 18 18 08 08 08 09 10 11 12 13 14 15 16 17 18 19 20 12 13 14 12 13 14 12 13 14 15 16 17 18 19 20 21 22 23 21 16 17 21 16 17 21 16 17 18 19 20 21 22 23 24 24 24 24 19 20 24 19 20 24 19 20 21 22 23 25 22 23 25 22 23 25 22 23 25 26 27 28 29 30 28 29 30 28 29 30 28 29 30 25 26 27 31 29 30 32 26 27 33 26 27 28 26 27 25 26 27 31 29 30 32 34 35 33 34 35 28 34 35 36 34 35 31 37 38 32 37 38 33 37 38 39 37 38 36 34 35 31 31 31 32 32 32 33 33 33 39 37 38 36 34 35 39 40 41 39 40 41 39 40 41 39 37 38 36 36 36 42 40 41 43 43 43 43 44 45 43 44 45 43 44 45 42 40 41 46 47 48 46 47 48 46 47 48 49 44 45 42 40 41 50 50 50 51 52 53 46 47 48 49 44 45 42 42 42 50 54 55 51 52 53 46 47 48 49 44 45 56 56 56 50 54 55 51 52 53 46 47 48 49 49 49 56 57 58 50 54 55 51 52 53 51 52 53 51 52 53 56 57 58 59 54 55 59 54 55 59 54 55 59 59 59 56 57 58 60 57 58 60 57 58 60 57 58 60 60 60 
3x5x26
01 02 03 01 04 05 01 04 05 01 04 05 06 04 05 01 02 03 07 07 07 08 08 08 09 09 09 06 04 05 01 02 03 07 02 03 08 02 03 09 02 03 06 04 05 10 11 12 07 11 12 08 11 12 09 11 12 06 06 06 10 11 12 07 13 14 08 13 14 09 13 14 15 13 14 10 11 12 10 16 17 10 16 17 10 16 17 15 13 14 18 19 20 18 19 20 18 19 20 21 16 17 15 13 14 22 22 22 23 24 25 18 19 20 21 16 17 15 15 15 22 26 27 23 24 25 18 19 20 21 16 17 28 28 28 22 26 27 23 24 25 18 19 20 21 21 21 28 29 30 22 26 27 23 24 25 23 24 25 23 24 25 28 29 30 31 26 27 31 26 27 31 26 27 31 31 31 28 29 30 32 32 32 33 33 33 33 29 30 33 29 30 33 29 30 32 34 35 36 36 36 37 37 37 38 38 38 39 39 39 32 34 35 36 40 41 37 40 41 38 40 41 39 40 41 32 34 35 36 34 35 37 34 35 38 34 35 39 40 41 42 43 44 36 43 44 37 43 44 38 43 44 39 40 41 42 43 44 45 45 45 45 46 47 45 46 47 45 46 47 42 43 44 42 48 49 42 48 49 42 48 49 50 46 47 51 52 53 51 52 53 51 52 53 54 48 49 50 46 47 55 55 55 56 57 58 51 52 53 54 48 49 50 46 47 55 59 60 56 57 58 51 52 53 54 48 49 50 50 50 55 59 60 56 57 58 51 52 53 54 54 54 61 61 61 55 59 60 56 57 58 56 57 58 56 57 58 61 62 63 64 59 60 64 59 60 64 59 60 64 64 64 61 62 63 65 65 65 65 62 63 65 62 63 65 62 63 61 62 63 
3x5x28
01 02 03 01 04 05 01 04 05 01 04 05 06 04 05 01 02 03 07 07 07 08 08 08 09 09 09 06 04 05 01 02 03 07 02 03 08 02 03 09 02 03 06 04 05 10 11 12 07 11 12 08 11 12 09 11 12 06 06 06 10 11 12 07 13 14 08 13 14 09 13 14 15 13 14 10 11 12 10 16 17 10 16 17 10 16 17 15 13 14 18 19 20 18 19 20 18 19 20 21 16 17 15 13 14 22 22 22 23 24 25 18 19 20 21 16 17 15 15 15 22 26 27 23 24 25 18 19 20 21 16 17 28 28 28 22 26 27 23 24 25 18 19 20 21 21 21 28 29 30 22 26 27 23 24 25 23 24 25 23 24 25 28 29 30 31 26 27 31 26 27 31 26 27 31 31 31 28 29 30 32 33 34 35 35 35 35 29 30 35 29 30 35 29 30 32 33 34 36 37 38 36 37 38 36 37 38 36 37 38 32 33 34 32 33 34 32 33 34 32 33 34 36 37 38 39 40 41 39 40 41 39 40 41 39 39 39 36 37 38 42 40 41 43 43 43 43 44 45 43 44 45 43 44 45 42 40 41 46 47 48 46 47 48 46 47 48 49 44 45 42 40 41 50 50 50 51 52 53 46 47 48 49 44 45 42 42 42 50 54 55 51 52 53 46 47 48 49 44 45 56 56 56 50 54 55 51 52 53 46 47 48 49 49 49 56 57 58 50 54 55 51 52 53 51 52 53 51 52 53 56 57 58 59 54 55 59 54 55 59 54 55 59 60 61 56 57 58 62 57 58 63 57 58 64 57 58 59 60 61 65 65 65 62 60 61 63 60 61 64 60 61 59 60 61 65 66 67 62 68 69 63 68 69 64 68 69 70 68 69 65 66 67 62 62 62 63 63 63 64 64 64 70 68 69 65 66 67 70 66 67 70 66 67 70 66 67 70 68 69 

3x6x8
01 01 01 01 02 03 01 02 04 01 02 04 05 02 04 04 04 04 06 06 06 06 07 03 06 07 08 06 07 08 05 02 08 09 09 09 10 11 12 10 11 03 10 11 08 13 07 14 05 02 14 09 15 14 16 11 12 03 03 03 10 17 08 13 07 18 05 05 05 09 15 14 16 11 12 19 19 19 10 17 08 13 07 18 20 20 20 09 15 14 16 11 12 19 21 12 10 17 12 13 15 18 13 15 20 13 15 14 16 16 16 19 21 18 22 17 18 22 17 18 22 17 20 22 22 22 23 23 23 19 21 23 24 21 23 24 21 23 24 21 20 24 24 24 
3x6x9
01 02 03 01 02 04 01 02 04 01 02 04 05 05 05 06 07 08 01 02 03 09 10 04 09 10 11 09 10 12 09 10 05 06 07 08 01 02 03 09 10 04 06 07 11 06 07 12 06 07 05 06 07 08 03 03 03 09 10 04 13 14 11 13 14 12 13 14 05 08 08 08 15 16 11 15 16 11 15 16 11 15 16 12 13 14 12 17 18 12 19 20 21 19 20 21 19 20 21 15 16 22 13 14 22 17 18 22 19 20 21 23 23 23 24 25 23 15 16 23 13 14 23 17 18 22 19 20 21 26 26 26 24 25 26 17 18 26 17 18 26 17 18 22 19 20 21 27 27 27 24 25 27 24 25 27 24 25 27 24 25 22 
3x6x10
01 02 03 01 02 03 01 02 03 01 01 01 04 04 04 05 06 07 08 02 03 08 09 10 08 09 10 11 09 10 04 09 10 05 06 07 12 02 03 13 09 10 08 06 07 11 06 07 04 06 07 05 06 07 12 02 03 13 09 10 08 14 15 11 14 15 04 14 15 05 05 05 12 16 17 13 16 17 08 16 17 11 16 17 11 14 15 11 18 19 12 12 12 13 13 13 20 20 20 20 16 17 20 14 15 20 18 19 21 21 21 21 22 23 21 24 25 21 16 17 26 14 15 27 18 19 28 28 28 28 22 23 28 24 25 28 18 19 26 18 19 27 18 19 29 29 29 29 22 23 29 24 25 29 24 25 26 24 25 27 24 25 30 30 30 30 22 23 30 22 23 30 22 23 26 26 26 27 27 27 
3x6x11
01 01 01 01 02 03 01 02 04 01 02 04 05 02 04 04 04 04 06 06 06 06 07 03 06 07 08 06 07 08 05 02 08 09 09 09 10 11 12 10 11 03 10 11 08 13 07 14 05 02 14 09 15 14 10 11 12 03 03 03 16 17 08 13 07 14 05 05 05 09 15 18 10 11 12 19 19 19 16 17 08 13 07 14 20 20 20 09 15 18 10 11 12 19 21 12 16 17 12 13 15 14 13 15 20 13 15 18 22 22 22 19 21 22 16 17 22 16 17 22 16 17 20 18 18 18 23 24 25 19 21 25 26 27 25 26 27 25 26 27 20 26 27 28 23 24 25 29 21 30 29 21 30 29 21 30 29 31 30 26 27 28 23 24 25 23 24 30 23 24 28 23 24 28 29 31 28 26 27 28 32 32 32 32 31 30 32 31 33 32 31 33 29 31 33 33 33 33 
3x6x12
01 01 01 01 02 03 01 02 03 01 02 03 04 04 04 05 05 05 06 06 06 06 02 03 06 07 08 06 07 08 04 07 08 05 07 08 09 10 11 12 02 03 12 07 08 12 13 14 04 13 14 05 13 14 09 10 11 12 02 03 15 07 08 16 16 16 04 17 18 05 13 14 09 10 11 12 10 11 15 10 11 16 10 11 19 17 18 20 13 14 09 09 09 12 17 18 15 17 18 16 17 18 19 17 18 20 13 14 15 21 22 15 21 22 15 21 22 16 23 24 19 23 24 20 23 24 25 25 25 25 26 27 25 21 22 25 23 24 19 19 19 20 20 20 28 29 30 31 26 27 31 21 22 31 23 24 31 31 31 32 33 34 28 29 30 35 26 27 35 21 22 35 23 24 35 35 35 32 33 34 28 29 30 36 26 27 36 26 27 36 26 27 36 36 36 32 33 34 28 29 30 28 29 30 28 29 30 32 33 34 32 33 34 32 33 34 
3x6x13
01 02 03 01 02 03 01 02 03 04 05 06 04 05 06 04 05 06 07 02 03 08 08 08 01 09 10 04 09 10 11 09 10 12 05 06 07 02 03 08 13 14 01 13 14 04 13 14 11 09 10 12 05 06 07 02 03 08 13 14 01 15 16 04 17 18 11 09 10 12 05 06 07 07 07 08 13 14 11 15 16 11 17 18 11 09 10 12 12 12 19 19 19 20 13 14 20 15 16 20 17 18 21 21 21 22 22 22 19 15 16 20 15 16 23 15 16 24 17 18 21 17 18 22 17 18 19 25 26 20 25 26 23 25 26 24 27 28 21 27 28 22 27 28 19 25 26 20 29 30 23 29 30 24 29 30 21 29 30 22 27 28 23 25 26 23 31 32 23 33 34 24 24 24 35 29 30 36 27 28 37 25 26 37 31 32 37 33 34 37 37 37 35 29 30 36 27 28 38 38 38 38 31 32 38 33 34 38 33 34 35 33 34 36 33 34 39 39 39 39 31 32 39 31 32 39 31 32 35 35 35 36 36 36 
3x6x14
01 02 03 01 02 03 01 02 03 04 04 04 05 05 05 06 07 08 09 02 03 10 11 12 01 11 12 04 11 12 05 11 12 06 07 08 09 02 03 10 11 12 01 07 08 04 07 08 05 07 08 06 07 08 09 02 03 10 11 12 01 13 14 04 13 14 05 13 14 06 06 06 09 09 09 10 15 16 10 15 16 10 15 16 17 13 14 18 18 18 19 20 21 19 20 21 19 20 21 22 15 16 17 13 14 18 23 24 25 20 21 26 26 26 19 27 28 22 15 16 17 13 14 18 23 24 25 20 21 26 29 30 19 27 28 22 15 16 17 17 17 18 23 24 25 20 21 26 29 30 19 27 28 22 23 24 22 23 24 22 23 24 25 25 25 26 29 30 31 27 28 31 27 28 31 27 28 32 32 32 33 33 33 34 29 30 35 29 30 36 29 30 31 37 38 32 39 40 33 41 42 34 41 42 35 41 42 36 41 42 31 37 38 32 39 40 33 41 42 34 37 38 35 37 38 36 37 38 31 37 38 32 39 40 33 41 42 34 34 34 35 35 35 36 39 40 36 39 40 36 39 40 
3x6x15
01 02 03 01 02 03 01 02 03 04 05 06 04 05 06 04 05 06 07 02 03 08 08 08 01 09 10 04 09 10 11 09 10 12 05 06 07 02 03 08 13 14 01 13 14 04 13 14 11 09 10 12 05 06 07 02 03 08 13 14 01 15 16 04 17 18 11 09 10 12 05 06 07 07 07 08 13 14 11 15 16 11 17 18 11 09 10 12 12 12 19 19 19 20 13 14 20 15 16 20 17 18 21 21 21 22 22 22 19 15 16 20 15 16 23 15 16 24 17 18 21 17 18 22 17 18 19 25 26 20 25 26 23 25 26 24 27 28 21 27 28 22 27 28 19 25 26 20 29 30 23 29 30 24 29 30 21 29 30 22 27 28 23 25 26 23 31 32 23 33 34 24 24 24 35 29 30 36 27 28 37 25 26 37 31 32 37 33 34 37 37 37 35 29 30 36 27 28 38 39 40 41 31 32 41 33 34 41 33 34 35 33 34 36 33 34 38 39 40 41 31 32 35 31 32 35 31 32 35 42 43 36 36 36 38 39 40 41 39 40 44 39 40 44 39 40 44 42 43 44 44 44 38 38 38 41 42 43 45 42 43 45 42 43 45 42 43 45 45 45 

3x7x10
01 01 01 02 03 04 05 05 05 05 06 07 05 06 07 05 06 07 08 06 07 09 10 01 02 03 04 11 12 13 11 12 13 11 12 13 11 12 13 08 06 07 09 10 01 02 03 04 02 03 04 02 03 04 02 03 04 11 12 13 08 06 07 09 10 01 09 10 14 09 10 14 09 10 14 15 15 15 11 12 13 08 08 08 16 16 16 16 17 14 16 17 18 16 17 18 15 17 18 19 20 18 21 21 21 22 23 24 22 23 14 22 23 18 25 25 25 15 17 25 19 20 25 21 26 25 22 23 24 27 28 14 27 28 18 27 28 29 15 17 29 19 20 29 21 26 30 22 23 24 27 28 31 32 33 31 19 20 31 19 20 31 19 20 29 21 26 30 22 23 24 27 28 24 32 33 24 34 34 34 34 26 31 34 26 29 34 26 30 35 35 35 27 28 35 32 33 35 32 33 35 32 33 31 32 33 29 30 30 30 

3x8x8
01 01 01 01 02 03 01 02 03 01 02 03 04 05 06 04 05 06 04 05 06 04 05 06 07 08 09 07 02 03 07 10 11 12 10 11 12 10 11 12 10 11 13 13 13 04 05 06 07 08 09 14 02 03 14 10 11 14 15 16 17 18 19 12 18 19 13 18 19 04 05 06 07 08 09 20 02 03 21 10 11 14 15 16 17 18 19 12 22 23 13 22 23 24 22 23 07 08 09 20 08 09 21 08 09 14 15 16 17 18 19 12 25 26 13 27 28 24 22 23 29 30 31 20 15 16 21 15 16 14 15 16 17 18 19 17 25 26 17 27 28 24 22 23 29 30 31 20 20 20 21 25 26 21 25 26 21 25 26 24 25 26 24 27 28 24 22 23 29 30 31 29 30 31 29 30 31 29 30 31 32 27 28 32 27 28 32 27 28 32 32 32 
3x8x9
01 01 01 01 02 03 01 02 03 01 02 03 04 04 04 04 05 06 04 05 06 04 05 06 07 08 09 07 02 03 07 10 11 12 10 11 12 10 11 12 10 11 12 12 12 13 05 06 07 08 09 14 02 03 15 10 11 16 17 18 16 17 18 16 17 18 16 16 16 13 05 06 07 08 09 14 02 03 15 10 11 19 17 18 20 21 22 20 21 22 20 21 22 13 05 06 07 08 09 14 08 09 15 08 09 19 17 18 20 23 24 25 25 25 26 21 22 13 13 13 27 27 27 14 14 14 15 15 15 19 17 18 20 23 24 25 28 29 26 21 22 30 31 32 27 33 34 19 23 24 19 23 24 19 23 24 20 23 24 25 28 29 26 21 22 30 31 32 27 33 34 35 35 35 35 28 29 35 28 29 35 28 29 25 28 29 26 26 26 30 31 32 27 33 34 36 33 34 36 33 34 36 33 34 36 36 36 30 31 32 30 31 32 30 31 32 
3x8x10
01 01 01 01 02 03 01 02 03 01 02 03 04 05 06 07 05 06 07 05 06 07 05 06 08 08 08 08 02 03 08 09 10 08 09 10 04 09 10 07 09 10 11 11 11 12 05 06 13 13 13 13 02 03 13 09 10 13 14 15 04 14 15 07 14 15 11 14 15 12 05 06 16 16 16 16 02 03 16 09 10 16 14 15 04 04 04 07 17 18 11 17 18 12 17 18 19 20 21 22 20 21 22 20 21 22 14 15 22 22 22 23 17 18 11 24 25 12 12 12 19 20 21 26 26 26 26 27 28 26 27 28 26 27 28 23 17 18 29 24 25 30 30 30 19 20 21 31 32 33 31 27 28 31 34 35 31 31 31 23 17 18 29 24 25 30 36 37 19 20 21 19 32 33 19 27 28 23 34 35 23 24 25 23 24 25 29 24 25 30 36 37 38 38 38 38 32 33 38 27 28 38 34 35 29 34 35 29 34 35 29 34 35 30 36 37 39 39 39 39 32 33 39 32 33 39 32 33 40 40 40 40 36 37 40 36 37 40 36 37 
3x8x11
01 01 01 01 02 03 01 02 03 01 02 03 04 04 04 05 05 05 06 06 06 07 07 07 08 09 10 08 02 03 08 11 12 13 13 13 04 14 15 05 14 15 06 14 15 07 14 15 16 09 10 17 02 03 08 11 12 13 18 19 04 18 19 05 18 19 06 18 19 07 14 15 16 09 10 17 02 03 08 11 12 13 11 12 04 11 12 05 11 12 06 18 19 07 14 15 16 09 10 17 09 10 08 09 10 13 20 21 22 20 21 22 20 21 22 18 19 22 22 22 16 16 16 17 23 24 17 23 24 17 23 24 25 23 24 25 20 21 25 26 27 25 25 25 28 29 30 28 29 30 28 29 30 28 28 28 31 23 24 31 20 21 31 26 27 32 32 32 33 33 33 33 34 35 33 29 30 33 36 37 38 23 24 39 20 21 31 26 27 32 40 41 42 42 42 42 34 35 42 29 30 42 36 37 38 26 27 39 26 27 31 26 27 32 40 41 43 43 43 43 34 35 43 29 30 43 36 37 38 36 37 39 36 37 31 36 37 32 40 41 44 44 44 44 34 35 44 34 35 44 34 35 38 38 38 39 40 41 39 40 41 39 40 41 

3x9x10
01 01 01 01 02 03 01 02 03 01 02 03 04 04 04 05 06 07 05 06 07 05 06 07 05 06 07 08 08 08 08 02 03 08 09 10 08 09 10 04 09 10 11 09 10 12 12 12 13 13 13 05 06 07 14 14 14 14 02 03 14 09 10 14 15 16 04 15 16 11 15 16 12 15 16 13 17 18 05 06 07 19 19 19 19 02 03 19 09 10 19 20 21 04 20 21 11 20 21 12 15 16 13 17 18 22 22 22 23 24 25 26 24 25 26 24 25 26 20 21 26 26 26 11 11 11 12 15 16 13 17 18 22 27 28 23 24 25 29 29 29 29 30 31 29 20 21 29 32 33 34 17 18 35 17 18 36 17 18 22 27 28 23 24 25 23 37 38 23 30 31 23 20 21 39 32 33 34 27 28 35 27 28 36 27 28 22 27 28 40 24 25 40 37 38 40 30 31 40 40 40 39 32 33 34 32 33 35 32 33 36 32 33 41 42 43 44 44 44 44 37 38 44 30 31 44 30 31 39 30 31 34 34 34 35 35 35 36 36 36 41 42 43 45 45 45 45 37 38 45 37 38 45 37 38 39 39 39 41 42 43 41 42 43 41 42 43 41 42 43 


4x4x6
01 02 03 04 01 02 03 04 01 02 03 04 01 01 01 04 05 05 05 05 06 06 06 06 06 02 03 07 06 08 09 04 10 11 12 05 13 13 13 13 13 02 03 07 13 08 09 04 10 11 12 05 14 14 14 14 14 02 03 07 14 08 09 15 10 11 12 07 10 08 09 07 10 08 09 07 10 08 09 15 16 11 12 15 16 11 12 15 16 11 12 15 16 16 16 15 
4x4x9
01 01 01 02 01 03 04 02 01 03 04 02 01 03 04 02 05 06 06 06 05 07 07 07 05 08 08 08 05 03 04 02 09 09 09 06 10 10 10 07 11 11 11 08 05 03 04 02 12 13 09 06 12 14 10 07 12 15 11 08 05 03 04 16 17 13 09 06 18 14 10 07 12 15 11 08 19 19 19 16 17 13 09 16 18 14 10 16 12 15 11 16 19 20 21 16 17 13 13 13 18 14 14 14 12 15 15 15 19 20 21 22 17 17 17 23 18 18 18 23 23 23 23 23 19 20 21 22 24 24 24 22 24 20 21 22 24 20 21 22 24 20 21 22 

4x5x6
01 01 01 02 01 03 03 03 01 04 04 04 01 05 05 05 06 07 07 07 08 08 08 02 08 03 09 10 08 04 09 10 08 05 09 10 06 07 09 10 11 12 13 02 06 03 14 02 06 04 15 02 06 05 16 02 06 07 09 10 11 12 13 17 18 03 14 17 18 04 15 17 18 05 16 17 18 07 09 10 11 12 13 17 11 12 14 19 11 12 15 19 11 12 16 19 18 19 19 19 13 13 13 17 14 14 14 20 15 15 15 20 16 16 16 20 18 20 20 20 
4x5x9
01 02 03 04 01 02 03 05 01 02 03 05 05 05 05 05 06 07 08 09 01 02 03 04 10 11 11 11 10 12 12 12 10 10 10 10 06 07 08 09 01 02 03 04 13 11 08 09 13 12 08 09 13 14 08 09 06 07 08 09 01 02 03 04 13 11 15 04 06 12 15 04 06 14 15 16 06 07 07 07 17 17 17 17 13 11 15 17 18 12 19 17 18 14 20 16 18 18 18 18 21 21 21 22 13 14 15 22 23 14 19 22 23 14 20 16 23 24 25 26 27 28 21 22 27 28 15 16 27 28 19 16 27 28 20 16 23 24 25 26 27 28 21 22 29 29 29 29 19 19 19 29 20 20 20 29 23 24 25 26 27 28 21 22 30 30 30 30 30 24 25 26 30 24 25 26 23 24 25 26 

4x6x6
01 01 01 01 01 02 03 04 01 02 03 04 05 02 03 04 06 06 06 06 07 07 07 07 08 09 10 11 08 02 03 04 08 08 08 08 05 12 13 14 06 12 13 14 07 12 13 14 15 09 10 11 15 02 03 04 15 15 15 15 05 05 05 05 06 16 17 18 07 12 13 14 19 09 10 11 20 02 03 04 21 21 21 21 22 22 22 22 22 16 17 18 22 12 13 14 19 09 10 11 20 09 10 11 21 09 10 11 23 23 23 23 23 16 17 18 23 12 13 14 19 19 19 19 20 20 20 20 21 16 17 18 24 16 17 18 24 16 17 18 24 24 24 24 

5x5x6
01 01 01 02 03 01 04 05 02 03 01 04 05 02 03 01 04 05 02 03 06 04 05 05 05 07 08 09 10 03 07 08 09 10 11 07 08 09 10 11 07 07 07 02 11 06 04 11 11 11 12 12 12 13 03 12 14 14 14 14 12 08 09 10 14 12 15 16 02 14 06 04 17 17 17 18 18 18 13 19 18 20 20 20 20 18 08 09 10 20 18 15 16 21 20 06 06 06 22 17 13 13 13 13 19 23 24 24 24 24 23 08 09 10 24 23 15 16 21 24 23 23 23 22 17 25 25 25 21 19 25 15 16 21 19 25 15 16 21 19 25 15 16 21 19 22 22 22 22 17 

5x6x6
01 02 02 02 02 01 03 03 03 03 01 01 01 01 04 05 06 06 06 06 07 07 07 07 06 08 08 08 08 06 09 09 09 09 02 09 10 11 12 03 09 10 13 12 04 05 10 14 12 15 07 10 16 12 15 08 15 15 15 15 05 17 17 17 02 05 17 11 12 03 05 17 13 18 04 05 17 14 18 04 07 10 16 18 04 08 18 18 18 04 19 20 20 20 21 19 20 11 12 22 19 20 13 23 24 19 20 14 23 24 25 10 16 23 24 26 23 23 23 24 27 27 27 27 21 11 11 11 27 22 13 13 13 27 24 19 28 14 14 14 25 28 16 16 16 26 28 28 28 28 29 21 21 21 21 29 22 22 22 22 29 29 29 29 24 19 30 30 30 30 25 25 25 25 30 26 26 26 26 30 
5x6x7
01 02 02 02 03 01 02 04 05 03 01 02 04 05 03 06 02 04 05 03 06 07 07 07 07 06 08 08 08 08 01 09 10 11 03 12 09 10 11 13 12 09 10 11 13 12 09 04 05 13 12 07 13 13 13 06 14 14 14 08 01 15 10 11 03 12 16 17 18 19 20 20 20 20 19 20 09 04 05 19 20 07 21 21 21 06 14 22 23 08 01 15 10 11 24 12 16 17 18 19 25 26 26 26 26 25 09 04 05 27 25 25 25 25 21 06 14 22 23 28 29 15 10 11 24 30 16 17 18 19 31 16 22 23 26 32 16 22 23 27 33 16 22 23 21 34 14 22 23 28 29 15 15 15 24 30 35 17 18 19 31 35 17 18 26 32 35 17 18 27 33 35 35 35 21 34 28 28 28 28 29 29 29 29 24 30 30 30 30 24 31 31 31 31 24 32 32 32 32 27 33 33 33 33 27 34 34 34 34 27 


6x6x6
01 02 02 02 03 04 05 05 05 06 03 04 07 08 05 06 03 04 07 08 05 06 03 04 07 08 05 06 06 06 07 08 09 09 09 10 01 11 12 02 03 04 13 11 12 14 14 14 13 11 12 15 16 14 13 11 12 15 16 14 13 13 13 15 16 14 07 08 09 15 16 10 01 11 12 02 03 04 01 17 18 19 19 19 01 17 18 20 21 10 01 17 18 20 21 10 22 22 22 20 21 10 07 08 09 15 16 10 23 11 12 02 24 25 26 17 18 19 24 27 26 28 28 28 24 27 26 28 24 24 24 27 26 28 22 20 21 27 29 28 09 15 16 30 23 31 31 31 31 25 26 17 18 19 31 32 33 33 33 33 31 32 33 34 32 32 32 32 33 34 22 20 21 27 29 34 34 34 34 30 23 23 23 23 35 25 26 17 18 19 35 25 29 36 36 36 35 25 29 36 35 35 35 25 29 36 22 20 21 27 29 36 30 30 30 30 
6x6x7
01 02 03 03 03 03 01 02 04 04 04 04 01 02 02 02 02 05 06 07 07 07 07 08 09 09 09 09 07 08 10 10 10 10 07 08 01 11 11 11 11 03 12 12 12 13 11 04 14 15 12 13 11 05 06 16 12 13 17 18 09 16 12 13 13 13 10 16 16 16 16 08 01 19 19 19 19 03 20 20 20 21 19 04 14 15 22 21 19 05 06 23 22 21 17 18 09 23 22 24 24 24 10 23 23 23 23 08 01 25 25 25 25 05 26 27 20 28 25 05 14 15 22 29 25 05 06 30 31 21 17 18 06 30 32 24 33 34 06 30 30 30 30 08 35 36 37 37 37 37 26 27 20 28 17 18 14 15 22 29 17 18 14 15 31 21 17 18 14 15 32 24 33 34 38 38 38 38 39 40 35 36 41 41 41 37 26 27 20 28 41 34 26 42 22 29 41 34 26 42 31 21 41 34 26 42 32 24 33 34 38 42 42 42 39 40 35 36 36 36 36 37 35 27 31 28 28 28 35 27 31 29 33 40 35 27 31 29 33 40 32 32 32 29 33 40 38 39 39 39 39 40 

6x7x7
01 01 01 02 02 02 03 03 03 04 05 02 06 07 03 04 05 02 06 07 03 04 05 02 06 07 03 08 09 10 06 07 11 08 09 10 12 12 12 08 09 10 13 14 01 15 16 17 18 18 18 04 05 17 06 07 18 19 20 17 21 22 18 19 20 17 21 22 18 19 20 10 21 22 11 19 20 23 21 22 12 08 09 24 13 14 01 15 16 25 26 26 26 04 05 25 06 07 26 27 28 25 29 30 26 27 28 17 29 30 26 27 28 10 29 30 11 19 20 23 21 22 12 08 09 24 13 14 01 15 16 25 13 14 31 04 05 32 13 14 33 34 34 34 13 14 11 35 36 17 37 38 11 27 28 10 29 30 11 19 20 23 21 22 12 08 09 24 39 40 41 15 16 25 39 40 31 15 16 32 39 40 33 15 16 34 39 40 42 35 36 23 37 38 42 27 28 23 29 30 42 43 44 23 45 46 42 24 24 24 39 40 41 35 36 25 37 38 31 35 36 32 37 38 33 35 36 34 37 38 33 35 36 47 37 38 33 27 28 47 29 30 33 43 44 47 45 46 42 47 47 47 39 40 41 41 41 41 31 31 31 32 32 32 48 48 48 43 44 34 45 46 48 43 44 49 45 46 48 43 44 49 45 46 48 43 44 49 45 46 42 49 49 49 
