Prime boxes of the No.14-Hexomino  Toshihiro Shirakawa 2015.03.20

Update 2015.04.12
       3x3x3x[4,6]
       3x3x4x4
       3x4x4x4

2D Complete
3D Complete

minimal 18
9x12

minimal 10
3x4x5

Possible
 9x[12,20,28]
12x[13,14,17,19,21,24,25,29]
15x[28,32,36,40,44,48,52]
16x[18,27,30,33,39,42]
20x[21,24]


3x3x[8,12]

3x4x[5,6,7,9]
3x5x10
3x6x[6,7,9]

4x4x[6,9]

5x5x6
5x6x[6,7]

3x3x3x[4,6]
3x3x4x4
3x4x4x4

Prime
 9x[12,20,28]
12x[13,14,17,19,21,24,25,29]
15x[28,32,36,40,44,48,52]
16x[18,27,30,33,39,42]
20x[21,24]

3x3x[8,12]

3x4x[5,6,7,9]
3x5x10
3x6x[6,7,9]

4x4x[6,9]

5x5x6
5x6x[6,7]

3x3x3x[4,6]
3x3x4x4
3x4x4x4

Number of solutions
 9x12:1
 9x20:1
 9x28:1
12x13:1
12x14:1
12x17:1
12x19:1
12x21:1
12x24:1
12x25:1
12x29:2
15x28:3
15x32:10
15x36:74
15x40:562
15x44:3707
15x48:23963
15x52:156699
16x18:1
16x27:10
16x30:96
16x33:259
16x39:9446
16x42:49816
20x21:13
20x24:69

Solutions
9x12
01 01 01 02 03 03 03 04 04 01 01 02 02 03 03 04 04 04 05 01 02 02 02 03 06 06 04 05 05 05 07 07 07 06 06 06 05 05 08 08 07 07 06 09 09 10 08 08 08 07 11 09 09 09 10 10 10 08 12 11 11 11 09 10 10 13 12 12 11 11 14 14 13 13 13 12 12 12 14 14 14 15 13 13 16 17 17 17 18 14 15 15 15 16 16 17 17 18 18 15 15 16 16 16 17 18 18 18 
9x20
01 01 01 02 03 03 03 04 04 01 01 02 02 03 03 04 04 04 05 01 02 02 02 03 06 06 04 05 05 05 07 07 07 06 06 06 05 05 08 08 07 07 06 09 09 10 08 08 08 07 11 09 09 09 10 10 10 08 12 11 11 11 09 10 10 12 12 12 11 11 13 13 14 14 14 12 12 15 13 13 13 14 14 16 16 16 15 15 17 13 18 14 16 16 15 15 15 17 17 18 18 18 16 19 19 17 17 17 18 18 20 20 19 19 19 21 21 22 20 20 20 19 23 21 21 21 22 22 22 20 24 23 23 23 21 22 22 25 24 24 23 23 26 26 25 25 25 24 24 24 26 26 26 27 25 25 28 29 29 29 30 26 27 27 27 28 28 29 29 30 30 27 27 28 28 28 29 30 30 30 
9x28
01 01 01 02 03 03 03 04 04 01 01 02 02 03 03 04 04 04 05 01 02 02 02 03 06 06 04 05 05 05 07 07 07 06 06 06 05 05 08 08 07 07 06 09 09 10 08 08 08 07 11 09 09 09 10 10 10 08 12 11 11 11 09 10 10 12 12 12 11 11 13 13 14 14 14 12 12 15 13 13 13 14 14 16 16 16 15 15 17 13 18 14 16 16 15 15 15 17 17 18 18 18 16 19 19 17 17 17 18 18 20 20 19 19 19 21 21 22 20 20 20 19 23 21 21 21 22 22 22 20 24 23 23 23 21 22 22 24 24 24 23 23 25 25 26 26 26 24 24 27 25 25 25 26 26 28 28 28 27 27 29 25 30 26 28 28 27 27 27 29 29 30 30 30 28 31 31 29 29 29 30 30 32 32 31 31 31 33 33 34 32 32 32 31 35 33 33 33 34 34 34 32 36 35 35 35 33 34 34 37 36 36 35 35 38 38 37 37 37 36 36 36 38 38 38 39 37 37 40 41 41 41 42 38 39 39 39 40 40 41 41 42 42 39 39 40 40 40 41 42 42 42 

12x13
01 01 02 02 02 03 03 03 04 05 05 05 01 01 01 02 02 06 03 03 04 04 05 05 01 07 07 02 06 06 03 04 04 04 05 08 07 07 07 09 06 06 06 10 10 08 08 08 11 11 07 09 09 09 10 10 10 12 08 08 11 11 11 09 09 13 14 14 10 12 12 12 11 15 15 13 13 13 14 14 14 12 12 16 15 15 15 17 13 13 14 18 18 16 16 16 19 19 15 17 17 17 18 18 18 20 16 16 19 19 19 17 17 21 21 21 18 20 20 20 19 22 23 23 23 24 21 21 25 20 20 26 22 22 23 23 24 24 21 25 25 26 26 26 22 22 22 23 24 24 24 25 25 25 26 26 
12x14
01 01 02 02 02 03 03 03 04 05 05 05 01 01 01 02 02 06 03 03 04 04 05 05 01 07 07 02 06 06 03 04 04 04 05 08 07 07 07 09 06 06 06 10 10 08 08 08 11 11 07 09 09 09 12 10 10 10 08 08 11 11 11 09 09 12 12 10 13 14 14 14 11 15 16 16 16 12 12 12 13 13 14 14 15 15 16 16 17 17 17 13 13 13 14 18 15 15 15 16 19 17 17 20 20 18 18 18 21 21 19 19 19 17 20 20 20 22 18 18 21 21 21 19 19 23 23 23 20 22 22 22 21 24 25 25 25 26 23 23 27 22 22 28 24 24 25 25 26 26 23 27 27 28 28 28 24 24 24 25 26 26 26 27 27 27 28 28 
12x17
01 01 02 02 02 03 03 03 04 05 05 05 01 01 01 02 02 06 03 03 04 04 05 05 01 07 07 02 06 06 03 04 04 04 05 08 07 07 07 09 06 06 06 10 10 08 08 08 11 11 07 09 09 09 10 10 10 12 08 08 11 11 11 09 09 13 14 14 10 12 12 12 11 15 15 13 13 13 14 14 14 12 12 16 15 15 15 17 13 13 14 18 18 16 16 16 19 19 15 17 17 17 18 18 18 20 16 16 19 19 19 17 17 21 22 22 18 20 20 20 19 23 23 21 21 21 22 22 22 20 20 24 23 23 23 25 21 21 22 26 26 24 24 24 27 27 23 25 25 25 26 26 26 28 24 24 27 27 27 25 25 29 29 29 26 28 28 28 27 30 31 31 31 32 29 29 33 28 28 34 30 30 31 31 32 32 29 33 33 34 34 34 30 30 30 31 32 32 32 33 33 33 34 34 
12x19
01 01 02 02 02 03 03 03 04 05 05 05 01 01 01 02 02 06 03 03 04 04 05 05 01 07 07 02 06 06 03 04 04 04 05 08 07 07 07 09 06 06 06 10 10 08 08 08 11 11 07 09 09 09 12 10 10 10 08 08 11 11 11 09 09 12 12 10 13 14 14 14 11 15 16 16 16 12 12 12 13 13 14 14 15 15 16 16 17 17 17 13 13 13 14 18 15 15 15 16 19 17 17 20 20 18 18 18 21 21 19 19 19 17 22 20 20 20 18 18 21 21 21 19 19 22 22 20 23 24 24 24 21 25 26 26 26 22 22 22 23 23 24 24 25 25 26 26 27 27 27 23 23 23 24 28 25 25 25 26 29 27 27 30 30 28 28 28 31 31 29 29 29 27 30 30 30 32 28 28 31 31 31 29 29 33 33 33 30 32 32 32 31 34 35 35 35 36 33 33 37 32 32 38 34 34 35 35 36 36 33 37 37 38 38 38 34 34 34 35 36 36 36 37 37 37 38 38 
12x21
01 01 02 02 02 03 03 03 04 05 05 05 01 01 01 02 02 06 03 03 04 04 05 05 01 07 07 02 06 06 03 04 04 04 05 08 07 07 07 09 06 06 06 10 10 08 08 08 11 11 07 09 09 09 10 10 10 12 08 08 11 11 11 09 09 13 14 14 10 12 12 12 11 15 15 13 13 13 14 14 14 12 12 16 15 15 15 17 13 13 14 18 18 16 16 16 19 19 15 17 17 17 18 18 18 20 16 16 19 19 19 17 17 21 22 22 18 20 20 20 19 23 23 21 21 21 22 22 22 20 20 24 23 23 23 25 21 21 22 26 26 24 24 24 27 27 23 25 25 25 26 26 26 28 24 24 27 27 27 25 25 29 30 30 26 28 28 28 27 31 31 29 29 29 30 30 30 28 28 32 31 31 31 33 29 29 30 34 34 32 32 32 35 35 31 33 33 33 34 34 34 36 32 32 35 35 35 33 33 37 37 37 34 36 36 36 35 38 39 39 39 40 37 37 41 36 36 42 38 38 39 39 40 40 37 41 41 42 42 42 38 38 38 39 40 40 40 41 41 41 42 42 
12x24
01 01 02 02 02 03 03 03 04 05 05 05 01 01 01 02 02 06 03 03 04 04 05 05 01 07 07 02 06 06 03 04 04 04 05 08 07 07 07 09 06 06 06 10 10 08 08 08 11 11 07 09 09 09 12 10 10 10 08 08 11 11 11 09 09 12 12 10 13 14 14 14 11 15 16 16 16 12 12 12 13 13 14 14 15 15 16 16 17 17 17 13 13 13 14 18 15 15 15 16 19 17 17 20 20 18 18 18 21 21 19 19 19 17 22 20 20 20 18 18 21 21 21 19 19 22 22 20 23 24 24 24 21 25 26 26 26 22 22 22 23 23 24 24 25 25 26 26 27 27 27 23 23 23 24 28 25 25 25 26 29 27 27 30 30 28 28 28 31 31 29 29 29 27 32 30 30 30 28 28 31 31 31 29 29 32 32 30 33 34 34 34 31 35 36 36 36 32 32 32 33 33 34 34 35 35 36 36 37 37 37 33 33 33 34 38 35 35 35 36 39 37 37 40 40 38 38 38 41 41 39 39 39 37 40 40 40 42 38 38 41 41 41 39 39 43 43 43 40 42 42 42 41 44 45 45 45 46 43 43 47 42 42 48 44 44 45 45 46 46 43 47 47 48 48 48 44 44 44 45 46 46 46 47 47 47 48 48 
12x25
01 01 02 02 02 03 03 03 04 05 05 05 01 01 01 02 02 06 03 03 04 04 05 05 01 07 07 02 06 06 03 04 04 04 05 08 07 07 07 09 06 06 06 10 10 08 08 08 11 11 07 09 09 09 10 10 10 12 08 08 11 11 11 09 09 13 14 14 10 12 12 12 11 15 15 13 13 13 14 14 14 12 12 16 15 15 15 17 13 13 14 18 18 16 16 16 19 19 15 17 17 17 18 18 18 20 16 16 19 19 19 17 17 21 22 22 18 20 20 20 19 23 23 21 21 21 22 22 22 20 20 24 23 23 23 25 21 21 22 26 26 24 24 24 27 27 23 25 25 25 26 26 26 28 24 24 27 27 27 25 25 29 30 30 26 28 28 28 27 31 31 29 29 29 30 30 30 28 28 32 31 31 31 33 29 29 30 34 34 32 32 32 35 35 31 33 33 33 34 34 34 36 32 32 35 35 35 33 33 37 38 38 34 36 36 36 35 39 39 37 37 37 38 38 38 36 36 40 39 39 39 41 37 37 38 42 42 40 40 40 43 43 39 41 41 41 42 42 42 44 40 40 43 43 43 41 41 45 45 45 42 44 44 44 43 46 47 47 47 48 45 45 49 44 44 50 46 46 47 47 48 48 45 49 49 50 50 50 46 46 46 47 48 48 48 49 49 49 50 50 
12x29
01 01 02 02 02 03 03 03 04 05 05 05 01 01 01 02 02 06 03 03 04 04 05 05 01 07 07 02 06 06 03 04 04 04 05 08 07 07 07 09 06 06 06 10 10 08 08 08 11 11 07 09 09 09 10 10 10 12 08 08 11 11 11 09 09 13 14 14 10 12 12 12 11 15 15 13 13 13 14 14 14 12 12 16 15 15 15 17 13 13 14 18 18 16 16 16 19 19 15 17 17 17 18 18 18 20 16 16 19 19 19 17 17 21 22 22 18 20 20 20 19 23 23 21 21 21 22 22 22 20 20 24 23 23 23 25 21 21 22 26 26 24 24 24 27 27 23 25 25 25 26 26 26 28 24 24 27 27 27 25 25 29 30 30 26 28 28 28 27 31 31 29 29 29 30 30 30 28 28 32 31 31 31 33 29 29 30 34 34 32 32 32 35 35 31 33 33 33 34 34 34 36 32 32 35 35 35 33 33 37 38 38 34 36 36 36 35 39 39 37 37 37 38 38 38 36 36 40 39 39 39 41 37 37 38 42 42 40 40 40 43 43 39 41 41 41 42 42 42 44 40 40 43 43 43 41 41 45 46 46 42 44 44 44 43 47 47 45 45 45 46 46 46 44 44 48 47 47 47 49 45 45 46 50 50 48 48 48 51 51 47 49 49 49 50 50 50 52 48 48 51 51 51 49 49 53 53 53 50 52 52 52 51 54 55 55 55 56 53 53 57 52 52 58 54 54 55 55 56 56 53 57 57 58 58 58 54 54 54 55 56 56 56 57 57 57 58 58 

15x28
01 01 02 02 02 03 03 03 04 04 04 05 06 06 06 01 01 01 02 02 07 03 03 08 04 04 05 05 06 06 01 09 09 02 07 07 03 08 08 04 05 05 05 06 10 09 09 09 11 07 07 07 08 08 08 12 12 10 10 10 13 13 09 11 11 11 14 14 14 12 12 12 15 10 10 13 13 13 11 11 16 14 14 17 17 17 12 15 15 15 13 18 19 19 19 16 16 14 20 17 17 21 15 15 22 18 18 19 19 16 16 16 20 20 17 21 21 22 22 22 18 18 18 19 23 24 24 20 20 20 21 21 21 22 22 25 25 23 23 23 24 24 24 26 26 26 27 28 28 28 25 25 25 23 23 24 29 29 29 26 26 27 27 28 28 25 30 31 31 31 32 32 29 29 26 27 27 27 28 33 30 30 31 31 32 32 32 29 34 34 35 35 33 33 33 30 30 30 31 36 37 32 34 34 34 35 35 35 33 33 38 38 36 36 36 37 37 37 39 34 35 40 41 41 41 38 38 38 36 36 37 37 42 39 39 39 40 40 41 41 38 43 44 44 44 45 42 42 39 39 40 40 40 41 46 43 43 44 44 45 45 42 42 42 47 48 48 46 46 46 43 43 43 44 45 45 45 47 47 47 48 48 48 46 46 49 49 50 50 50 51 51 51 47 47 48 52 53 53 53 49 49 49 50 50 54 51 51 55 55 55 52 52 53 53 49 56 56 50 54 54 51 57 55 55 52 52 52 53 58 56 56 56 59 54 54 54 57 57 55 60 60 58 58 58 61 61 56 59 59 59 57 57 57 60 60 60 62 58 58 61 61 61 59 59 63 63 63 64 64 64 60 62 62 62 61 65 66 66 66 67 63 63 68 64 64 69 62 62 70 65 65 66 66 67 67 63 68 68 64 69 69 70 70 70 65 65 65 66 67 67 67 68 68 68 69 69 69 70 70 
15x32
01 01 02 02 02 03 03 03 04 04 04 05 06 06 06 01 01 01 02 02 07 03 03 08 04 04 05 05 06 06 01 09 09 02 07 07 03 08 08 04 05 05 05 06 10 09 09 09 11 07 07 07 08 08 08 12 12 10 10 10 13 13 09 11 11 11 14 14 14 15 12 12 12 10 10 13 13 13 11 11 16 14 14 15 15 12 17 18 18 18 13 19 19 16 16 16 20 14 15 15 15 17 17 18 18 19 19 19 21 16 16 20 20 20 22 17 17 17 18 23 24 24 19 21 21 21 20 20 25 22 22 22 23 23 23 24 24 24 21 21 26 25 25 25 22 22 27 28 23 23 24 29 30 30 30 26 26 25 25 27 27 27 28 28 28 29 29 30 30 26 26 26 31 31 32 27 27 28 28 33 29 29 29 30 34 35 31 31 31 32 32 32 33 33 33 36 36 34 34 34 35 35 35 31 32 32 37 38 33 33 36 36 36 34 34 35 35 39 39 37 37 37 38 38 38 36 40 41 41 41 42 42 39 39 39 37 37 38 38 43 40 40 41 41 42 42 42 39 44 44 45 45 43 43 43 40 40 40 41 46 47 42 44 44 44 45 45 45 43 43 48 48 46 46 46 47 47 47 49 44 45 50 51 51 51 48 48 48 46 46 47 47 52 49 49 49 50 50 51 51 48 53 54 54 54 55 52 52 49 49 50 50 50 51 56 53 53 54 54 55 55 52 52 52 57 58 58 56 56 56 53 53 53 54 55 55 55 57 57 57 58 58 58 56 56 59 59 60 60 60 61 61 61 57 57 58 62 63 63 63 59 59 59 60 60 64 61 61 65 65 65 62 62 63 63 59 66 66 60 64 64 61 67 65 65 62 62 62 63 68 66 66 66 69 64 64 64 67 67 65 70 70 68 68 68 71 71 66 69 69 69 67 67 67 70 70 70 72 68 68 71 71 71 69 69 73 73 73 74 74 74 70 72 72 72 71 75 76 76 76 77 73 73 78 74 74 79 72 72 80 75 75 76 76 77 77 73 78 78 74 79 79 80 80 80 75 75 75 76 77 77 77 78 78 78 79 79 79 80 80 
15x36
01 01 02 02 02 03 03 03 04 04 04 05 06 06 06 01 01 01 02 02 07 03 03 08 04 04 05 05 06 06 01 09 09 02 07 07 03 08 08 04 05 05 05 06 10 09 09 09 11 07 07 07 08 08 08 12 12 10 10 10 13 13 09 11 11 11 14 14 14 12 12 12 15 10 10 13 13 13 11 11 16 14 14 17 17 17 12 15 15 15 13 18 19 19 19 16 16 14 20 17 17 21 15 15 22 18 18 19 19 16 16 16 20 20 17 21 21 22 22 22 18 18 18 19 23 24 24 20 20 20 21 21 21 22 22 25 25 23 23 23 24 24 24 26 26 26 27 28 28 28 25 25 25 23 23 24 29 29 29 26 26 27 27 28 28 25 30 30 31 31 31 32 29 29 26 27 27 27 28 33 30 30 30 31 31 32 32 29 34 34 34 35 33 33 33 36 36 30 37 31 32 32 32 38 34 34 35 35 33 33 36 36 36 37 37 37 38 38 38 34 35 35 35 39 39 36 40 40 37 37 41 41 38 38 42 42 43 39 39 39 40 40 40 44 41 41 41 45 42 42 42 43 43 43 39 46 46 40 44 44 44 41 45 45 47 42 43 43 48 48 46 46 46 44 44 49 45 45 45 47 47 50 48 48 48 46 51 52 52 52 49 49 53 47 47 47 50 50 54 48 51 51 52 52 49 49 49 53 53 55 50 50 50 54 54 51 51 51 52 56 57 53 53 53 55 55 55 54 54 54 58 58 56 56 56 57 57 57 59 55 55 60 61 61 61 58 58 58 56 56 57 57 62 59 59 59 60 60 61 61 58 63 64 64 64 65 62 62 59 59 60 60 60 61 66 63 63 64 64 65 65 62 62 62 67 68 68 66 66 66 63 63 63 64 65 65 65 67 67 67 68 68 68 66 66 69 69 70 70 70 71 71 71 67 67 68 72 73 73 73 69 69 69 70 70 74 71 71 75 75 75 72 72 73 73 69 76 76 70 74 74 71 77 75 75 72 72 72 73 78 76 76 76 79 74 74 74 77 77 75 80 80 78 78 78 81 81 76 79 79 79 77 77 77 80 80 80 82 78 78 81 81 81 79 79 83 83 83 84 84 84 80 82 82 82 81 85 86 86 86 87 83 83 88 84 84 89 82 82 90 85 85 86 86 87 87 83 88 88 84 89 89 90 90 90 85 85 85 86 87 87 87 88 88 88 89 89 89 90 90 
15x40
01 01 02 02 02 03 03 03 04 04 04 05 06 06 06 01 01 01 02 02 07 03 03 08 04 04 05 05 06 06 01 09 09 02 07 07 03 08 08 04 05 05 05 06 10 09 09 09 11 07 07 07 08 08 08 12 12 10 10 10 13 13 09 11 11 11 14 14 14 12 12 12 15 10 10 13 13 13 11 11 16 14 14 17 17 17 12 15 15 15 13 18 19 19 19 16 16 14 20 17 17 21 15 15 22 18 18 19 19 16 16 16 20 20 17 21 21 22 22 22 18 18 18 19 23 24 24 20 20 20 21 21 21 22 22 25 25 23 23 23 24 24 24 26 26 26 27 28 28 28 25 25 25 23 23 24 29 29 29 26 26 27 27 28 28 25 30 31 31 31 32 32 29 29 26 27 27 27 28 33 30 30 31 31 32 32 32 29 34 34 34 35 33 33 33 30 30 30 31 36 36 32 37 37 34 34 35 35 33 33 38 38 38 36 36 36 37 37 37 34 35 35 35 39 39 38 38 40 40 40 36 41 41 37 42 42 43 39 39 39 44 38 40 40 45 41 41 41 42 42 42 43 43 43 39 44 44 44 40 45 45 46 41 47 47 42 43 43 48 48 44 44 49 45 45 45 46 46 47 47 47 50 48 48 48 49 49 49 51 51 46 46 46 47 50 50 50 52 52 48 53 49 49 51 51 51 54 55 55 55 50 50 52 52 52 53 53 53 51 54 54 54 55 55 56 56 56 52 57 57 53 53 58 58 59 54 54 60 55 56 56 61 57 57 57 62 58 58 58 59 59 59 60 60 60 56 61 61 63 57 62 62 62 58 59 59 64 60 60 65 61 61 61 63 63 62 62 66 66 66 67 64 64 64 65 65 65 63 63 63 68 68 66 66 67 67 64 64 69 65 65 70 71 71 71 68 68 68 66 67 67 67 72 69 69 69 70 70 71 71 68 73 74 74 74 75 72 72 69 69 70 70 70 71 76 73 73 74 74 75 75 72 72 72 77 78 78 76 76 76 73 73 73 74 75 75 75 77 77 77 78 78 78 76 76 79 79 80 80 80 81 81 81 77 77 78 82 83 83 83 79 79 79 80 80 84 81 81 85 85 85 82 82 83 83 79 86 86 80 84 84 81 87 85 85 82 82 82 83 88 86 86 86 89 84 84 84 87 87 85 90 90 88 88 88 91 91 86 89 89 89 87 87 87 90 90 90 92 88 88 91 91 91 89 89 93 93 93 94 94 94 90 92 92 92 91 95 96 96 96 97 93 93 98 94 94 99 92 92 100 95 95 96 96 97 97 93 98 98 94 99 99 100 100 100 95 95 95 96 97 97 97 98 98 98 99 99 99 100 100 
15x44
01 01 02 02 02 03 03 03 04 04 04 05 06 06 06 01 01 01 02 02 07 03 03 08 04 04 05 05 06 06 01 09 09 02 07 07 03 08 08 04 05 05 05 06 10 09 09 09 11 07 07 07 08 08 08 12 12 10 10 10 13 13 09 11 11 11 14 14 14 12 12 12 15 10 10 13 13 13 11 11 16 14 14 17 17 17 12 15 15 15 13 18 19 19 19 16 16 14 20 17 17 21 15 15 22 18 18 19 19 16 16 16 20 20 17 21 21 22 22 22 18 18 18 19 23 24 24 20 20 20 21 21 21 22 22 25 25 23 23 23 24 24 24 26 26 26 27 28 28 28 25 25 25 23 23 24 29 29 29 26 26 27 27 28 28 25 30 31 31 31 32 32 29 29 26 27 27 27 28 33 30 30 31 31 32 32 32 29 34 34 35 35 33 33 33 30 30 30 31 36 37 32 34 34 34 35 35 35 33 33 38 38 36 36 36 37 37 37 39 34 35 40 41 41 41 38 38 38 36 36 37 37 42 39 39 39 40 40 41 41 38 43 43 44 44 42 42 42 39 39 40 40 40 41 45 43 43 43 44 44 44 42 42 46 47 47 47 45 45 45 48 48 43 44 49 49 46 46 46 47 47 50 50 45 45 48 48 48 49 49 49 51 46 46 52 47 50 50 50 53 48 54 54 55 55 49 51 51 51 52 52 50 53 53 53 54 54 54 55 55 55 51 51 52 52 52 56 57 53 53 58 58 54 55 59 59 59 60 60 56 56 56 57 57 57 58 58 58 61 59 59 60 60 60 62 56 56 57 57 63 58 61 61 61 64 59 65 65 60 62 62 62 63 63 63 66 66 61 61 64 64 65 65 65 62 62 67 68 63 63 66 66 66 64 64 64 65 69 69 67 67 67 68 68 68 66 70 71 71 71 72 72 69 69 69 67 67 68 68 73 70 70 71 71 72 72 72 69 74 74 75 75 73 73 73 70 70 70 71 76 77 72 74 74 74 75 75 75 73 73 78 78 76 76 76 77 77 77 79 74 75 80 81 81 81 78 78 78 76 76 77 77 82 79 79 79 80 80 81 81 78 83 84 84 84 85 82 82 79 79 80 80 80 81 86 83 83 84 84 85 85 82 82 82 87 88 88 86 86 86 83 83 83 84 85 85 85 87 87 87 88 88 88 86 86 89 89 90 90 90 91 91 91 87 87 88 92 93 93 93 89 89 89 90 90 94 91 91 95 95 95 92 92 93 93 89 96 96 90 94 94 91 97 95 95 92 92 92 93 98 96 96 96 99 94 94 94 97 97 95 100 100 98 98 98 101 101 96 99 99 99 97 97 97 100 100 100 102 98 98 101 101 101 99 99 103 103 103 104 104 104 100 102 102 102 101 105 106 106 106 107 103 103 108 104 104 109 102 102 110 105 105 106 106 107 107 103 108 108 104 109 109 110 110 110 105 105 105 106 107 107 107 108 108 108 109 109 109 110 110 
15x48
01 01 02 02 02 03 03 03 04 04 04 05 06 06 06 01 01 01 02 02 07 03 03 08 04 04 05 05 06 06 01 09 09 02 07 07 03 08 08 04 05 05 05 06 10 09 09 09 11 07 07 07 08 08 08 12 12 10 10 10 13 13 09 11 11 11 14 14 14 12 12 12 15 10 10 13 13 13 11 11 16 14 14 17 17 17 12 15 15 15 13 18 19 19 19 16 16 14 20 17 17 21 15 15 22 18 18 19 19 16 16 16 20 20 17 21 21 22 22 22 18 18 18 19 23 24 24 20 20 20 21 21 21 22 22 25 25 23 23 23 24 24 24 26 26 26 27 28 28 28 25 25 25 23 23 24 29 29 29 26 26 27 27 28 28 25 30 31 31 31 32 32 29 29 26 27 27 27 28 33 30 30 31 31 32 32 32 29 34 34 34 35 33 33 33 30 30 30 31 36 36 32 37 37 34 34 35 35 33 33 38 38 38 36 36 36 37 37 37 34 35 35 35 39 39 38 38 40 40 40 36 41 41 37 42 42 43 39 39 39 44 38 40 40 45 41 41 41 42 42 42 43 43 43 39 44 44 44 40 45 45 45 41 46 47 42 43 43 48 48 44 44 49 49 45 45 46 46 46 47 47 47 48 48 48 50 49 49 49 51 51 51 46 46 47 47 52 53 53 48 50 50 50 49 54 51 51 55 55 52 52 52 53 53 53 50 50 54 54 54 51 56 55 55 55 52 52 53 57 57 58 58 58 54 54 56 56 55 59 59 59 60 57 57 57 58 58 61 61 61 56 56 56 62 59 59 60 60 63 57 64 58 61 61 65 65 65 62 62 59 60 60 60 63 63 64 64 64 61 65 65 66 62 62 62 67 67 63 63 63 64 64 68 69 69 65 66 66 66 70 67 67 67 71 71 68 68 68 69 69 69 66 66 70 70 67 72 71 71 71 73 68 68 69 74 74 75 75 70 70 70 72 72 72 71 73 73 73 74 74 74 75 75 75 76 76 72 72 77 77 73 73 78 78 79 74 75 80 76 76 76 81 77 77 77 82 78 78 78 79 79 79 80 80 80 76 81 81 83 77 82 82 82 78 79 79 84 80 80 85 81 81 81 83 83 82 82 86 86 86 87 84 84 84 85 85 85 83 83 83 88 88 86 86 87 87 84 84 89 85 85 90 91 91 91 88 88 88 86 87 87 87 92 89 89 89 90 90 91 91 88 93 94 94 94 95 92 92 89 89 90 90 90 91 96 93 93 94 94 95 95 92 92 92 97 98 98 96 96 96 93 93 93 94 95 95 95 97 97 97 98 98 98 96 96 99 99 100 100 100 101 101 101 97 97 98 102 103 103 103 99 99 99 100 100 104 101 101 105 105 105 102 102 103 103 99 106 106 100 104 104 101 107 105 105 102 102 102 103 108 106 106 106 109 104 104 104 107 107 105 110 110 108 108 108 111 111 106 109 109 109 107 107 107 110 110 110 112 108 108 111 111 111 109 109 113 113 113 114 114 114 110 112 112 112 111 115 116 116 116 117 113 113 118 114 114 119 112 112 120 115 115 116 116 117 117 113 118 118 114 119 119 120 120 120 115 115 115 116 117 117 117 118 118 118 119 119 119 120 120 
15x52
01 01 02 02 02 03 03 03 04 04 04 05 06 06 06 01 01 01 02 02 07 03 03 08 04 04 05 05 06 06 01 09 09 02 07 07 03 08 08 04 05 05 05 06 10 09 09 09 11 07 07 07 08 08 08 12 12 10 10 10 13 13 09 11 11 11 14 14 14 12 12 12 15 10 10 13 13 13 11 11 16 14 14 17 17 17 12 15 15 15 13 18 19 19 19 16 16 14 20 17 17 21 15 15 22 18 18 19 19 16 16 16 20 20 17 21 21 22 22 22 18 18 18 19 23 24 24 20 20 20 21 21 21 22 22 25 25 23 23 23 24 24 24 26 26 26 27 28 28 28 25 25 25 23 23 24 29 29 29 26 26 27 27 28 28 25 30 31 31 31 32 32 29 29 26 27 27 27 28 33 30 30 31 31 32 32 32 29 34 35 35 35 33 33 33 30 30 30 31 36 36 32 34 34 35 35 37 37 33 33 38 38 38 36 36 36 39 34 34 34 35 37 37 37 40 38 38 41 41 41 36 39 39 39 42 42 37 40 40 40 43 38 41 41 44 44 39 39 42 42 42 45 45 40 40 43 43 43 41 44 44 44 46 47 47 42 45 45 45 48 43 43 49 50 44 46 46 46 47 47 47 45 48 48 48 49 49 49 50 50 50 46 46 47 51 52 52 52 48 48 53 49 49 50 50 54 55 55 55 51 51 52 52 56 56 53 53 53 54 54 54 55 55 51 51 51 52 56 56 56 53 53 57 58 54 54 59 55 60 60 61 61 61 62 56 57 57 57 58 58 58 59 59 60 60 60 61 61 62 62 63 57 57 58 58 59 59 59 60 64 65 61 62 62 62 63 63 63 66 66 67 67 64 64 64 65 65 65 68 68 63 63 66 66 66 67 67 67 64 64 65 65 68 68 68 69 69 69 70 66 67 71 72 72 72 73 73 74 74 68 69 69 70 70 71 71 71 72 72 73 73 73 74 74 74 75 69 70 70 70 71 71 76 72 77 77 73 74 78 78 75 75 75 79 80 80 80 76 76 77 77 77 78 78 78 75 75 79 79 80 80 76 76 76 77 81 81 82 82 78 83 83 79 79 79 80 84 85 85 81 81 81 82 82 82 83 83 83 86 84 84 84 85 85 85 87 81 82 88 88 83 86 86 86 89 84 84 85 87 87 87 90 88 88 88 91 91 86 86 89 89 89 92 92 87 87 90 90 93 88 91 91 91 94 89 89 92 92 92 95 90 90 90 93 93 91 94 94 94 96 97 97 97 92 95 95 95 93 93 93 98 98 94 94 96 96 97 97 99 95 95 100 101 101 101 98 98 98 96 96 96 97 102 99 99 99 100 100 101 101 98 103 104 104 104 105 102 102 99 99 100 100 100 101 106 103 103 104 104 105 105 102 102 102 107 108 108 106 106 106 103 103 103 104 105 105 105 107 107 107 108 108 108 106 106 109 109 110 110 110 111 111 111 107 107 108 112 113 113 113 109 109 109 110 110 114 111 111 115 115 115 112 112 113 113 109 116 116 110 114 114 111 117 115 115 112 112 112 113 118 116 116 116 119 114 114 114 117 117 115 120 120 118 118 118 121 121 116 119 119 119 117 117 117 120 120 120 122 118 118 121 121 121 119 119 123 123 123 124 124 124 120 122 122 122 121 125 126 126 126 127 123 123 128 124 124 129 122 122 130 125 125 126 126 127 127 123 128 128 124 129 129 130 130 130 125 125 125 126 127 127 127 128 128 128 129 129 129 130 130 

16x18
01 01 02 02 02 03 03 03 04 05 05 05 06 07 07 07 01 01 01 02 02 08 03 03 04 04 05 05 06 06 07 07 01 09 09 02 08 08 03 04 04 04 05 06 06 06 07 10 09 09 09 11 08 08 08 12 13 13 13 14 14 10 10 10 15 15 09 11 11 11 12 12 13 13 14 14 14 16 10 10 15 15 15 11 11 17 12 12 12 13 18 18 14 16 16 16 15 19 20 20 20 17 17 21 21 21 18 18 18 16 16 22 19 19 20 20 17 17 17 21 21 23 18 24 24 22 22 22 19 19 19 20 25 26 26 26 21 23 23 24 24 24 22 22 27 27 25 25 25 26 26 28 23 23 23 24 29 30 30 30 27 27 27 25 25 31 26 28 28 32 32 32 29 29 30 30 27 33 33 31 31 31 28 28 28 32 32 29 29 29 30 34 33 33 33 35 31 31 36 37 37 37 32 38 38 34 34 34 39 39 33 35 35 35 36 36 37 37 38 38 38 40 34 34 39 39 39 35 35 36 36 36 37 41 41 41 38 40 40 40 39 42 43 43 43 44 45 45 45 46 41 41 47 40 40 48 42 42 43 43 44 44 45 45 46 46 41 47 47 48 48 48 42 42 42 43 44 44 44 45 46 46 46 47 47 47 48 48 
16x27
01 01 02 02 02 03 03 03 04 05 05 05 06 07 07 07 01 01 01 02 02 08 03 03 04 04 05 05 06 06 07 07 01 09 09 02 08 08 03 04 04 04 05 06 06 06 07 10 09 09 09 11 08 08 08 12 12 13 13 13 14 10 10 10 15 15 09 11 11 11 16 12 12 12 13 13 14 14 10 10 15 15 15 11 11 16 16 12 17 17 13 14 14 14 18 18 15 19 20 20 20 16 16 16 17 17 17 21 22 18 18 18 19 19 20 20 23 23 23 24 17 21 21 21 22 22 22 18 19 19 19 20 25 23 23 24 24 24 21 21 22 22 26 26 27 27 25 25 25 23 28 24 24 29 29 29 30 26 26 26 27 27 27 25 25 28 28 31 31 31 29 29 30 30 32 26 27 33 34 34 34 28 28 28 31 31 29 30 30 30 32 32 33 33 34 34 35 35 35 36 31 37 37 38 38 32 32 32 33 33 33 34 35 35 36 36 37 37 37 38 38 38 39 39 40 40 41 41 41 35 36 36 36 42 37 38 43 39 39 39 40 40 40 41 41 44 45 45 45 42 42 42 43 43 46 39 40 47 47 41 44 44 45 45 48 42 42 43 43 43 46 46 47 47 47 49 44 44 44 45 48 48 50 50 50 46 46 46 51 51 47 49 49 49 52 48 48 48 50 50 53 54 54 54 51 51 51 49 49 55 52 52 52 56 56 50 53 53 54 54 51 57 57 55 55 55 52 52 56 56 56 53 53 53 54 58 57 57 57 59 55 55 60 61 61 61 56 62 62 58 58 58 63 63 57 59 59 59 60 60 61 61 62 62 62 64 58 58 63 63 63 59 59 60 60 60 61 65 65 65 62 64 64 64 63 66 67 67 67 68 69 69 69 70 65 65 71 64 64 72 66 66 67 67 68 68 69 69 70 70 65 71 71 72 72 72 66 66 66 67 68 68 68 69 70 70 70 71 71 71 72 72 
16x30
01 01 02 02 02 03 03 03 04 05 05 05 06 07 07 07 01 01 01 02 02 08 03 03 04 04 05 05 06 06 07 07 01 09 09 02 08 08 03 04 04 04 05 06 06 06 07 10 09 09 09 11 08 08 08 12 13 13 13 14 14 10 10 10 15 15 09 11 11 11 12 12 13 13 14 14 14 16 10 10 15 15 15 11 11 17 12 12 12 13 18 18 14 16 16 16 15 19 19 17 17 17 20 20 20 21 18 18 18 16 16 22 19 19 19 23 17 17 20 20 21 21 18 24 24 22 22 22 25 25 19 23 23 23 26 20 21 21 21 24 24 24 22 22 25 25 25 23 23 27 26 26 26 28 28 24 29 30 30 30 25 31 31 27 27 27 26 26 32 28 28 28 29 29 30 30 31 31 31 33 27 27 32 32 32 28 34 29 29 29 30 35 36 36 31 33 33 33 37 32 32 38 34 34 34 35 35 35 36 36 36 33 33 37 37 38 38 38 34 34 39 40 35 35 36 41 41 42 42 37 37 37 38 38 39 39 39 40 40 40 41 41 41 42 42 42 43 43 44 44 44 39 39 40 40 45 46 46 41 42 47 47 43 43 43 44 44 48 48 45 45 45 46 46 46 47 47 47 43 49 49 44 48 48 48 50 45 45 46 51 52 52 52 47 53 49 49 49 54 54 48 50 50 50 51 51 52 52 53 53 53 49 55 55 54 54 54 50 50 56 51 51 51 52 57 53 53 55 55 55 54 58 58 56 56 56 59 59 57 57 57 60 60 60 61 55 58 58 58 62 56 56 59 59 59 57 57 63 60 60 61 61 64 64 58 62 62 62 59 65 65 63 63 63 60 61 61 61 64 64 64 62 62 66 65 65 65 67 63 63 68 69 69 69 64 70 70 66 66 66 71 71 65 67 67 67 68 68 69 69 70 70 70 72 66 66 71 71 71 67 67 68 68 68 69 73 73 73 70 72 72 72 71 74 75 75 75 76 77 77 77 78 73 73 79 72 72 80 74 74 75 75 76 76 77 77 78 78 73 79 79 80 80 80 74 74 74 75 76 76 76 77 78 78 78 79 79 79 80 80 
16x33
01 01 01 02 03 03 03 04 04 04 05 06 06 06 07 07 01 01 02 02 03 03 08 04 04 05 05 06 06 07 07 07 09 01 02 02 02 03 08 08 04 05 05 05 06 10 10 07 09 09 09 11 11 08 08 08 12 12 12 13 13 10 10 10 09 09 14 11 11 11 15 15 12 12 13 13 13 10 16 16 14 14 14 11 17 17 15 15 15 12 18 18 13 16 16 16 19 14 14 17 17 17 15 20 20 20 18 18 18 21 21 16 19 19 19 22 22 17 23 23 20 20 18 24 24 21 21 21 19 19 22 22 22 23 23 23 20 25 24 24 24 21 26 26 27 27 27 28 22 29 29 23 30 25 25 25 24 26 26 26 27 27 28 28 29 29 29 30 30 25 25 31 31 32 32 26 33 27 28 28 28 34 29 30 30 30 31 31 31 32 32 32 33 33 33 34 34 34 35 36 36 36 37 37 31 32 38 38 33 33 39 39 34 34 35 35 36 36 37 37 37 38 38 38 40 39 39 39 41 35 35 35 36 42 37 43 43 44 44 38 40 40 40 39 41 41 41 42 42 42 43 43 43 44 44 44 40 40 45 46 41 41 47 47 42 42 48 48 43 44 49 49 45 45 45 46 46 46 47 47 47 48 48 48 50 49 49 49 51 45 45 46 46 52 47 53 54 54 54 48 50 50 50 49 51 51 51 52 52 52 53 53 54 54 55 55 50 50 56 56 51 51 57 58 52 52 53 53 53 54 55 55 55 56 56 56 57 57 57 58 58 58 59 59 59 60 55 61 61 61 62 56 63 57 57 58 58 64 64 59 59 60 60 60 61 61 62 62 63 63 63 65 64 64 64 59 66 60 60 67 61 62 62 62 63 63 68 65 65 65 64 69 66 66 66 67 67 67 70 70 68 68 68 65 65 71 69 69 66 66 72 67 67 70 70 70 73 68 68 71 71 71 69 69 69 74 72 72 72 75 75 70 73 73 73 76 71 71 77 74 74 74 72 72 78 75 75 75 73 73 79 76 76 76 77 77 74 74 78 78 78 75 80 80 79 79 79 76 76 77 77 77 81 81 81 78 78 80 80 80 82 79 79 83 84 84 84 85 81 81 86 87 87 87 88 80 82 82 82 83 83 84 84 85 85 81 86 86 87 87 88 88 82 82 83 83 83 84 85 85 85 86 86 86 87 88 88 88 
16x39
01 01 01 02 03 03 03 04 04 04 05 06 06 06 07 07 01 01 02 02 03 03 08 04 04 05 05 06 06 07 07 07 09 01 02 02 02 03 08 08 04 05 05 05 06 10 10 07 09 09 09 11 11 08 08 08 12 12 12 13 13 10 10 10 09 09 14 11 11 11 15 15 12 12 13 13 13 10 16 16 14 14 14 11 17 17 15 15 15 12 18 18 13 16 16 16 19 14 14 17 17 17 15 20 20 20 18 18 18 21 21 16 19 19 19 22 22 17 23 23 20 20 18 24 24 21 21 21 19 19 22 22 22 23 23 23 20 25 24 24 24 21 26 26 27 27 27 28 22 29 29 23 30 25 25 25 24 26 26 26 27 27 28 28 29 29 29 30 30 25 25 31 31 31 32 26 33 27 28 28 28 34 29 30 30 30 35 35 31 31 32 32 33 33 33 36 34 34 37 37 37 35 35 35 31 32 32 32 33 33 36 36 34 34 34 37 37 38 38 35 39 40 40 40 41 41 36 36 36 42 42 37 43 38 38 38 39 39 40 40 41 41 41 44 42 42 42 43 43 38 45 39 39 39 40 46 41 47 47 44 44 44 42 43 43 43 45 45 45 46 46 46 47 47 47 44 44 48 48 48 49 49 45 45 50 50 46 46 51 51 47 52 52 52 48 48 49 49 49 53 50 50 50 54 51 51 51 55 52 52 48 56 49 57 53 53 50 54 54 54 51 55 55 55 52 56 56 56 57 57 53 53 53 58 54 54 59 59 55 55 60 60 56 56 57 57 57 61 61 58 58 58 59 59 59 60 60 60 62 62 62 63 61 61 61 58 58 64 59 65 66 66 66 60 67 62 62 63 63 63 61 64 64 64 65 65 66 66 67 67 67 62 68 63 63 69 69 69 64 64 65 65 65 66 70 67 67 68 68 71 71 71 69 69 72 72 73 73 73 74 70 70 70 68 68 68 71 71 69 72 72 72 73 73 74 74 70 70 75 75 75 76 71 77 77 77 78 72 79 73 74 74 74 80 80 75 75 76 76 76 77 77 78 78 79 79 79 81 80 80 80 75 82 76 76 83 77 78 78 78 79 79 84 81 81 81 80 85 82 82 82 83 83 83 86 86 84 84 84 81 81 87 85 85 82 82 88 83 83 86 86 86 89 84 84 87 87 87 85 85 85 90 88 88 88 91 91 86 89 89 89 92 87 87 93 90 90 90 88 88 94 91 91 91 89 89 95 92 92 92 93 93 90 90 94 94 94 91 96 96 95 95 95 92 92 93 93 93 97 97 97 94 94 96 96 96 98 95 95 99 100 100 100 101 97 97 102 103 103 103 104 96 98 98 98 99 99 100 100 101 101 97 102 102 103 103 104 104 98 98 99 99 99 100 101 101 101 102 102 102 103 104 104 104 
16x42
01 01 01 02 03 03 03 04 04 04 05 06 06 06 07 07 01 01 02 02 03 03 08 04 04 05 05 06 06 07 07 07 09 01 02 02 02 03 08 08 04 05 05 05 06 10 10 07 09 09 09 11 11 08 08 08 12 12 12 13 13 10 10 10 09 09 14 11 11 11 15 15 12 12 13 13 13 10 16 16 14 14 14 11 17 17 15 15 15 12 18 18 13 16 16 16 19 14 14 17 17 17 15 20 20 20 18 18 18 21 21 16 19 19 19 22 22 17 23 23 20 20 18 24 24 21 21 21 19 19 22 22 22 23 23 23 20 25 24 24 24 21 26 26 27 27 27 28 22 29 29 23 30 25 25 25 24 26 26 26 27 27 28 28 29 29 29 30 30 25 25 31 31 31 32 26 33 27 28 28 28 34 29 30 30 30 35 35 31 31 32 32 33 33 33 36 34 34 37 37 37 35 35 35 31 32 32 32 33 33 36 36 34 34 34 37 37 38 38 35 39 40 40 40 41 41 36 36 36 42 42 37 43 38 38 38 39 39 40 40 41 41 41 44 42 42 42 43 43 38 45 39 39 39 40 46 41 47 47 44 44 44 42 43 43 43 45 45 45 46 46 46 47 47 47 44 44 48 48 48 49 49 45 45 50 50 46 46 51 51 47 52 52 52 48 48 49 49 49 53 50 50 50 54 51 51 51 55 52 52 48 56 49 53 53 53 50 54 54 54 51 55 55 55 52 56 56 56 57 57 53 53 58 58 54 54 59 59 55 55 60 60 56 56 57 57 57 61 58 58 58 62 59 59 59 63 60 60 60 64 57 65 61 61 58 62 62 62 59 63 63 63 60 64 64 64 65 65 61 61 61 66 62 62 67 67 63 63 68 68 64 64 65 65 65 69 69 66 66 66 67 67 67 68 68 68 70 70 70 71 69 69 69 66 66 72 67 73 74 74 74 68 75 70 70 71 71 71 69 72 72 72 73 73 74 74 75 75 75 70 76 71 71 77 77 77 72 72 73 73 73 74 78 75 75 76 76 79 79 79 77 77 80 80 81 81 81 82 78 78 78 76 76 76 79 79 77 80 80 80 81 81 82 82 78 78 83 83 83 84 79 85 85 85 86 80 87 81 82 82 82 88 88 83 83 84 84 84 85 85 86 86 87 87 87 89 88 88 88 83 90 84 84 91 85 86 86 86 87 87 92 89 89 89 88 93 90 90 90 91 91 91 94 94 92 92 92 89 89 95 93 93 90 90 96 91 91 94 94 94 97 92 92 95 95 95 93 93 93 98 96 96 96 99 99 94 97 97 97 100 95 95 101 98 98 98 96 96 102 99 99 99 97 97 103 100 100 100 101 101 98 98 102 102 102 99 104 104 103 103 103 100 100 101 101 101 105 105 105 102 102 104 104 104 106 103 103 107 108 108 108 109 105 105 110 111 111 111 112 104 106 106 106 107 107 108 108 109 109 105 110 110 111 111 112 112 106 106 107 107 107 108 109 109 109 110 110 110 111 112 112 112 

20x21
01 01 01 02 03 03 03 04 04 04 05 05 05 06 06 07 07 07 08 08 01 01 02 02 03 03 09 04 04 10 05 05 06 06 06 07 07 08 08 08 11 01 02 02 02 03 09 09 04 10 10 05 12 12 06 13 07 14 14 08 11 11 11 15 15 09 09 09 10 10 10 16 12 12 12 13 13 14 14 14 11 11 15 15 15 17 18 18 18 16 16 16 12 19 13 13 13 14 20 20 21 21 21 22 15 17 17 18 18 23 16 16 24 19 19 19 25 20 20 20 21 21 22 22 17 17 17 18 23 23 24 24 24 19 19 26 25 25 25 20 27 21 22 22 22 28 29 29 23 23 23 24 24 30 26 26 25 25 31 31 27 27 27 28 28 28 29 29 29 32 32 32 30 30 26 26 26 31 31 31 27 27 33 34 28 28 29 35 35 32 32 36 30 30 30 37 37 38 38 31 33 33 33 34 34 34 35 35 35 39 32 36 36 36 37 37 37 38 38 38 40 33 33 34 34 41 41 41 35 39 39 36 36 42 43 43 37 38 44 44 40 40 40 45 45 45 41 41 39 39 39 42 42 42 43 43 43 44 44 44 40 40 46 46 45 45 41 47 47 48 48 48 42 42 43 49 49 49 50 44 51 46 46 46 45 52 52 47 47 47 48 48 53 54 54 54 49 49 50 50 51 51 51 46 52 52 52 47 55 55 48 53 53 54 54 56 49 50 50 50 51 51 57 58 58 58 52 59 55 55 55 53 53 53 54 56 56 56 60 60 57 57 57 58 58 59 59 59 55 61 61 61 62 62 62 56 56 60 60 60 63 57 57 64 58 65 59 59 66 61 61 67 62 62 68 69 69 69 70 60 63 63 63 64 64 65 65 65 66 66 61 67 67 62 68 68 69 69 70 70 63 63 64 64 64 65 65 66 66 66 67 67 67 68 68 68 69 70 70 70 
20x24
01 01 01 02 03 03 03 04 04 04 05 05 05 06 06 07 07 07 08 08 01 01 02 02 03 03 09 04 04 10 05 05 06 06 06 07 07 08 08 08 11 01 02 02 02 03 09 09 04 10 10 05 12 12 06 13 07 14 14 08 11 11 11 15 15 09 09 09 10 10 10 16 12 12 12 13 13 14 14 14 11 11 15 15 15 17 18 18 18 16 16 16 12 19 13 13 13 14 20 20 21 21 21 22 15 17 17 18 18 23 16 16 24 19 19 19 25 20 20 20 21 21 22 22 17 17 17 18 23 23 24 24 24 19 19 26 25 25 25 20 27 21 22 22 22 28 29 29 23 23 23 24 24 26 26 26 25 25 30 30 27 27 27 28 28 28 29 29 29 31 32 32 32 33 26 26 34 30 30 30 27 27 35 35 28 28 29 31 31 31 32 32 33 33 34 34 34 36 36 30 37 35 35 35 38 39 39 39 31 31 40 32 33 33 33 34 34 36 36 36 37 37 37 35 38 38 39 39 41 41 40 40 40 42 43 43 43 36 44 44 37 37 45 38 38 38 39 41 41 41 40 40 42 42 43 43 46 44 44 44 45 45 45 47 47 48 48 48 49 41 50 50 42 42 42 43 46 46 46 44 51 45 45 47 47 47 48 48 49 49 50 50 50 52 53 53 46 46 54 54 51 51 51 47 55 55 48 49 49 49 50 52 52 52 53 53 53 54 54 54 51 51 56 56 55 55 55 57 57 58 58 58 52 52 53 59 59 59 60 54 61 56 56 56 55 62 62 57 57 57 58 58 63 64 64 64 59 59 60 60 61 61 61 56 62 62 62 57 65 65 58 63 63 64 64 66 59 60 60 60 61 61 67 68 68 68 62 69 65 65 65 63 63 63 64 66 66 66 70 70 67 67 67 68 68 69 69 69 65 71 71 71 72 72 72 66 66 70 70 70 73 67 67 74 68 75 69 69 76 71 71 77 72 72 78 79 79 79 80 70 73 73 73 74 74 75 75 75 76 76 71 77 77 72 78 78 79 79 80 80 73 73 74 74 74 75 75 76 76 76 77 77 77 78 78 78 79 80 80 80 


3x3x8
01 02 02 01 01 01 01 01 03 02 02 02 04 04 04 03 03 03 05 06 02 05 04 04 05 03 03 05 06 06 05 04 07 08 08 08 06 06 06 05 09 07 08 08 07 10 10 07 09 09 07 11 08 07 10 10 10 09 09 09 11 11 11 10 12 12 12 12 12 11 11 12 
3x3x12
01 02 03 01 02 03 01 02 03 04 04 04 01 02 03 01 02 03 05 04 04 01 02 03 06 06 06 05 04 07 05 08 07 05 06 06 05 08 07 05 08 07 09 06 07 09 08 07 09 08 10 09 08 10 11 12 10 09 12 10 09 12 10 11 12 13 11 12 13 11 14 10 11 15 13 11 12 13 14 14 13 15 15 13 16 17 18 14 14 14 15 15 15 16 17 18 16 17 18 16 17 18 16 17 18 16 17 18 

3x4x5
01 02 02 01 03 04 01 03 04 05 03 04 02 02 02 01 03 04 01 03 04 05 05 05 06 06 02 01 07 08 09 03 04 05 05 10 06 06 06 09 07 08 09 07 08 10 10 10 06 07 08 09 07 08 09 07 08 09 10 10 
3x4x6
01 01 01 02 02 02 03 03 03 04 04 04 05 01 01 05 02 02 03 03 06 04 04 06 05 01 07 05 02 06 05 03 06 08 04 06 05 09 07 08 10 07 08 11 07 08 12 06 09 09 07 10 10 07 08 11 11 08 12 12 09 09 09 10 10 10 11 11 11 12 12 12 
3x4x7
01 02 02 01 03 04 01 03 04 05 03 04 02 02 02 01 03 04 01 03 04 05 05 05 06 06 02 01 07 07 08 03 04 05 05 09 06 06 06 07 07 07 08 08 08 09 09 09 06 10 10 11 12 07 08 08 13 14 09 09 10 10 10 11 12 13 11 12 13 14 14 14 11 12 10 11 12 13 11 12 13 14 14 13 
3x4x9
01 02 02 01 03 04 01 03 04 05 03 04 02 02 02 01 03 04 01 03 04 05 05 05 06 06 02 01 07 07 08 03 04 05 05 09 06 06 06 07 07 07 08 08 08 09 09 09 06 10 10 11 11 07 08 08 12 13 09 09 10 10 10 11 11 11 12 12 12 13 13 13 14 14 10 11 15 16 17 12 12 13 13 18 14 14 14 17 15 16 17 15 16 18 18 18 14 15 16 17 15 16 17 15 16 17 18 18 

3x5x10
01 01 02 01 01 01 01 03 03 03 03 03 04 04 03 05 06 02 05 07 02 07 07 02 07 07 07 04 04 04 05 06 02 05 06 02 05 06 08 08 08 08 04 08 08 05 06 09 10 06 11 10 12 11 12 12 11 12 12 12 09 09 09 10 13 11 10 14 11 10 14 14 14 14 14 15 09 09 10 13 13 16 16 11 16 16 16 16 17 18 15 15 15 13 13 13 19 17 18 19 17 18 19 17 18 15 15 20 21 22 23 19 22 23 19 17 18 24 17 18 20 20 20 21 22 23 21 22 23 19 22 23 24 24 24 21 20 20 21 22 23 21 25 25 25 25 25 24 24 25 

3x6x6
01 01 01 02 02 02 03 04 04 03 03 03 03 03 05 06 06 06 07 01 01 07 02 02 04 04 04 08 08 08 05 05 05 09 06 06 07 01 10 07 02 10 07 11 04 09 08 08 09 05 05 09 06 12 07 13 10 14 14 10 11 11 10 15 08 12 09 16 12 09 17 12 13 13 10 14 14 14 11 11 11 15 15 15 16 16 12 17 17 12 13 13 13 14 18 18 18 18 18 15 15 18 16 16 16 17 17 17 
3x6x7
01 01 02 01 01 01 01 03 04 05 06 07 05 06 07 08 06 07 02 02 02 09 03 04 05 03 04 05 06 07 05 06 07 08 08 08 10 02 02 09 03 04 09 03 04 09 03 04 05 06 07 08 08 11 10 10 10 09 12 12 09 13 14 14 14 14 15 14 14 11 11 11 10 10 16 12 12 12 17 13 18 17 13 18 15 15 15 19 11 11 16 16 16 17 13 12 17 13 18 17 13 18 15 15 18 19 19 19 20 16 16 20 20 20 20 20 18 17 21 21 21 21 21 19 19 21 
3x6x9
01 01 02 01 01 01 01 03 03 03 03 03 04 05 03 04 05 06 02 02 02 07 07 07 08 08 08 04 05 06 04 05 06 04 05 06 09 02 02 09 07 07 10 08 08 10 10 10 10 10 06 04 05 06 09 11 12 09 07 12 09 08 12 13 14 15 15 15 15 16 15 15 09 11 11 13 14 12 13 14 12 13 14 17 18 18 18 16 16 16 11 11 11 19 20 12 13 14 21 13 14 17 18 18 17 16 16 17 22 22 21 19 20 21 19 20 21 19 20 17 23 18 17 23 24 25 22 22 22 19 20 21 19 20 21 23 24 25 23 24 25 23 24 25 22 26 26 26 26 26 27 27 26 27 27 27 27 24 25 23 24 25 


4x4x6
01 01 02 03 01 01 01 04 01 04 04 04 05 05 04 04 06 07 02 03 06 07 02 03 06 07 02 03 05 05 05 08 09 09 02 03 06 07 02 03 06 07 10 11 05 08 08 08 09 09 09 12 06 07 10 11 13 14 10 11 13 14 08 08 09 12 12 12 13 14 10 11 13 14 10 11 13 14 10 11 15 15 12 12 15 15 15 16 15 16 16 16 13 14 16 16 
4x4x9
01 02 02 02 01 03 03 04 03 03 03 04 05 05 03 04 01 06 02 02 01 06 06 06 01 06 06 04 05 05 05 04 01 07 02 08 07 07 09 08 07 07 07 04 05 10 10 10 11 11 11 08 11 11 09 08 12 11 09 08 12 10 10 13 14 15 09 08 12 15 09 13 12 15 09 13 12 16 10 13 14 17 17 17 14 15 17 17 14 15 17 13 12 16 16 13 14 18 19 20 14 15 19 19 21 19 19 19 16 16 16 22 18 18 23 20 23 23 23 20 21 23 23 20 21 22 22 22 18 18 18 20 21 24 24 20 21 24 24 24 21 24 22 22 


5x5x6
01 01 02 02 02 01 01 01 03 04 01 05 06 06 06 07 05 05 06 06 05 05 05 06 08 09 09 02 02 04 10 10 11 03 04 11 11 11 03 08 07 11 11 03 08 07 12 12 12 08 09 09 09 02 04 10 10 10 03 04 07 13 13 03 04 07 13 13 13 08 07 13 12 12 08 09 14 15 15 15 10 16 17 18 19 20 16 16 18 21 16 16 16 18 21 22 22 12 23 21 14 14 15 15 19 20 24 17 17 19 20 24 24 18 21 24 24 24 18 21 22 22 22 23 23 14 14 14 15 19 20 17 17 17 19 20 25 25 18 19 20 25 25 25 21 22 25 23 23 23 

5x6x6
01 01 01 02 02 03 01 01 04 04 05 01 04 04 04 05 05 05 06 04 05 05 06 06 07 08 08 06 06 06 03 09 02 02 02 03 10 11 11 12 10 10 13 13 13 10 10 10 13 13 14 15 15 13 07 08 08 08 16 07 03 09 09 09 02 03 11 11 11 12 03 17 17 17 12 14 18 18 18 07 14 15 15 15 07 08 16 16 16 07 19 09 09 20 12 21 22 23 11 12 21 22 17 17 12 14 18 18 24 25 14 15 26 24 25 14 27 16 16 28 19 19 19 20 20 21 22 23 23 23 21 22 17 24 25 21 22 18 24 25 26 26 26 24 25 27 27 28 28 28 19 19 20 20 20 21 22 23 23 29 30 30 29 29 29 30 30 30 29 29 30 26 26 24 25 27 27 27 28 28 
5x6x7
01 02 03 03 03 01 02 02 02 04 05 02 02 06 04 05 05 05 06 06 05 05 06 06 06 07 08 09 09 09 01 10 11 03 03 01 10 11 11 04 01 11 11 11 04 07 08 12 12 04 07 08 12 12 12 07 08 12 09 09 01 10 13 03 14 15 10 13 16 04 15 10 13 16 17 18 19 19 19 17 07 08 19 19 17 07 08 19 09 20 15 10 21 21 14 15 22 13 16 14 15 23 13 16 14 18 24 24 16 17 18 24 24 24 17 18 24 20 20 20 25 21 21 21 14 22 22 13 16 14 15 23 23 26 27 18 28 28 26 17 18 28 28 28 29 30 28 31 20 20 25 25 25 21 27 22 22 22 26 27 23 23 23 26 27 30 32 32 26 29 30 32 32 32 29 30 32 31 31 31 25 25 33 33 33 34 34 33 33 27 34 34 34 33 27 34 35 35 26 29 30 35 35 35 29 30 35 31 31 29 


3x3x3x4
01 02 03 01 04 05 01 04 05 06 02 03 01 02 03 01 02 03 06 02 03 01 02 03 07 08 09 06 04 05 10 04 05 07 04 05 06 11 12 10 11 12 07 11 12 06 08 09 10 08 09 07 08 09 13 13 14 13 13 13 13 04 05 14 14 14 10 11 12 07 11 12 06 14 14 10 08 09 07 08 09 15 15 16 16 16 16 17 16 16 15 15 15 10 11 12 17 17 17 15 18 18 18 18 18 17 17 18 
3x3x3x6
01 02 02 01 03 03 04 05 06 01 05 06 01 05 06 01 05 06 01 07 07 08 05 06 09 05 06 02 02 02 03 03 03 04 04 04 10 10 10 11 11 11 12 12 12 07 07 07 08 08 08 09 09 09 13 13 02 14 14 03 04 04 15 10 10 15 11 11 15 12 12 15 16 16 07 08 08 15 09 09 15 13 13 13 14 14 14 17 18 19 17 10 19 17 11 19 17 12 19 16 16 16 17 20 19 17 21 19 13 22 23 14 22 23 24 18 18 24 22 23 24 22 23 24 22 23 16 22 23 24 20 20 24 21 21 25 26 27 25 26 27 18 18 18 25 26 27 25 26 27 25 26 27 25 26 27 20 20 20 21 21 21 

3x3x4x4
01 02 03 01 02 02 02 02 02 01 04 05 01 04 05 01 04 05 01 06 06 06 06 06 07 07 06 08 08 08 09 09 09 10 10 10 11 12 03 11 13 03 11 14 03 15 16 16 11 04 05 11 04 05 16 16 16 11 17 18 07 07 07 08 08 16 09 09 19 10 10 19 12 12 03 13 13 03 14 14 20 15 15 15 21 04 05 20 20 20 21 17 18 21 17 18 07 20 20 21 08 19 21 09 19 21 10 19 12 12 12 13 13 13 14 14 14 15 15 22 22 22 22 23 22 22 23 17 18 23 17 18 23 17 18 24 24 24 23 24 24 23 24 19 

3x4x4x4
01 01 02 03 03 02 04 04 04 05 05 05 01 01 01 03 03 03 06 07 08 09 07 10 01 11 12 03 11 13 06 06 06 09 09 09 14 14 14 15 15 15 06 06 16 09 09 16 17 18 02 19 20 02 04 04 02 21 05 05 17 22 12 19 07 13 23 07 08 24 07 10 17 11 12 19 11 13 23 11 08 24 25 10 26 14 14 15 15 16 23 27 16 24 28 16 18 18 02 21 20 20 21 04 08 21 05 10 17 22 12 19 22 13 23 22 08 24 07 10 17 11 12 19 25 13 23 25 08 24 25 10 26 14 12 26 15 13 26 27 27 28 28 16 18 18 18 20 20 20 21 29 29 21 30 30 17 22 31 19 22 32 29 29 29 30 30 30 31 31 31 32 32 32 23 25 29 24 25 30 26 31 31 26 32 32 27 27 27 28 28 28 
