prime boxes of Hexominoes  Toshihiro Shirakawa 2013.12.11

Update 2013.12.13 6x12x13

 #
###
  ##
x192=8x12x12 
01 03 05 05 07 07 09 11 13 03 03 05 05 05 11 11 03 03 15 17 05 11 11 19 03 15 15 15 21 21 11 19 15 15 21 21 21 23 25 25 24 24 27 21 23 23 23 29 30 24 24 24 22 28 23 23 26 26 24 22 22 22 16 16 20 12 22 22 16 16 16 04 20 12 12 06 18 16 04 04 12 12 06 06 06 04 04 14 12 10 08 08 06 06 04 02 01 01 07 07 07 09 09 19 13 31 33 17 35 37 39 19 13 31 31 17 37 37 37 19 31 31 41 17 43 45 37 37 31 41 41 41 25 25 25 29 30 47 27 41 41 28 48 29 30 47 27 42 42 28 48 29 30 26 26 26 42 42 42 32 38 38 46 44 18 42 32 32 20 38 38 38 18 32 32 14 20 40 38 36 18 34 32 14 20 10 10 08 08 08 02 02 13 01 01 07 35 49 09 09 13 33 33 33 35 39 39 19 51 53 55 57 43 45 59 61 51 53 53 17 43 45 48 29 53 53 27 17 43 25 48 29 53 63 27 65 66 67 48 69 70 47 68 65 66 28 64 54 30 47 26 44 18 28 54 54 30 47 46 44 18 54 54 52 62 60 46 44 58 56 54 52 20 40 40 36 34 34 34 14 10 10 50 36 08 02 02 14 13 01 71 71 49 49 49 09 33 33 55 57 35 73 39 39 75 77 55 57 35 59 59 61 51 79 55 65 81 45 83 61 51 79 27 65 43 45 48 69 51 63 63 65 43 67 67 69 70 68 68 44 66 64 64 52 70 47 46 44 66 28 80 52 62 84 46 82 66 56 80 52 62 60 60 36 58 56 78 76 40 40 74 36 58 56 34 34 10 50 50 50 72 72 02 14 85 85 87 71 71 71 49 49 75 85 85 85 73 73 73 39 75 77 85 57 35 89 59 59 91 77 55 57 81 89 83 61 51 79 55 65 81 45 83 61 70 79 63 63 67 67 80 69 70 79 68 68 64 64 80 69 62 84 46 82 66 56 80 52 62 84 90 82 58 56 78 92 60 60 90 36 58 86 78 76 40 74 74 74 86 86 86 76 50 50 72 72 72 88 86 86 75 87 87 87 71 89 93 93 75 77 95 73 73 89 97 99 91 77 101 103 81 89 105 59 91 101 101 57 81 105 105 61 91 107 101 101 105 105 83 109 70 79 63 101 67 105 83 109 110 84 106 68 102 64 80 69 110 84 106 106 102 102 108 92 62 106 106 82 58 102 102 92 60 106 90 82 104 102 78 92 100 98 90 74 74 96 78 76 94 94 90 72 88 88 88 76 87 87 95 111 93 93 93 99 75 77 95 113 113 89 97 99 115 117 95 103 81 119 97 109 121 117 117 103 123 119 119 109 91 107 117 117 119 119 83 109 91 107 117 125 119 127 129 131 132 130 128 120 126 118 108 92 110 84 120 120 118 118 108 92 110 120 120 124 104 118 118 122 110 98 120 82 104 96 118 116 100 98 90 114 114 96 78 76 100 94 94 94 112 96 88 88 133 133 111 111 111 93 135 135 137 113 113 113 135 135 135 99 115 115 95 139 123 135 97 99 121 107 95 103 123 141 97 109 121 107 143 103 145 141 129 147 132 130 125 125 127 127 129 131 132 130 128 128 126 126 129 131 148 130 142 146 104 144 108 122 110 98 142 124 104 96 108 122 100 98 136 124 140 96 116 116 100 136 136 136 114 114 114 138 136 136 94 112 112 112 134 134 149 133 133 133 111 111 151 153 137 137 113 139 123 141 155 155 121 115 115 139 123 141 97 99 121 107 143 103 145 141 129 147 132 157 143 159 145 161 129 147 132 125 125 159 145 127 127 147 148 128 128 146 160 126 126 131 148 130 162 146 160 144 158 131 148 130 142 146 104 144 108 122 100 98 142 124 140 116 116 122 156 156 142 124 140 114 138 138 154 152 112 112 134 134 134 150 149 149 133 139 163 151 151 153 165 137 137 139 155 155 155 153 121 115 143 159 123 141 167 147 169 157 143 159 171 167 167 147 169 157 173 159 171 161 167 167 132 157 125 146 145 161 127 167 168 128 162 146 145 126 158 131 168 168 162 172 160 174 158 170 148 168 168 172 160 144 158 170 148 168 142 124 160 144 116 122 154 156 156 156 140 138 138 166 154 152 152 164 140 134 150 150 165 149 149 163 163 163 151 151 165 137 175 139 171 155 177 153 165 175 175 175 171 177 177 153 175 175 143 159 171 179 177 177 169 173 173 173 179 179 179 177 169 157 162 179 179 161 158 170 169 157 162 180 180 161 158 170 178 180 180 180 174 174 174 170 178 178 180 172 160 144 176 176 154 178 178 172 176 176 176 166 154 178 156 172 140 176 138 166 152 152 164 164 164 150 150 166 181 149 163 163 183 183 185 151 181 181 183 183 183 185 185 153 165 181 181 183 171 187 185 185 165 181 189 189 187 187 187 185 173 173 191 189 189 189 187 187 169 191 191 191 189 161 192 192 191 191 162 190 192 192 192 170 188 188 190 190 190 192 174 174 186 188 188 188 190 190 182 166 186 186 188 172 184 182 182 166 154 186 186 184 184 184 182 182 152 186 184 184 164 164 150 182 

x184=6x8x23 
01 01 03 03 05 07 09 01 01 01 11 11 13 15 01 16 17 17 15 15 19 16 16 21 22 15 15 20 16 16 18 18 15 02 16 14 12 12 02 02 02 10 08 06 04 04 02 02 03 03 03 05 05 07 09 09 11 11 11 07 13 13 17 17 17 21 22 23 19 19 24 21 22 23 20 20 24 21 22 18 18 18 14 14 08 12 12 12 10 10 08 06 06 04 04 04 25 03 27 27 05 05 25 09 09 11 24 07 22 13 13 17 24 07 22 19 19 29 24 31 32 23 30 20 20 21 08 23 18 14 14 21 08 23 12 10 10 26 06 06 28 28 04 26 27 27 27 33 35 05 25 09 37 33 33 07 25 13 33 33 24 31 25 19 33 29 29 31 32 30 30 34 20 26 32 23 34 34 14 26 08 34 34 38 10 26 06 36 34 28 28 28 39 27 41 35 35 43 45 37 37 37 43 43 25 47 47 43 43 49 32 51 29 29 43 31 32 44 30 30 52 31 50 44 44 48 48 26 44 44 38 38 38 46 44 36 36 42 28 40 39 39 41 41 35 35 45 53 53 37 37 55 45 51 47 47 47 49 32 51 29 57 59 49 50 60 58 30 52 31 50 48 48 48 52 46 56 38 38 54 54 46 36 36 42 42 40 40 45 39 39 41 41 35 45 51 53 53 53 55 61 51 63 47 59 55 50 60 57 57 59 49 50 60 58 58 59 49 56 60 48 64 52 62 56 54 54 54 52 46 36 42 42 40 40 46 45 39 65 41 67 55 61 69 69 53 59 55 61 51 63 71 59 73 75 77 63 57 57 49 50 58 58 64 78 76 74 60 72 64 52 62 56 60 54 70 70 62 56 68 42 66 40 46 61 65 65 67 67 55 61 79 69 69 69 81 75 77 71 71 73 73 75 77 63 64 57 76 75 58 63 64 78 76 74 74 72 72 78 76 82 70 70 70 80 62 56 68 68 66 66 62 83 79 65 65 67 67 61 79 85 69 81 81 87 71 71 73 73 76 89 77 63 91 78 76 75 77 92 64 78 90 75 74 74 72 72 88 82 82 70 86 80 62 68 68 66 66 80 84 83 83 85 65 93 67 87 79 85 81 81 95 87 79 71 97 73 99 89 101 91 91 78 90 89 77 92 92 102 90 100 74 98 72 80 88 96 82 82 86 80 88 68 94 66 86 84 84 87 83 83 93 93 95 87 103 85 97 81 95 89 79 85 97 105 99 89 101 101 91 91 99 100 92 92 102 102 90 100 106 98 86 80 90 96 82 98 86 104 88 96 94 94 84 84 88 107 83 109 97 93 93 87 103 103 97 105 95 89 111 85 113 105 95 100 115 101 101 91 99 100 92 102 102 116 99 96 106 114 86 112 90 96 106 98 104 104 88 94 94 98 110 84 108 107 107 109 109 105 93 103 103 117 97 105 119 121 111 111 113 113 95 121 115 101 123 116 99 100 115 124 102 116 122 96 114 114 112 112 122 120 106 98 118 104 104 94 106 110 110 108 108 125 107 107 109 109 119 103 117 117 117 105 119 111 111 113 113 116 122 121 127 124 123 116 122 121 115 124 123 128 122 121 115 114 114 112 112 120 106 118 118 118 104 120 110 110 108 108 126 125 107 129 109 131 133 125 135 137 117 117 119 111 135 113 123 139 119 141 127 127 123 116 122 121 115 124 128 128 142 120 140 124 114 136 112 120 118 118 138 136 126 134 132 110 130 108 126 143 129 129 131 131 133 125 137 137 137 139 133 125 135 145 123 139 119 141 135 127 127 136 142 141 135 128 128 136 142 120 140 124 146 136 126 134 140 138 138 138 126 134 132 132 130 130 144 143 143 129 129 131 131 125 147 147 137 137 133 141 145 145 145 139 133 141 135 127 149 139 151 152 140 150 128 136 142 134 140 146 146 146 142 134 138 138 148 148 126 132 132 130 130 144 144 153 143 143 129 155 131 153 153 147 147 147 133 141 153 153 145 145 157 152 153 149 149 139 151 152 140 150 150 154 151 158 146 146 154 154 142 134 148 148 148 154 154 132 156 130 144 144 154 159 143 161 155 155 155 163 161 161 147 165 157 152 167 161 161 169 157 152 149 149 161 171 157 158 172 162 150 150 151 158 170 162 162 168 151 158 166 148 162 162 164 156 156 156 162 144 160 159 159 155 155 173 157 163 167 175 165 165 157 163 167 177 169 169 179 152 167 149 171 171 179 180 172 172 150 168 151 180 170 170 178 168 164 158 166 166 176 168 164 158 174 156 156 160 160 163 159 159 173 173 173 163 175 175 175 165 165 180 177 177 177 169 169 180 167 171 171 168 179 180 167 172 172 168 179 170 170 178 178 178 179 166 166 176 176 176 164 174 174 174 160 160 164 163 159 173 173 181 181 175 175 181 181 181 165 177 177 183 181 184 169 180 183 183 171 184 184 183 183 172 184 184 179 170 183 182 184 178 178 166 182 182 182 176 176 182 182 174 174 160 164 

x176=6x11x16 
01 03 05 05 07 07 01 03 03 05 05 05 03 03 09 11 05 13 03 09 09 11 11 13 09 09 11 11 15 17 19 09 11 12 10 20 18 16 12 12 10 10 14 12 12 10 10 04 14 06 12 10 04 04 06 06 06 04 04 02 08 08 06 06 04 02 21 21 07 07 07 13 01 21 21 21 23 13 01 25 21 23 23 13 01 27 23 23 15 17 19 27 29 23 15 17 19 16 29 30 15 20 18 16 24 30 28 20 18 16 24 24 28 02 14 24 24 22 26 02 14 24 22 22 22 02 14 08 08 08 22 22 31 33 33 07 35 35 37 25 35 35 35 13 01 25 39 35 15 17 41 25 43 30 15 17 45 27 47 30 28 20 19 27 29 30 28 20 19 27 29 48 28 46 18 16 29 44 26 42 18 16 36 40 26 02 14 36 36 36 26 38 36 36 08 34 34 32 31 31 33 33 33 49 37 37 51 51 49 49 41 39 39 49 49 53 41 25 43 43 49 17 45 25 47 30 55 20 45 27 47 48 28 46 19 56 29 48 26 46 18 50 44 44 26 42 54 50 50 40 40 42 50 50 52 52 38 38 50 34 34 34 32 32 57 31 31 33 59 61 63 37 37 51 51 51 63 63 39 39 65 53 41 63 63 43 43 53 41 63 67 48 55 46 45 56 47 48 55 46 45 56 47 68 64 42 54 44 44 64 64 42 54 66 40 40 64 64 52 52 52 38 38 64 62 60 34 32 32 58 57 31 69 59 59 61 57 37 71 71 51 61 71 71 71 39 65 65 73 71 75 43 55 53 41 67 67 67 55 53 45 77 47 48 78 46 54 56 68 68 68 42 54 56 44 76 72 74 66 66 40 72 72 72 62 52 72 72 38 58 62 60 60 70 32 58 79 79 69 69 59 59 57 79 79 79 81 61 57 83 79 65 65 61 73 75 75 75 55 53 73 77 85 67 67 87 89 77 91 92 78 90 88 68 68 86 78 74 54 56 76 76 76 74 62 66 66 80 84 58 62 82 80 80 80 58 60 60 70 70 80 80 93 93 95 69 69 59 57 93 93 93 81 61 73 83 93 65 81 97 73 83 85 75 75 87 89 99 85 92 78 87 89 77 91 92 78 90 88 77 91 86 100 90 88 76 76 86 84 74 98 82 66 94 84 74 62 82 94 94 94 58 60 70 70 96 94 94 101 95 95 69 103 103 105 83 103 103 103 107 73 83 109 103 81 97 89 111 111 92 81 97 89 99 85 92 78 87 88 99 85 86 100 87 88 77 91 86 100 90 98 82 91 112 112 90 98 82 104 110 84 74 108 104 104 104 84 106 104 104 70 96 96 102 101 101 95 95 113 113 105 83 113 113 113 107 105 109 109 113 81 107 115 117 111 111 111 97 89 119 119 92 100 97 88 99 85 86 100 87 98 99 91 120 120 90 98 112 112 112 118 116 108 82 114 110 110 106 108 114 114 114 84 106 114 114 96 96 102 102 105 101 101 95 121 107 105 123 125 125 127 107 109 109 129 125 125 125 115 117 131 111 125 97 115 117 119 119 119 133 135 99 137 138 100 136 134 120 120 120 118 116 98 126 112 132 118 116 126 126 126 130 110 110 108 128 126 126 124 106 108 122 96 102 102 106 105 101 139 121 121 107 123 123 123 127 127 141 115 109 129 129 141 141 115 131 131 141 141 133 135 117 137 119 141 133 135 117 137 138 118 136 134 142 120 138 118 136 134 142 142 132 132 116 142 142 130 130 110 116 142 128 128 124 124 124 108 122 122 140 102 106 143 139 139 139 121 121 143 143 123 123 127 127 115 143 143 129 129 133 145 143 131 131 147 133 149 117 151 138 147 136 135 153 137 138 154 136 135 148 137 152 118 150 134 148 132 132 144 146 134 130 130 144 144 116 128 128 124 124 144 144 122 122 140 140 140 144 155 155 157 139 139 121 159 155 155 155 147 127 145 161 155 129 147 163 145 161 151 131 147 133 149 153 151 138 154 136 149 153 151 152 154 150 135 153 137 152 154 150 134 148 132 152 162 146 164 148 130 156 162 146 128 148 156 156 156 160 122 140 140 158 156 156 159 157 157 157 165 165 159 167 165 165 165 163 159 167 167 165 147 163 145 161 167 167 154 163 145 161 167 152 154 150 149 161 151 152 162 150 149 153 151 168 162 146 164 153 168 168 162 146 164 148 166 168 168 160 164 166 166 166 168 160 166 166 158 158 158 160 157 157 169 169 171 163 169 169 169 171 171 163 159 169 173 175 171 171 159 173 173 175 175 171 145 161 173 173 175 175 149 176 174 173 175 150 176 176 174 174 162 146 172 176 176 174 174 160 172 172 176 174 170 160 164 172 172 170 170 170 164 172 170 170 158 158 

x156=6x12x13 
01 03 03 05 05 07 09 05 05 05 07 07 11 13 05 07 07 15 11 13 13 17 07 15 13 13 19 19 21 23 13 20 25 19 19 19 20 20 20 26 19 14 24 22 20 20 14 14 16 08 18 14 14 12 16 08 08 06 14 12 08 08 06 06 06 10 08 06 06 04 04 02 01 01 03 03 03 15 09 09 27 27 29 15 27 27 27 17 31 15 11 27 33 17 21 23 11 33 33 33 21 23 11 25 25 33 33 23 24 34 34 26 26 12 24 22 34 34 34 12 24 22 18 34 28 12 16 32 18 28 28 28 16 30 28 28 10 10 16 04 04 04 02 02 35 01 01 03 37 39 35 09 09 29 29 15 41 43 45 47 31 23 41 41 45 17 31 23 11 41 41 17 21 49 51 41 25 25 21 49 50 22 26 26 42 52 50 22 18 42 42 12 24 32 18 46 42 42 24 32 48 46 44 42 16 30 30 10 10 36 40 38 04 02 02 36 53 01 55 37 37 39 35 09 29 29 31 39 35 43 43 47 31 49 35 57 45 47 59 49 61 57 45 17 63 49 51 51 45 25 21 65 66 22 26 46 52 52 50 64 18 46 58 62 50 60 48 46 58 36 50 32 48 44 44 36 40 32 30 30 10 36 40 38 38 56 02 54 53 55 55 55 37 37 53 57 67 29 31 39 35 57 43 43 59 39 69 57 71 47 59 49 61 73 45 47 63 65 61 51 51 75 63 65 66 64 76 52 52 62 66 64 48 46 74 62 50 60 48 72 58 70 40 60 44 44 58 36 40 32 30 68 58 54 38 38 56 56 56 54 55 55 77 77 79 37 53 67 67 67 59 39 53 57 43 81 59 83 69 73 71 47 63 65 69 73 71 75 63 65 61 51 76 75 85 62 61 86 76 75 52 62 66 64 76 72 74 70 66 64 48 72 74 70 84 60 82 44 58 54 40 60 68 68 68 54 38 80 78 78 56 56 77 77 77 79 79 79 53 87 87 67 67 89 69 91 71 81 59 83 69 93 71 81 63 83 95 73 76 97 85 65 61 73 76 97 85 99 100 86 98 75 74 62 66 86 98 75 74 96 84 64 82 72 94 70 84 60 82 72 92 70 90 68 68 88 88 54 80 80 80 78 78 78 101 77 79 79 103 103 105 91 87 87 87 89 69 91 71 107 109 89 95 93 111 81 85 83 95 93 98 81 85 83 100 73 98 97 113 99 100 114 98 97 74 99 84 86 82 97 94 96 84 86 82 112 94 96 90 110 108 72 92 70 90 88 88 88 92 106 104 104 80 80 78 102 101 101 103 103 103 89 105 115 117 87 109 89 105 91 107 107 109 119 121 91 111 81 109 83 95 93 111 123 85 99 95 93 98 113 113 99 100 114 114 97 94 96 100 86 124 112 94 96 84 110 82 112 92 122 120 110 108 108 92 106 90 110 88 118 116 106 90 104 104 104 102 102 105 101 101 103 125 89 105 115 117 117 127 119 121 115 111 107 107 119 121 91 111 123 109 119 121 93 129 123 109 99 95 131 133 123 113 113 114 114 124 134 132 96 100 110 124 130 94 122 120 110 124 112 92 122 120 108 108 112 116 122 120 128 118 118 116 106 90 126 104 102 102 106 105 101 135 125 125 119 137 117 117 127 127 119 139 115 111 123 107 141 139 115 129 123 141 141 121 131 129 141 141 143 121 131 133 133 141 113 114 142 134 134 132 122 144 142 142 130 132 122 142 142 124 130 116 140 142 108 124 112 116 140 120 128 128 118 118 138 120 126 126 136 102 106 137 135 135 135 125 125 137 117 145 145 127 127 137 115 129 145 145 145 139 131 129 147 145 143 139 131 147 147 147 143 139 147 147 133 133 143 144 134 134 148 148 140 144 148 148 148 132 140 144 146 148 130 132 140 146 146 146 130 116 138 128 128 146 146 118 138 126 126 136 136 136 138 149 151 151 135 135 125 149 149 151 151 151 127 137 149 149 151 153 143 137 149 129 153 153 143 139 131 155 155 153 153 155 155 155 133 156 153 154 155 134 156 156 156 154 154 156 156 132 140 144 154 154 130 150 138 144 154 152 150 150 138 128 152 152 152 150 150 126 136 136 152 152 150 

Possible?
6x9x22+
7x8x24+
6x10x20+


##
###
 #
x456=6x12x38 
01 01 03 03 05 05 01 01 01 05 05 05 07 01 09 09 05 11 07 09 09 09 13 11 15 17 09 13 13 13 15 17 19 20 13 13 14 14 19 20 18 16 14 14 14 10 18 16 12 14 10 10 10 08 12 06 10 10 02 08 06 06 06 02 02 02 06 06 04 04 02 02 21 21 03 03 03 23 07 25 25 27 27 23 07 29 27 27 27 11 07 29 31 27 33 11 15 17 19 35 33 11 15 17 19 20 18 16 15 17 19 20 18 16 12 34 36 20 18 16 12 34 28 32 30 08 12 28 28 28 30 08 24 28 28 26 26 08 24 04 04 04 22 22 21 21 21 03 37 23 25 25 25 39 41 23 07 29 31 39 41 23 43 29 31 35 33 11 43 29 31 35 33 45 15 17 19 35 33 45 46 34 36 20 18 16 46 34 36 32 30 44 12 34 36 32 30 44 24 42 40 32 30 08 24 42 40 26 26 26 24 38 04 22 22 22 47 21 49 37 37 37 47 25 49 39 41 23 43 51 31 39 41 53 43 29 31 39 41 45 43 55 55 35 33 45 55 55 55 35 56 45 46 55 36 56 56 56 46 34 36 56 56 44 46 42 40 32 30 44 54 42 40 32 52 44 24 42 40 50 26 48 38 38 38 50 22 48 47 57 49 59 37 37 47 51 49 59 61 53 47 51 49 39 41 53 43 51 63 65 65 53 67 69 65 65 65 45 69 69 69 65 70 70 69 69 66 70 70 70 46 66 66 66 70 68 54 66 66 64 52 44 54 42 40 50 52 48 54 62 60 50 52 48 38 38 60 50 58 48 57 57 57 59 61 71 47 51 49 59 61 71 73 51 63 59 61 53 67 75 63 77 79 53 67 75 63 81 81 83 67 82 85 81 81 81 82 82 82 86 81 68 84 82 82 64 76 68 54 80 78 64 76 68 54 62 60 64 52 74 72 62 60 50 52 48 72 62 60 58 58 58 57 57 87 87 61 71 73 89 89 59 61 71 73 75 63 77 79 71 73 75 63 77 79 83 67 75 85 77 79 83 67 91 85 86 92 83 84 91 85 86 92 68 84 80 78 86 76 68 84 80 78 64 76 74 72 80 78 64 76 74 72 62 60 90 90 74 72 62 88 88 58 58 93 87 87 87 95 95 93 89 89 89 97 71 73 99 101 103 97 105 73 75 101 77 79 105 107 91 85 77 79 83 107 91 85 109 92 83 84 91 110 86 92 108 84 80 78 86 92 108 106 80 78 102 76 74 106 98 104 102 100 74 72 98 90 90 90 94 96 96 88 88 88 94 93 111 87 95 95 95 93 99 89 103 97 113 93 99 101 103 97 105 115 99 101 103 97 105 107 117 101 109 119 105 107 91 110 109 119 108 107 120 110 109 92 108 106 120 110 102 118 108 106 98 104 102 100 116 106 98 104 102 100 94 114 98 104 90 100 94 96 96 96 88 112 94 111 111 111 121 95 113 93 99 123 121 125 113 115 99 123 103 97 113 115 117 101 103 119 105 115 117 127 129 119 131 107 117 110 109 119 131 132 120 110 109 118 108 132 120 130 128 118 116 106 120 104 102 118 116 114 98 104 124 100 116 114 126 122 124 100 94 114 96 122 112 112 112 111 111 123 121 125 113 133 135 123 121 125 113 115 135 123 121 125 137 115 117 127 129 139 137 141 117 127 129 119 131 132 143 127 129 144 131 132 143 130 128 144 131 132 120 130 128 118 142 138 140 130 128 118 116 138 126 122 124 136 116 114 126 122 124 136 134 114 126 122 124 112 112 133 135 145 145 125 147 133 135 123 121 125 147 133 135 149 151 139 137 141 153 127 129 139 137 141 143 127 129 139 137 141 143 155 155 144 131 132 143 156 156 144 142 138 140 130 128 144 142 138 140 130 128 154 142 138 140 152 150 136 134 148 126 122 124 136 134 148 126 146 146 136 134 133 145 145 145 157 147 133 135 149 151 159 147 161 153 149 151 159 147 161 153 149 151 139 137 141 153 163 163 139 165 141 143 155 155 155 165 166 156 156 156 144 142 166 140 164 164 154 142 138 140 152 150 154 162 148 160 152 150 154 162 148 160 152 150 136 134 148 158 146 146 146 134 167 167 145 157 157 157 167 167 167 151 159 147 161 167 149 151 159 169 161 153 149 171 159 165 161 153 163 163 163 165 173 175 177 155 176 165 166 175 156 178 176 174 166 164 164 164 154 162 166 160 172 150 154 162 170 160 152 150 168 162 148 160 152 168 168 168 158 158 158 146 168 168 179 179 181 181 157 157 183 183 181 181 181 169 183 183 183 181 159 169 161 183 171 171 171 169 173 175 177 163 185 165 173 175 177 178 176 174 173 175 177 178 176 174 166 186 164 178 176 174 170 172 172 172 184 162 170 160 182 184 184 184 170 182 182 182 184 184 158 158 182 182 180 180 179 179 179 187 189 189 191 193 187 187 187 169 193 193 193 187 187 169 193 193 171 171 185 195 197 199 201 203 185 195 173 175 177 178 185 174 173 186 177 178 176 174 196 186 204 202 200 198 196 186 172 172 194 194 170 188 188 194 194 194 170 188 188 188 194 192 190 190 188 180 180 180 191 179 205 189 189 189 191 205 205 205 207 207 191 205 205 207 207 207 197 199 201 203 207 195 197 199 201 203 185 195 197 199 201 203 185 195 196 186 204 202 200 198 196 186 204 202 200 198 196 208 204 202 200 198 208 208 208 206 206 192 208 208 206 206 206 192 190 190 190 206 180 192 209 209 211 211 189 213 191 211 211 211 215 213 191 217 211 215 215 215 219 199 201 203 215 215 197 199 201 203 221 195 197 222 222 221 221 221 222 222 222 221 221 198 196 222 204 202 200 198 216 216 204 202 200 220 216 216 216 212 218 192 214 216 212 212 212 192 214 190 212 212 210 210 209 209 209 223 225 213 227 217 223 223 223 213 219 217 223 223 229 213 219 217 231 231 229 233 219 235 231 231 231 233 235 235 235 231 236 236 235 235 232 236 236 236 234 232 232 232 236 220 234 230 232 232 218 220 214 230 224 224 218 220 214 224 224 224 218 228 214 226 224 210 210 210 227 209 237 225 225 225 227 237 237 237 229 213 227 217 237 237 229 233 219 217 239 239 229 233 219 239 239 239 241 233 242 242 239 241 241 241 242 242 242 240 241 241 234 242 240 240 240 220 234 230 240 240 218 220 234 230 238 238 218 228 214 230 238 238 238 228 226 226 226 238 210 228 227 243 245 245 225 225 227 247 245 245 245 249 247 247 247 245 229 249 247 247 251 253 255 233 257 259 251 253 255 261 259 259 259 260 260 261 262 259 259 260 260 260 262 256 254 252 260 258 234 256 254 252 248 248 250 230 246 248 248 248 250 246 246 246 248 228 226 226 246 246 244 228 243 243 243 263 265 249 267 267 263 263 263 249 267 267 267 263 263 249 257 267 251 253 255 261 257 269 251 253 255 261 257 269 251 253 255 261 262 256 254 252 270 258 262 256 254 252 270 258 262 256 254 252 268 258 250 264 264 268 268 268 250 264 264 264 268 268 250 266 264 244 244 244 243 243 271 265 265 265 273 271 271 271 275 249 273 271 271 275 275 275 257 269 277 277 275 275 257 269 251 253 255 261 279 269 281 282 283 280 279 284 281 282 270 280 262 256 254 252 270 258 276 276 278 278 270 258 276 276 276 272 272 274 250 276 272 272 272 274 266 266 266 272 244 244 285 285 287 287 265 265 273 287 287 287 289 289 273 291 287 289 289 289 273 277 277 277 289 293 295 269 297 282 283 280 279 284 281 282 283 280 279 284 281 282 283 280 279 284 281 298 270 296 294 290 278 278 278 274 290 290 290 288 292 274 290 290 288 288 288 274 266 266 288 288 286 286 285 285 285 299 301 301 303 291 305 301 301 301 273 291 305 307 301 293 295 291 277 307 309 293 295 297 297 297 309 293 295 284 311 282 283 280 279 284 281 312 283 296 294 310 298 298 298 296 294 310 308 278 292 296 294 302 308 306 292 274 302 302 302 306 292 304 302 302 300 286 286 286 303 285 299 299 299 313 303 291 305 307 315 313 303 291 305 307 309 293 317 319 305 307 309 293 295 319 297 297 309 321 295 311 311 311 323 321 322 324 312 312 312 296 322 310 298 298 320 296 294 310 308 306 320 318 294 310 308 306 292 304 314 316 308 306 292 304 314 300 300 300 286 304 303 325 299 299 315 313 303 325 327 329 315 313 317 319 305 307 315 313 317 319 331 333 309 321 317 319 331 333 323 321 335 324 311 311 323 321 322 324 312 312 323 336 322 324 334 332 320 318 322 310 334 332 320 318 314 316 308 306 320 318 314 316 330 328 326 304 314 316 300 300 326 304 337 325 327 329 339 339 337 325 327 329 315 313 317 325 327 329 315 341 317 319 331 333 343 341 335 345 331 333 343 321 335 324 331 333 323 336 335 324 334 332 323 336 322 344 334 332 346 336 342 344 334 332 320 318 342 316 330 328 326 318 314 316 330 328 326 338 340 340 330 328 326 338 337 347 327 339 339 339 337 325 327 329 349 351 337 353 355 329 349 341 357 345 355 359 343 341 335 345 331 333 343 341 335 345 361 362 343 363 364 344 361 362 346 336 342 344 334 332 346 336 342 344 360 356 346 358 342 350 330 356 354 338 352 350 330 328 326 338 340 340 340 328 348 338 347 347 347 365 339 351 337 353 355 367 349 351 357 353 355 359 349 351 357 353 355 359 349 341 357 345 361 359 343 363 364 345 361 362 369 363 364 370 361 362 346 363 364 344 360 362 346 358 342 350 360 356 354 358 352 350 360 356 354 358 352 350 368 356 354 338 352 340 366 348 348 348 347 347 365 365 365 351 371 353 367 367 367 351 357 353 355 359 349 373 357 375 377 359 379 373 381 375 377 383 369 363 381 370 361 383 369 363 364 370 384 362 369 382 364 370 384 378 376 382 374 380 360 378 376 358 374 350 360 356 354 358 352 368 368 368 354 372 352 366 366 366 348 348 371 385 365 365 387 387 371 385 389 367 367 373 371 375 377 391 379 373 381 375 377 391 379 373 381 375 377 383 379 393 381 370 384 383 369 393 394 370 384 383 369 382 394 380 384 378 376 382 374 380 392 378 376 382 374 380 392 378 376 372 374 368 368 390 386 372 388 388 366 366 386 372 371 385 389 387 387 387 371 385 389 395 397 399 401 385 389 391 397 373 401 375 377 391 379 393 381 403 403 391 379 393 403 403 403 383 404 393 394 403 384 404 404 404 394 380 392 404 404 382 394 380 392 378 376 402 374 398 392 390 386 402 400 398 396 390 386 372 388 388 388 390 386 372 405 405 389 395 387 399 401 385 389 395 397 399 401 407 409 395 397 399 401 411 411 391 397 413 415 411 411 411 417 393 418 418 411 417 417 417 418 418 418 412 417 417 394 418 412 412 412 416 414 398 392 412 412 402 400 398 396 410 408 402 400 398 396 390 386 402 400 388 396 390 406 406 405 405 405 395 419 399 421 407 409 395 423 399 401 407 409 425 397 413 415 407 409 425 427 413 415 429 431 433 433 413 415 434 431 433 433 433 434 434 434 432 433 416 414 434 434 432 430 416 414 428 426 410 408 416 414 398 426 410 408 402 400 424 396 410 408 422 400 420 396 406 406 406 421 405 435 419 419 419 421 407 409 423 423 423 421 407 409 425 427 437 439 429 431 425 427 413 415 429 431 425 427 413 415 429 431 441 443 445 446 444 442 432 430 416 414 428 426 432 430 416 414 428 426 432 430 440 438 428 426 410 408 422 424 424 424 410 408 422 420 420 420 436 406 422 421 435 435 435 419 419 421 447 447 423 423 437 439 447 447 447 427 437 439 429 447 425 427 437 439 429 431 441 443 445 446 444 442 441 443 445 446 444 442 441 443 445 446 444 442 432 430 440 438 428 426 448 430 440 438 428 448 448 448 440 438 424 424 448 448 422 420 420 436 436 436 422 449 449 435 435 451 451 449 449 449 451 451 451 439 449 453 453 451 437 439 455 453 453 453 437 455 455 455 453 443 445 455 455 442 441 443 445 446 444 442 441 456 456 446 444 454 456 456 456 438 454 454 454 456 440 438 452 454 454 450 440 452 452 452 450 450 450 452 452 436 436 450 450 

x400=8x10x30 
01 01 03 03 05 05 07 07 01 01 01 09 09 07 07 07 11 01 13 13 15 15 07 17 11 19 21 21 15 15 15 17 19 19 19 23 23 15 20 20 19 19 16 24 24 20 20 20 18 16 16 16 22 22 20 12 18 08 16 16 14 14 02 12 08 08 08 10 10 02 02 02 08 08 06 06 04 04 02 02 25 03 03 03 05 05 05 27 25 29 29 09 09 09 31 27 11 13 13 13 33 33 31 17 11 21 21 21 33 33 33 17 11 35 23 23 23 33 36 17 18 35 34 24 24 24 36 12 18 34 34 34 22 22 22 12 18 32 34 34 14 14 14 12 28 32 10 10 10 30 30 26 28 06 06 06 04 04 04 26 25 37 03 39 39 05 31 27 25 29 29 29 09 41 31 27 25 43 13 45 47 41 31 27 11 43 21 47 47 47 36 17 49 35 51 23 47 47 36 50 49 35 48 48 24 52 36 50 18 35 48 48 48 22 44 12 28 32 42 48 46 14 44 26 28 32 42 10 30 30 30 26 28 32 06 40 40 04 38 26 37 37 37 39 39 39 53 53 25 43 29 55 55 41 31 27 57 43 45 45 45 41 59 61 57 43 51 63 63 41 59 50 49 65 51 67 67 52 36 50 49 35 51 68 68 52 66 50 49 60 42 64 64 52 44 58 62 60 42 46 46 46 44 58 28 32 42 56 56 30 44 26 54 54 40 40 40 38 38 38 37 37 69 69 39 53 53 53 57 71 71 55 55 55 59 61 57 43 45 45 73 41 59 61 57 65 51 63 63 63 59 61 75 65 51 67 67 67 66 50 49 65 68 68 68 52 66 76 62 60 64 64 64 52 66 58 62 60 42 74 46 46 44 58 62 60 56 56 56 72 72 58 54 54 54 40 70 70 38 38 77 69 69 69 79 79 53 81 77 71 71 71 55 83 83 81 57 85 87 73 73 73 59 61 75 87 87 87 63 89 89 61 75 65 87 87 67 91 66 76 75 65 92 68 88 88 66 76 62 90 90 64 88 88 88 76 62 60 74 74 74 88 86 58 82 84 84 56 72 72 72 78 82 54 80 80 70 70 70 78 77 93 69 79 79 79 95 81 77 85 71 97 83 83 83 81 77 85 99 99 73 73 101 81 75 85 99 99 99 89 89 89 75 103 103 99 91 91 91 105 106 92 92 92 100 104 104 76 90 90 90 100 100 100 86 76 82 102 74 74 100 100 86 78 82 84 84 84 98 72 86 78 82 96 80 80 80 70 94 78 93 93 93 107 79 95 95 95 77 85 97 97 97 83 109 81 111 85 113 115 115 101 101 101 111 117 117 115 115 115 89 105 106 103 103 103 115 91 91 105 106 92 92 116 104 104 104 105 106 90 116 116 116 118 118 112 102 102 102 116 116 114 86 112 82 110 84 98 98 98 86 78 96 96 96 80 108 94 94 94 93 93 107 107 107 119 95 95 111 121 121 97 97 109 109 109 111 113 113 113 123 125 101 101 111 117 117 117 125 125 125 127 106 129 103 131 125 125 130 105 106 129 126 126 132 104 130 105 128 126 126 126 118 118 118 112 102 102 126 124 114 114 114 112 110 110 110 98 98 122 122 112 96 96 120 108 108 108 94 94 133 133 107 107 119 119 119 135 121 121 121 137 123 109 109 135 111 139 113 113 123 141 143 127 145 139 117 131 123 141 130 127 145 129 147 131 132 148 130 127 128 129 147 131 132 148 130 146 128 129 142 124 132 118 140 146 128 144 142 124 114 114 140 112 136 110 110 124 138 122 122 122 136 120 120 120 108 108 134 134 133 133 133 149 119 119 151 135 153 121 137 137 137 141 143 135 145 139 155 155 123 141 143 135 145 139 147 157 123 141 143 127 145 139 147 131 132 148 130 127 128 129 147 131 132 148 140 146 128 144 142 124 158 148 140 146 136 144 142 124 156 156 140 146 136 144 142 138 138 138 122 154 136 152 120 120 150 134 134 134 153 133 149 149 149 151 151 151 153 159 161 137 137 163 143 135 153 159 155 155 155 141 143 165 145 139 157 157 157 167 169 165 170 170 147 171 172 169 169 169 170 170 170 171 172 148 169 169 166 170 168 158 158 158 140 146 166 144 142 156 156 156 160 154 136 144 164 138 138 162 160 154 152 152 152 150 150 150 134 154 153 159 161 149 149 173 151 151 153 159 161 175 163 163 163 165 177 159 161 155 179 167 181 165 183 183 157 157 172 167 181 165 183 183 183 171 172 167 184 185 186 183 168 171 172 184 184 184 166 182 168 171 158 158 184 184 166 182 168 180 156 162 160 178 166 164 164 164 176 162 160 154 152 152 174 150 150 162 160 154 187 187 161 175 173 173 173 189 177 159 161 175 179 163 163 189 177 191 193 175 179 195 181 165 177 193 193 193 179 167 181 185 186 197 193 193 172 167 181 185 186 182 168 171 194 194 198 185 186 182 168 180 194 194 194 178 166 182 196 180 176 194 192 178 190 164 164 180 176 162 160 178 190 174 174 174 176 162 188 188 187 187 187 175 173 173 199 189 201 191 203 175 179 195 205 189 177 191 203 207 179 195 205 189 177 191 207 207 207 195 181 185 197 197 197 207 207 209 209 185 186 210 210 208 208 198 198 198 186 182 196 208 208 208 192 178 190 206 196 180 208 204 192 178 190 206 196 180 176 204 192 202 190 200 174 174 176 188 188 188 201 187 211 211 213 199 199 199 201 191 203 215 213 195 205 189 201 191 203 215 217 195 205 219 221 223 203 217 217 217 205 219 221 197 197 217 217 209 209 209 210 210 210 218 218 198 198 222 220 206 218 218 218 204 224 222 220 206 196 218 216 204 192 202 190 206 196 214 216 204 192 202 200 200 200 214 212 212 188 202 201 211 211 211 213 225 199 199 201 227 227 215 213 225 229 219 231 223 203 215 213 233 205 219 221 223 235 215 233 233 233 219 221 223 235 237 233 233 209 222 221 210 234 234 238 236 224 222 220 234 234 234 216 236 224 222 220 206 234 214 216 204 224 232 220 230 226 214 216 228 228 202 200 200 226 214 212 212 212 202 239 239 211 241 241 225 229 243 231 227 227 227 213 225 229 243 231 223 235 215 245 225 229 219 231 223 235 237 247 247 249 249 221 250 235 237 238 249 249 249 250 250 250 237 238 236 249 222 250 250 248 248 238 236 224 232 220 230 226 246 216 236 224 232 244 230 226 214 228 228 228 232 244 230 226 242 242 212 240 240 239 239 239 241 241 241 251 243 253 255 227 257 257 225 229 243 231 255 259 245 245 245 229 243 231 261 235 247 247 247 263 265 261 261 261 237 238 267 262 262 261 261 268 237 238 262 262 262 266 264 248 248 248 236 262 232 244 230 246 246 246 260 256 232 244 230 226 258 258 228 256 254 244 252 242 242 242 240 240 240 253 239 269 269 241 251 251 251 253 255 259 257 257 257 271 243 253 255 259 273 245 245 263 265 275 255 259 273 247 267 263 265 275 277 268 279 280 267 263 265 266 264 268 279 280 267 278 276 266 264 268 248 274 260 256 276 266 264 246 246 274 260 256 254 244 272 258 258 258 260 256 254 252 252 252 242 270 270 240 254 253 269 269 269 281 281 251 251 253 283 283 273 257 271 271 271 275 255 259 273 285 285 263 287 275 277 259 273 280 289 263 265 275 277 268 279 280 267 278 265 266 277 268 279 280 267 278 276 266 264 290 279 274 260 278 276 288 264 286 286 274 260 256 276 272 272 272 258 274 284 284 254 252 252 282 282 270 270 270 254 291 291 269 281 281 281 293 293 283 283 283 295 295 271 271 287 297 297 299 273 285 285 285 287 275 299 299 299 289 289 289 287 301 277 299 299 280 303 278 302 301 277 304 279 300 300 278 302 288 290 290 290 300 300 300 276 288 286 286 286 274 300 298 298 288 272 272 296 296 284 284 284 294 294 282 282 282 270 292 292 291 291 291 305 281 293 293 293 307 283 309 295 295 295 311 313 297 297 297 315 315 285 311 287 301 317 315 315 315 289 289 287 301 319 319 315 303 303 303 302 301 304 304 304 316 320 320 302 288 290 290 316 316 316 318 302 288 312 286 316 316 298 298 298 314 312 296 296 296 310 284 308 294 294 294 282 306 292 292 292 307 291 305 305 305 321 293 313 307 309 309 309 295 323 311 313 307 297 325 325 327 327 311 313 317 317 317 327 327 327 311 329 301 319 319 319 327 303 303 329 330 304 304 328 320 320 320 302 330 312 328 328 328 318 318 318 314 312 328 328 326 326 298 308 314 312 324 296 310 310 310 308 314 294 322 306 306 306 292 308 307 331 305 305 321 321 321 313 307 309 309 333 323 323 323 313 335 337 325 325 325 339 311 341 335 317 317 343 339 339 339 329 330 345 319 347 339 339 346 329 330 345 340 340 348 320 346 329 330 340 340 340 344 318 318 336 342 312 340 326 326 326 338 336 314 324 324 324 334 310 310 308 314 322 322 322 306 306 332 308 331 331 331 349 321 321 351 351 335 337 333 333 333 323 323 341 335 337 353 325 355 355 357 341 335 337 343 343 343 359 346 341 361 345 347 347 347 359 346 329 330 345 360 348 348 348 346 362 342 345 360 344 344 344 338 336 342 358 356 356 326 354 338 336 342 324 324 334 334 334 338 336 352 352 322 322 350 332 332 332 331 331 349 349 349 351 351 351 363 365 353 333 333 367 357 369 335 337 353 355 355 355 357 341 361 337 353 343 343 359 357 341 361 371 360 347 347 359 346 362 361 345 360 348 348 359 372 362 342 358 360 344 344 354 338 362 342 358 356 356 356 354 338 336 370 358 368 334 334 354 366 364 352 352 352 350 350 350 332 332 363 365 373 349 349 375 351 369 363 365 353 377 367 367 367 369 363 365 353 379 355 381 357 369 383 371 379 379 379 385 357 387 361 371 379 379 389 359 372 362 361 371 360 390 380 380 372 362 388 358 386 380 380 380 372 384 370 358 382 356 380 354 366 364 370 368 368 368 378 354 366 364 370 352 376 350 350 374 366 364 363 373 373 373 375 375 375 369 363 365 377 377 377 367 367 369 383 365 391 391 381 381 381 387 383 391 391 391 385 385 385 387 383 371 391 389 389 389 372 387 388 371 390 390 390 392 372 384 388 386 386 386 392 392 392 384 388 382 382 382 392 392 366 384 370 368 368 378 378 378 366 364 370 376 376 376 374 374 374 364 393 393 373 373 375 375 395 395 393 393 393 377 377 395 395 395 383 393 397 397 381 381 395 387 383 397 397 397 385 385 399 387 400 400 397 389 389 399 399 399 400 400 400 390 390 398 399 399 388 400 386 386 398 398 398 384 388 396 382 382 398 398 394 384 396 396 396 378 378 394 394 394 396 396 376 376 374 374 394 394 

x352=8x11x24 
01 03 03 05 05 07 09 09 01 11 05 05 05 09 09 09 11 11 11 05 13 13 09 15 11 11 17 17 13 13 13 15 19 21 17 17 17 13 22 22 21 21 21 17 18 22 22 22 21 21 14 18 18 18 22 20 16 14 14 14 18 18 12 12 16 10 14 14 06 12 12 12 10 10 10 06 06 06 12 02 10 10 08 06 06 04 04 02 01 03 03 03 07 07 07 23 01 25 25 27 27 29 29 23 01 31 27 27 27 33 33 15 19 31 35 27 37 37 39 15 19 41 41 43 43 42 39 15 19 41 41 41 42 42 42 20 16 40 41 44 44 42 42 20 16 40 38 38 28 36 32 20 16 34 34 28 28 28 32 02 24 30 30 28 28 26 26 02 24 08 08 08 04 04 04 02 45 45 03 47 47 07 07 23 01 25 25 25 29 29 29 23 49 31 35 51 33 33 33 23 49 31 35 37 37 37 39 15 19 31 35 43 43 43 39 53 19 40 55 55 56 56 39 20 54 40 44 44 44 36 32 20 16 40 38 38 38 36 32 50 24 34 34 34 52 36 32 50 24 30 30 30 26 26 26 02 24 08 08 48 48 04 46 46 45 45 45 47 47 47 57 57 59 61 25 63 63 29 65 23 49 61 51 51 51 33 67 67 49 31 35 69 37 71 71 53 49 73 35 69 43 75 39 53 54 55 55 55 56 56 56 53 54 40 76 44 70 36 74 50 54 72 72 38 70 36 32 50 68 68 34 52 52 52 62 50 24 66 30 64 64 26 62 60 58 58 48 48 48 46 46 46 59 45 77 77 47 57 57 57 59 61 63 63 63 65 65 65 59 61 79 51 51 67 67 67 49 61 79 69 71 71 71 81 73 73 73 69 75 75 75 53 54 83 55 69 70 56 84 53 54 76 76 76 70 74 74 74 82 72 72 72 70 80 62 50 68 68 68 52 52 80 62 60 66 66 66 64 64 64 62 60 58 58 58 48 78 78 46 60 59 85 77 77 77 87 57 89 59 91 91 63 93 65 65 89 95 61 79 93 93 93 67 81 95 97 79 93 93 71 99 81 73 73 79 69 75 75 99 81 83 83 83 101 102 84 84 84 82 100 76 76 70 80 74 74 82 100 72 94 94 80 98 96 82 68 94 94 94 80 62 96 90 66 66 94 64 92 92 60 90 58 88 78 78 78 86 60 85 85 85 77 87 87 87 89 103 91 91 91 105 107 107 89 95 97 109 105 105 105 99 89 95 97 79 105 105 111 99 81 95 97 113 101 102 111 99 81 115 83 83 101 102 84 84 116 82 100 112 101 102 114 98 96 82 100 112 106 106 80 98 96 90 100 106 106 106 110 98 96 90 108 108 106 92 92 92 104 90 88 88 88 78 86 86 86 103 85 85 117 87 87 119 119 103 121 91 123 107 107 107 89 103 109 109 109 125 111 127 129 95 97 113 131 125 111 99 129 115 97 113 131 102 111 133 116 115 134 113 101 102 114 133 116 115 134 112 101 132 114 98 116 130 100 112 126 132 114 98 96 130 128 112 126 110 110 110 104 90 108 108 108 124 92 122 104 120 120 88 88 118 86 86 104 103 121 117 117 117 119 119 119 103 121 123 123 123 107 127 135 137 121 109 109 125 139 127 129 137 141 143 131 125 111 127 129 115 134 113 131 125 145 133 129 115 134 113 131 132 114 133 116 130 134 146 126 132 114 133 116 130 128 112 126 132 144 142 138 130 128 140 126 110 110 122 138 136 128 108 124 124 124 122 104 120 120 120 118 118 118 122 104 147 121 117 117 149 149 119 135 147 121 123 123 151 139 127 135 137 141 143 153 151 139 127 135 137 141 143 153 125 139 155 129 137 141 143 131 145 145 145 157 158 134 159 159 160 160 133 157 158 146 146 146 132 144 142 138 130 156 140 126 154 144 142 138 136 128 140 152 154 144 142 138 136 128 140 152 124 124 122 148 136 120 150 150 118 118 122 148 147 161 163 163 149 149 149 135 147 163 163 163 151 165 165 135 147 167 163 153 151 139 155 169 137 141 143 153 151 139 155 169 158 141 143 153 145 145 155 157 158 159 159 159 160 160 160 157 158 156 146 146 154 144 142 157 170 156 140 152 154 144 142 138 170 156 140 152 154 164 168 148 136 166 166 152 164 164 164 148 136 150 150 150 164 164 162 148 161 161 161 171 171 149 173 173 147 175 171 171 171 165 165 165 167 167 167 171 151 177 177 169 179 181 181 153 183 183 155 169 181 181 181 183 183 183 155 169 158 181 159 184 183 160 182 157 170 156 184 184 184 182 182 182 170 156 184 184 154 182 182 180 170 178 178 152 172 168 168 168 166 166 166 172 172 172 176 148 174 174 150 172 172 162 162 162 161 161 185 187 187 173 173 173 175 175 175 187 187 187 165 189 179 167 167 191 187 177 177 177 179 193 195 195 197 199 199 169 179 193 195 195 195 199 199 199 201 200 203 195 196 204 199 202 200 200 200 196 196 196 194 180 170 200 200 198 196 196 194 180 178 178 178 188 192 168 168 180 190 166 188 188 188 176 176 176 174 174 174 188 188 186 162 162 205 185 185 185 207 207 173 189 205 175 175 191 207 207 207 189 179 193 209 191 197 207 177 189 179 193 209 191 197 211 213 215 201 193 217 217 197 211 213 202 201 203 203 203 204 204 204 202 201 214 212 198 218 218 194 202 216 214 212 198 192 210 194 180 190 178 208 198 192 210 194 180 190 208 208 208 192 176 176 206 190 174 208 208 186 186 186 206 205 219 185 185 221 221 223 189 205 225 209 191 227 227 223 189 205 225 209 191 197 211 213 215 229 193 209 231 197 211 213 215 201 217 217 217 233 211 213 215 201 235 203 203 204 204 236 202 216 214 212 234 218 218 218 202 216 214 212 198 232 210 194 230 216 214 212 198 192 210 226 206 190 224 228 228 192 210 226 206 190 224 222 222 186 186 220 206 219 219 219 221 221 221 223 237 205 225 239 227 227 227 223 237 229 225 209 231 241 241 223 215 229 225 243 231 233 211 213 215 229 235 217 231 233 245 236 247 248 235 246 234 233 245 236 247 248 235 246 234 232 218 236 230 216 214 212 234 232 244 226 230 216 224 242 242 232 210 226 230 238 224 228 228 228 240 226 206 238 224 222 222 222 220 220 220 219 219 249 249 221 251 251 237 253 239 239 239 227 255 223 237 229 225 243 231 241 241 241 237 229 257 243 231 233 245 259 261 248 235 243 263 233 245 259 247 248 235 246 263 264 245 236 247 248 260 246 234 264 244 236 247 262 260 246 234 232 244 258 230 238 242 242 242 232 244 226 230 238 224 256 228 240 240 240 254 238 252 252 222 250 250 220 220 253 249 249 249 265 251 251 251 253 239 239 267 255 255 255 237 253 257 267 267 267 241 259 261 269 257 243 267 267 271 259 261 269 257 243 263 264 245 259 261 248 273 273 263 264 274 274 247 262 260 246 263 264 244 258 270 262 260 272 268 268 244 258 270 262 260 242 268 268 268 258 254 238 256 256 256 268 240 240 254 252 252 252 266 250 250 250 254 253 275 249 265 265 265 251 277 253 279 279 281 283 255 255 277 269 285 281 281 281 271 287 261 269 257 289 281 281 271 259 261 269 257 291 291 293 271 295 295 273 273 273 263 264 274 274 274 296 296 272 294 292 292 258 270 262 260 272 282 282 290 258 270 262 288 272 282 282 282 286 270 278 256 256 284 282 280 280 254 278 252 266 266 266 250 276 254 275 275 275 297 265 265 299 277 279 279 279 283 283 283 287 277 285 285 285 301 301 271 287 277 269 289 289 289 293 271 287 303 305 291 291 291 293 295 295 295 305 273 307 294 293 308 274 306 296 296 296 294 292 292 292 306 304 288 272 294 290 290 290 270 278 288 272 302 302 286 286 286 278 288 284 284 284 280 280 280 278 300 266 266 298 276 276 276 275 275 297 297 297 299 299 299 309 279 311 283 283 313 287 277 285 285 315 301 301 301 287 303 305 289 289 317 293 319 321 303 305 323 291 325 293 319 295 303 305 307 307 307 308 308 308 306 304 296 320 294 326 292 324 306 304 322 320 294 318 290 290 306 304 288 302 302 302 316 286 286 278 288 314 284 284 312 280 310 300 300 300 298 298 298 276 276 309 327 327 297 297 329 299 299 309 311 311 311 313 313 313 331 309 315 315 315 301 319 321 303 333 323 317 317 317 319 321 303 305 323 325 325 325 319 321 335 336 323 307 307 308 308 324 335 336 322 320 326 326 326 324 306 304 322 320 318 318 318 324 334 304 322 320 302 316 316 316 310 332 314 314 314 312 312 312 310 300 300 330 298 298 328 328 310 309 327 327 327 329 329 329 331 309 311 311 337 337 313 313 331 333 315 315 337 337 337 321 331 333 323 317 317 337 319 321 335 333 323 339 325 325 340 340 335 336 339 339 339 340 340 340 335 336 339 339 326 326 340 324 334 336 322 320 338 318 318 324 334 332 322 338 338 338 316 316 334 332 314 314 338 338 312 312 310 332 330 330 330 328 328 328 310 341 341 327 343 343 329 329 331 341 341 341 343 343 343 345 331 333 341 347 347 343 345 345 345 333 347 347 347 349 349 345 345 351 351 347 349 349 349 352 335 351 351 351 350 349 352 352 352 336 351 350 350 350 348 352 352 346 346 350 350 348 348 348 334 346 346 346 344 348 348 342 334 332 346 344 344 344 342 342 342 332 330 330 344 344 328 342 342 

x304=8x12x19 
01 01 03 03 05 05 07 07 09 09 03 03 03 07 07 07 11 11 13 03 15 15 07 17 11 11 11 15 15 15 19 17 21 11 23 25 15 19 19 19 21 23 23 23 24 24 19 19 20 20 23 23 24 24 24 22 20 20 20 16 26 24 12 22 18 20 16 16 16 12 12 12 18 08 16 16 04 14 12 12 08 08 08 04 04 04 10 10 08 08 06 06 04 04 02 02 01 01 01 05 05 05 27 27 09 09 09 29 29 31 31 17 33 13 13 13 31 31 31 17 33 35 37 25 39 31 41 17 21 35 37 25 39 43 41 45 21 44 44 25 43 43 43 22 21 44 44 44 26 43 43 22 46 42 44 40 26 38 36 22 18 42 32 40 26 38 36 34 18 32 32 32 14 14 14 34 18 32 32 30 30 10 10 10 28 28 06 06 06 02 02 02 47 01 49 49 05 27 27 27 47 09 51 29 29 29 53 55 33 13 13 57 39 59 53 17 33 35 37 57 39 59 41 45 33 35 37 25 39 61 41 45 21 35 37 25 63 61 41 45 46 42 62 64 26 38 36 22 46 42 62 40 26 38 36 34 46 42 60 40 58 38 36 34 18 54 60 40 58 14 14 34 56 54 30 30 30 52 10 48 28 28 28 06 50 50 02 48 47 49 49 49 65 65 27 55 47 51 51 51 29 59 53 55 47 67 69 57 71 59 53 55 33 67 69 57 39 59 53 73 75 35 37 57 63 61 41 45 75 77 62 64 63 61 78 45 46 77 62 64 63 61 78 76 46 42 62 64 58 38 36 76 74 54 60 40 58 70 68 34 56 54 60 72 58 70 68 48 56 54 60 30 52 52 52 48 56 28 66 66 50 50 50 48 79 79 49 65 65 65 81 55 47 51 51 83 71 85 81 55 87 67 69 83 71 59 53 73 87 67 69 57 71 89 89 73 75 67 69 91 63 93 78 73 75 77 95 91 63 61 78 76 75 77 62 64 92 96 78 76 74 77 94 64 92 70 68 76 74 90 90 72 58 70 68 88 74 54 60 72 84 70 68 88 56 82 86 72 84 52 52 48 56 82 66 66 66 50 80 80 79 79 79 97 65 85 81 99 101 103 105 83 71 85 81 99 87 103 105 83 71 85 81 73 87 67 69 83 89 89 89 73 87 107 95 91 93 93 93 109 75 107 95 91 92 96 78 109 110 77 95 91 92 96 108 76 110 94 94 94 92 96 108 88 74 90 90 90 84 70 68 88 74 82 86 72 84 106 104 88 100 82 86 72 84 106 104 102 100 82 86 66 98 80 80 80 101 79 97 97 97 85 111 99 101 103 105 113 113 85 81 99 101 103 105 83 115 115 117 99 87 103 105 119 119 89 117 109 121 107 95 123 123 93 93 109 121 107 95 91 125 125 108 109 110 107 126 126 92 96 108 122 110 94 94 124 124 96 108 122 110 118 90 120 120 106 104 88 100 118 116 116 84 106 104 102 100 82 86 114 114 106 104 102 100 112 86 98 98 98 80 102 101 127 97 97 129 111 111 111 101 131 113 113 113 133 117 99 135 103 105 115 115 115 117 137 135 139 119 119 119 141 117 137 121 139 143 123 123 123 145 109 121 107 143 147 125 125 125 122 121 126 126 126 148 144 108 122 110 146 124 124 124 144 140 122 138 118 142 120 120 120 140 136 138 118 116 116 116 106 104 136 100 118 134 114 114 114 132 102 112 112 112 130 98 98 128 102 127 127 127 129 129 129 111 111 131 131 131 113 133 133 133 137 135 139 149 149 115 151 117 137 135 139 143 119 141 141 141 137 135 139 143 147 123 145 145 145 121 153 143 147 148 125 155 155 156 156 126 147 148 144 154 122 146 146 146 124 148 144 140 136 138 142 142 142 120 144 140 136 138 118 152 116 150 150 140 136 138 134 134 134 114 132 132 132 112 112 130 130 130 128 128 128 127 127 157 157 129 129 159 159 131 131 161 161 133 133 163 163 165 149 149 149 151 151 151 137 135 139 167 167 141 141 169 171 173 173 143 147 175 177 145 145 153 153 153 147 175 155 155 155 156 156 156 176 148 154 154 154 146 146 178 176 148 144 174 174 172 170 142 142 168 168 140 136 138 152 152 152 150 150 150 166 164 164 134 134 162 162 132 132 160 160 130 130 158 158 128 128 179 179 157 157 157 159 159 159 165 161 161 161 181 163 163 163 165 183 149 185 151 151 169 171 165 167 167 167 187 177 169 171 173 173 173 189 175 177 169 171 153 153 191 176 175 177 155 193 194 156 178 176 175 192 154 154 172 170 178 176 190 174 174 174 172 170 178 188 168 168 168 166 172 170 152 152 186 150 184 166 164 164 164 182 162 162 162 166 160 160 160 158 158 158 180 180 179 179 179 157 195 195 159 197 199 183 161 181 181 181 163 197 165 183 185 185 185 201 203 171 165 183 167 187 187 187 169 171 205 173 189 189 189 177 169 193 194 191 191 191 175 177 207 193 194 208 178 176 192 192 192 193 194 170 178 190 190 190 174 206 172 170 188 188 188 168 184 166 172 204 202 186 186 186 184 166 198 164 182 182 182 162 184 200 198 160 196 196 158 180 180 180 199 179 209 195 195 195 211 197 199 213 209 181 181 201 203 197 199 183 185 185 215 201 203 197 205 183 217 187 187 201 203 219 205 221 221 189 189 223 207 193 205 208 191 191 225 223 207 193 194 208 224 226 192 192 207 206 194 208 224 190 190 222 222 206 220 204 202 188 188 218 184 206 198 204 202 216 186 186 184 200 198 204 202 182 182 210 214 200 198 212 196 196 196 210 180 200 199 213 209 227 195 211 211 211 199 213 209 229 215 201 203 197 231 213 209 229 215 201 203 219 231 217 217 217 215 233 235 219 205 221 221 221 225 223 207 219 205 237 224 226 225 223 207 239 240 208 224 226 225 223 238 206 220 208 224 226 222 222 222 206 220 236 234 216 218 218 218 232 220 204 202 216 230 210 214 232 198 204 202 216 230 210 214 200 212 212 212 196 228 210 214 200 241 213 227 227 227 243 211 211 241 213 209 229 215 245 245 247 231 249 251 229 215 233 235 219 231 217 217 229 253 233 235 219 231 237 221 255 225 233 235 239 240 237 257 255 225 223 238 239 240 237 224 226 256 258 238 239 240 236 234 226 256 222 238 232 220 236 234 254 230 218 218 232 220 236 234 216 230 252 250 232 248 246 246 216 230 210 214 242 212 212 244 228 228 228 214 242 241 259 227 227 243 243 243 247 241 249 251 261 245 245 245 247 241 249 251 229 253 233 235 247 231 249 251 263 253 233 235 265 267 269 257 255 253 271 273 239 267 237 257 255 256 258 238 239 240 237 257 255 256 258 238 268 240 274 272 254 256 258 270 268 266 236 234 254 264 252 250 232 248 236 234 254 230 252 250 242 248 246 246 246 262 252 250 242 248 244 244 244 228 228 260 242 259 259 259 275 243 243 277 247 241 249 261 261 261 245 279 247 281 249 251 263 253 283 283 265 267 269 251 263 253 271 273 265 267 269 257 263 285 271 273 265 267 269 257 255 285 271 273 287 288 274 272 286 256 258 270 268 266 274 272 286 264 258 270 268 266 274 272 254 264 252 270 268 266 284 284 254 264 252 250 282 248 280 246 262 262 262 250 242 248 278 244 244 276 260 260 260 259 259 275 275 275 277 277 277 281 289 289 261 261 279 279 279 281 289 289 289 283 283 283 265 281 269 289 263 285 271 273 265 267 269 291 263 285 271 273 287 288 291 291 291 285 292 292 287 288 291 291 286 292 292 292 287 288 274 272 286 264 292 270 268 266 274 272 286 264 290 270 282 266 284 284 284 290 290 290 282 280 280 280 262 262 290 290 282 278 278 278 276 276 276 260 260 293 293 275 275 295 295 277 277 293 293 293 295 295 295 279 279 281 293 297 297 295 283 299 299 281 301 297 297 297 299 299 299 301 301 301 297 285 303 299 287 301 301 304 304 303 303 303 287 288 304 304 304 303 303 302 302 288 300 304 286 298 302 302 302 300 300 300 298 298 298 302 282 300 300 284 296 298 298 294 282 280 280 296 296 296 294 294 294 278 278 296 296 276 276 294 294 

Possible?
7x12xN
6x14xN
9x10xN


  #
###
  ##
x336=7x8x36 
01 03 05 05 07 09 09 05 05 05 09 09 09 11 13 13 05 15 16 09 17 19 15 15 15 16 21 21 22 22 15 16 16 16 20 18 10 15 16 06 14 14 12 10 10 10 06 06 06 10 10 08 06 06 04 02 01 03 23 25 07 07 07 01 27 23 25 29 31 11 01 13 13 13 17 17 17 19 19 19 21 21 21 33 34 22 22 22 20 20 20 18 18 18 14 14 14 02 12 32 30 26 24 28 02 08 08 08 26 24 04 02 03 03 03 07 07 35 11 01 27 23 25 29 31 11 34 13 23 25 29 17 11 34 19 23 25 29 21 33 34 22 30 26 24 20 33 12 18 30 26 24 14 33 12 32 30 26 24 28 02 12 36 08 08 04 04 04 03 27 37 35 35 35 11 01 27 23 25 31 31 31 39 27 41 42 29 17 33 39 19 41 42 42 42 33 34 41 41 41 42 20 40 34 18 30 41 42 28 40 32 32 32 26 24 28 02 12 36 36 36 38 28 04 39 27 37 43 43 35 35 39 43 43 43 31 45 47 39 49 49 43 29 45 47 46 51 53 53 45 45 45 46 46 46 54 54 52 45 48 46 30 44 50 50 40 48 46 32 44 44 44 40 36 36 44 44 38 28 40 55 37 37 37 57 59 59 61 51 63 59 59 59 65 39 51 49 49 49 59 47 48 51 67 53 53 53 47 48 54 54 54 68 52 47 48 60 50 50 50 52 40 66 60 60 60 64 52 62 60 60 58 38 38 38 56 55 55 55 37 57 69 69 61 71 63 69 69 69 65 61 71 49 73 68 69 47 61 51 67 53 68 52 75 76 51 67 54 68 52 62 48 70 67 74 50 72 62 66 70 70 70 64 72 62 70 70 58 38 56 56 56 61 55 77 57 57 57 65 61 63 63 63 79 81 65 83 71 67 73 73 73 65 83 71 67 85 85 72 75 76 71 86 86 68 72 84 66 74 74 74 68 72 84 66 82 80 64 64 64 62 66 58 58 58 78 56 62 83 55 77 77 77 57 65 83 63 87 87 79 81 89 83 71 73 73 79 81 75 76 85 85 85 79 81 75 76 82 80 86 86 86 75 76 82 80 74 74 72 84 90 82 80 88 88 64 84 66 58 78 78 78 56 84 91 77 77 93 79 95 95 87 87 87 93 79 97 89 83 99 93 93 93 81 100 76 99 93 85 100 100 100 99 99 99 86 94 100 75 99 82 94 94 94 100 84 90 98 80 94 88 88 88 96 96 80 94 78 78 92 91 91 91 95 95 95 89 101 103 87 97 97 97 89 105 103 103 103 107 81 89 103 103 108 108 107 107 107 108 108 108 107 107 104 104 90 82 108 104 104 104 106 90 98 98 98 88 104 102 90 96 96 96 92 92 92 109 91 111 113 115 95 89 101 101 101 113 115 97 97 105 105 105 115 115 115 117 119 121 123 115 124 122 117 118 121 123 116 124 122 120 118 116 116 116 106 106 106 98 98 116 114 102 102 102 90 96 116 114 112 92 110 109 91 111 111 111 125 117 109 101 127 113 124 122 117 109 105 129 113 124 122 117 119 119 119 113 124 122 131 132 121 123 114 120 120 120 118 121 123 114 130 106 110 118 121 123 114 128 102 110 118 126 112 112 112 92 110 133 111 111 135 137 125 139 109 101 127 113 137 141 139 132 105 129 137 137 137 117 132 119 143 137 124 122 131 132 121 123 138 144 120 131 118 138 138 138 130 106 131 140 142 138 114 128 102 110 140 126 138 136 112 112 134 133 133 133 135 125 125 125 109 127 127 127 145 141 139 147 129 129 129 149 149 139 132 119 143 143 143 151 139 140 152 144 144 144 120 131 140 150 150 130 130 130 148 140 142 146 128 128 128 110 126 126 126 136 134 134 134 147 133 135 135 135 141 125 147 127 145 145 145 141 139 147 129 149 149 149 141 153 132 143 143 155 155 151 153 154 152 156 156 144 144 131 154 142 150 150 150 130 148 140 142 146 146 146 128 148 126 142 136 136 136 134 148 157 133 135 159 159 161 153 163 159 159 159 145 145 153 147 165 167 159 149 141 153 147 155 155 155 151 151 151 152 152 152 156 156 156 148 154 142 150 160 168 166 148 154 146 146 160 160 160 164 154 162 160 160 136 134 158 157 157 157 169 169 161 171 163 169 169 169 173 175 171 163 165 167 169 173 175 153 163 165 167 155 168 166 151 152 165 167 156 168 166 164 154 176 174 170 168 166 164 172 176 174 170 170 170 164 172 162 170 170 158 158 158 163 157 177 177 161 161 161 163 165 167 177 177 177 171 179 165 167 177 173 175 171 181 176 174 183 173 175 171 172 176 174 184 173 175 182 172 176 174 178 168 166 180 172 178 178 178 168 166 164 162 162 162 178 178 158 164 179 157 185 185 187 189 161 179 191 191 185 185 185 171 179 193 195 185 173 175 197 181 181 181 183 183 183 197 198 184 184 184 182 182 182 198 176 174 186 196 194 180 172 186 186 186 192 192 180 162 190 188 186 186 158 180 199 193 187 187 187 189 197 201 193 191 191 191 203 197 179 193 195 195 195 205 197 179 181 183 183 207 207 209 210 208 208 184 184 182 180 198 206 196 196 196 194 180 198 204 192 192 192 194 202 198 190 188 188 188 194 200 199 199 199 187 189 189 189 201 193 191 203 203 203 211 201 195 195 205 205 205 197 201 181 207 207 207 213 209 210 214 208 208 208 182 202 198 206 206 206 196 196 202 212 204 204 204 192 194 202 190 190 190 188 200 200 200 201 199 215 187 217 217 189 201 193 215 219 203 221 211 223 215 215 215 205 225 209 210 227 229 215 207 213 209 210 214 208 216 230 228 209 210 226 206 216 216 216 224 212 222 204 220 216 194 202 190 218 218 188 216 200 202 223 199 217 217 217 231 211 223 227 229 219 203 221 211 223 227 229 219 205 225 211 210 227 229 219 213 213 213 214 214 214 220 230 228 209 212 226 206 220 230 228 224 212 222 204 220 230 228 224 212 232 218 218 218 200 224 233 235 237 219 217 231 211 239 239 237 219 221 221 221 223 237 237 237 225 225 225 223 227 229 237 230 228 213 214 227 229 238 230 228 224 226 226 226 238 238 238 224 222 222 222 220 238 240 240 212 232 218 220 238 236 234 233 235 235 235 231 231 231 233 239 239 239 241 243 221 233 245 247 243 243 243 225 247 247 247 248 248 243 243 244 244 247 247 248 248 248 226 244 244 244 248 246 234 222 244 242 240 240 240 234 232 232 232 236 236 236 234 235 235 249 251 253 253 231 233 239 249 251 241 241 241 255 245 251 251 251 256 257 255 255 255 259 251 256 261 262 255 252 260 256 256 256 258 255 252 252 252 246 256 242 242 242 252 250 240 234 232 254 254 252 250 236 236 263 265 253 253 253 267 257 233 245 249 241 241 269 257 262 245 249 271 271 273 257 262 245 249 259 259 259 261 262 260 260 260 250 246 261 258 274 272 272 250 246 261 258 270 242 242 250 246 234 258 268 254 254 254 266 264 263 265 265 265 253 267 275 263 245 249 269 269 269 275 263 271 271 271 277 273 257 262 274 259 259 277 273 257 258 274 278 260 260 273 261 258 274 278 272 272 272 264 276 270 270 270 250 246 264 276 268 254 266 266 266 264 279 279 265 281 267 267 267 263 279 279 279 269 273 275 283 279 278 271 285 273 275 262 287 278 289 277 288 275 276 287 278 290 277 288 261 276 274 286 272 277 280 284 276 274 270 280 280 280 264 268 268 268 282 266 280 280 291 291 265 281 281 281 267 263 291 291 291 269 288 275 283 291 285 285 285 288 293 283 289 289 289 277 288 284 283 287 278 290 290 290 284 294 287 286 286 286 292 284 276 287 270 292 292 292 264 268 282 282 282 266 292 292 295 295 297 297 281 299 293 283 301 303 297 297 297 293 283 301 305 297 285 285 293 301 301 301 289 289 288 302 301 287 290 290 302 302 302 294 286 286 298 306 302 284 294 298 298 298 304 302 284 294 300 282 298 298 296 296 307 295 295 295 281 299 309 303 303 303 311 313 299 315 317 319 305 321 322 299 293 317 321 321 321 322 323 293 294 324 321 322 322 322 318 294 300 321 322 306 320 318 316 300 314 312 304 304 304 310 300 282 296 296 296 308 307 295 325 325 309 309 309 307 303 305 311 313 299 315 307 319 305 311 313 327 318 317 329 305 311 313 323 318 317 324 314 312 306 330 318 317 328 314 312 306 320 308 316 300 314 312 306 304 308 310 310 310 326 326 296 308 325 325 325 311 313 309 315 307 303 305 311 313 299 315 319 319 319 327 327 327 315 317 329 329 329 323 323 323 324 324 324 330 330 330 318 316 328 328 328 320 320 320 316 300 314 312 306 304 308 316 310 314 312 326 326 326 331 331 325 333 333 309 315 307 331 331 331 333 333 333 319 331 335 336 333 327 327 329 329 335 336 336 336 323 324 335 335 335 336 330 330 328 328 334 335 336 332 320 334 334 334 332 332 332 308 316 310 334 334 326 332 332 

x200=6x10x20 
01 03 05 07 09 11 13 03 05 11 11 11 03 03 03 15 11 17 03 15 15 15 11 17 19 21 15 16 23 23 24 24 15 16 22 20 18 12 16 16 16 04 18 12 16 04 04 04 12 12 12 06 04 14 12 10 08 06 04 02 01 01 01 07 09 17 13 25 05 07 27 17 19 21 05 07 27 17 19 21 05 27 27 27 19 21 23 23 23 27 28 24 24 24 22 20 28 28 28 06 22 20 18 28 08 06 22 20 18 28 08 06 26 14 18 10 08 02 02 02 13 01 29 09 09 09 13 25 05 07 31 33 13 35 31 31 31 17 19 21 37 37 31 31 37 37 37 38 23 39 40 24 37 38 38 38 32 32 38 38 22 20 18 32 32 32 36 14 34 32 08 06 26 14 10 10 10 30 02 14 41 01 29 29 29 09 25 25 25 07 43 33 13 35 43 43 43 39 19 21 45 43 46 39 45 45 45 43 46 39 40 45 44 46 46 46 40 45 44 46 22 20 40 44 44 44 36 14 34 44 08 26 26 26 10 30 30 30 02 42 41 41 41 29 47 33 25 35 49 49 51 33 53 35 51 51 51 33 53 35 55 51 56 39 55 55 55 51 56 57 58 55 52 56 56 56 40 55 52 56 36 54 34 52 52 52 36 54 34 52 50 50 36 26 34 48 30 42 42 42 53 41 59 29 47 33 53 35 59 49 49 49 53 59 59 59 61 63 58 59 61 61 61 39 58 65 62 61 67 57 58 68 62 61 66 57 40 62 62 62 60 57 64 62 60 60 60 54 50 50 50 60 36 54 34 48 30 60 42 54 69 41 71 47 47 47 69 69 69 49 73 73 53 69 73 73 73 63 75 69 77 77 73 63 58 65 67 67 67 63 64 68 68 68 66 57 64 74 78 78 70 76 64 74 74 74 70 54 74 74 50 70 70 70 48 48 48 72 42 70 71 71 71 47 79 79 75 81 79 79 79 63 75 81 81 81 79 63 75 65 81 77 77 77 58 65 81 67 66 83 84 65 68 82 66 57 78 78 78 82 66 76 64 80 82 82 82 76 64 80 80 80 82 76 80 80 48 72 72 72 85 85 71 71 87 89 91 85 85 85 93 93 75 85 95 95 97 97 95 95 95 77 99 99 101 101 95 67 66 83 84 65 68 96 102 102 100 100 78 96 96 96 98 98 96 96 86 76 94 94 86 86 86 92 90 88 72 72 86 86 103 103 87 87 87 89 91 105 93 93 93 89 75 107 97 97 97 89 109 111 99 99 99 83 84 101 101 101 113 83 84 114 102 102 102 83 84 100 100 100 112 110 90 98 98 98 108 76 90 94 94 94 106 92 90 88 88 88 104 104 91 103 103 103 87 87 91 105 105 105 93 89 91 107 107 107 97 115 109 111 111 111 99 83 109 101 113 113 113 110 109 114 114 114 102 110 84 100 112 112 112 110 116 98 108 108 108 92 90 94 106 106 106 92 88 88 104 104 104 92 91 103 117 117 119 119 105 105 119 119 119 89 107 107 121 121 119 115 111 111 123 121 121 121 109 125 127 121 113 113 114 114 122 128 126 110 122 122 122 124 112 112 116 120 122 122 108 108 90 120 120 120 106 106 120 120 118 118 104 92 129 129 131 117 117 117 133 129 129 129 135 115 133 129 135 135 135 115 123 123 123 135 126 115 109 125 127 135 126 137 138 125 136 128 126 110 116 125 136 124 124 124 116 136 136 136 130 134 116 136 130 130 130 134 118 118 118 132 130 130 131 131 131 117 139 141 143 143 145 141 141 141 133 143 143 143 141 147 133 143 123 123 141 115 133 127 127 127 126 137 138 125 128 128 128 134 116 142 124 124 144 134 148 142 144 144 144 134 142 142 142 146 144 144 142 140 118 132 132 132 149 131 151 153 139 147 145 145 145 153 155 147 133 157 153 153 153 147 159 157 157 157 153 137 138 127 157 158 126 137 138 125 157 158 128 137 138 154 158 158 158 160 148 154 154 154 158 134 148 156 154 146 146 146 148 140 154 152 132 150 149 131 151 139 139 139 149 161 145 145 155 163 149 161 161 161 155 147 159 165 161 166 155 147 138 165 161 166 166 166 165 165 165 162 166 137 148 156 165 162 166 160 148 156 162 162 162 150 164 156 146 146 162 150 140 140 140 152 132 150 167 151 151 151 169 139 149 171 173 163 163 163 159 171 171 171 155 175 159 177 171 178 179 181 159 177 171 178 178 178 177 177 177 172 178 160 182 180 177 172 178 160 176 156 172 172 172 160 164 164 164 174 172 150 140 170 152 152 152 168 167 167 167 151 169 175 149 183 173 185 163 175 187 183 183 183 155 175 183 183 189 189 179 181 159 191 190 189 189 189 190 190 190 189 192 160 182 180 190 190 184 184 176 156 184 184 184 188 176 164 186 174 184 150 176 170 152 168 168 168 187 167 173 169 169 169 187 193 173 185 163 175 187 193 173 185 179 181 193 193 193 185 179 181 193 191 191 191 179 181 182 180 192 192 192 194 182 180 186 194 194 194 182 180 186 174 194 188 176 164 186 174 194 188 170 170 170 174 168 188 195 167 173 185 197 169 195 195 195 185 197 175 187 195 199 197 197 197 187 195 199 199 199 197 191 191 200 199 179 181 182 180 200 199 192 192 198 200 200 200 196 188 198 198 198 200 196 188 176 198 186 196 196 196 170 198 186 174 168 196 

#
####
 #

6x11x38+?
7x10x36+?
8x8x42+?
8x9x18+?



#
####
   #

Impossible (90deg rotation)
 6x 6xN
 8x 8xN
10x10xN
12x12xN

Impossible (180deg rotation)
4xNx[-20]
5xNx[-18]
6xNx[-15]
7xNx[-14]
8xNx[-11]
9xNx[-10]




#
####
  #

Possible?
8x8xN
7x10xN

Impossible (90deg rotation)
 6x 6xN
 8x 8xN
10x10xN

Impossible (180deg rotation)

4xNx[-17]
5xNx[-12]
6xNx[-11]
7xNx[-8]
8x8x[-30]
8x8x[-45]?


###
  ###

x300=4x15x30 
01 03 05 07 09 03 11 07 03 03 07 07 03 13 07 15 03 17 07 15 19 17 15 15 17 17 15 18 17 16 15 18 17 16 18 18 16 16 18 20 16 08 18 04 16 08 14 04 08 08 04 04 08 12 04 10 08 06 04 02 01 21 05 23 09 21 11 23 21 21 23 23 21 13 23 25 21 27 23 25 19 27 29 25 27 27 29 28 27 29 29 28 27 29 28 28 26 29 28 20 26 24 28 22 26 24 14 22 24 24 22 22 24 12 22 10 24 06 22 02 01 01 05 05 09 09 11 11 31 13 33 35 31 13 33 37 31 31 33 39 19 31 41 25 19 31 41 25 26 41 41 25 26 41 32 20 26 41 32 20 40 34 32 32 38 34 14 32 36 34 14 32 12 12 10 10 06 06 02 02 43 01 33 05 45 09 33 11 47 13 33 35 49 51 53 37 49 55 53 39 49 49 53 53 19 49 57 53 54 49 50 53 54 58 50 20 54 54 50 50 40 54 56 50 38 54 52 50 36 34 14 48 12 34 10 46 06 34 02 44 43 01 59 05 45 09 61 11 47 13 35 35 63 51 37 37 63 55 39 39 63 65 67 69 19 65 57 69 70 65 65 69 70 58 65 20 70 68 65 64 40 40 56 64 38 38 52 64 36 36 14 48 12 62 10 46 06 60 02 44 43 43 59 71 45 45 61 71 47 51 35 71 47 51 37 69 55 55 39 69 63 73 67 69 63 73 57 57 63 73 73 64 58 58 73 64 70 68 73 64 70 40 56 56 70 38 52 48 72 36 52 48 72 62 46 46 72 60 44 44 75 43 59 59 77 45 61 61 79 51 35 71 47 81 37 71 55 81 39 71 81 81 67 83 81 85 67 57 81 87 88 82 58 68 86 82 84 68 82 82 72 40 82 56 72 38 82 48 72 36 52 80 62 62 46 78 60 60 44 76 75 43 89 59 77 45 89 61 79 51 89 89 47 91 93 89 55 91 93 89 91 91 93 83 91 85 67 57 91 87 88 92 58 68 86 92 84 94 92 92 90 94 92 56 90 94 92 48 90 90 52 80 62 90 46 78 60 90 44 76 75 75 95 59 77 77 93 61 79 97 93 99 79 97 93 99 97 97 101 99 97 85 103 83 97 85 67 83 87 87 88 88 84 68 86 98 84 104 86 98 100 102 98 98 100 94 98 80 100 94 98 80 62 94 78 78 60 96 76 76 105 75 95 99 105 77 107 99 105 105 109 99 79 105 111 113 115 105 101 113 115 85 103 113 115 115 116 83 87 115 116 88 84 115 116 116 114 104 86 116 114 102 106 116 114 112 106 80 100 110 106 106 100 108 78 106 100 96 76 106 117 75 95 95 117 77 107 113 117 117 109 113 79 117 111 113 119 117 101 101 119 85 103 103 119 121 122 83 87 121 122 88 84 121 122 120 104 104 86 120 102 102 118 120 114 112 118 80 114 110 118 118 114 108 78 118 96 96 76 118 123 125 107 95 123 127 107 129 123 123 109 109 131 123 111 111 131 123 122 101 131 131 122 103 119 131 122 120 119 131 132 120 119 121 132 120 104 121 132 132 102 121 124 132 112 112 124 132 110 110 124 124 130 108 128 124 96 108 126 124 133 125 107 95 133 127 135 129 133 137 139 109 141 137 143 111 141 137 137 101 141 145 137 103 147 145 137 148 147 145 145 148 147 138 145 148 104 138 145 142 102 138 138 142 112 144 138 142 110 140 138 134 130 136 128 134 96 108 126 134 125 125 107 129 127 127 135 129 133 149 139 109 133 149 143 111 133 149 149 148 141 151 149 148 141 151 149 148 141 151 151 142 147 150 151 142 147 150 151 142 147 150 150 134 112 144 150 134 110 140 150 134 130 136 128 128 130 108 126 126 125 153 135 129 127 155 135 157 159 155 139 139 155 155 143 161 155 163 143 161 155 163 161 161 163 163 161 164 163 162 161 164 163 162 164 164 162 162 164 156 162 144 164 156 162 144 156 156 140 140 156 160 158 136 156 128 130 136 154 126 125 153 135 129 127 165 167 157 159 165 167 139 165 165 167 167 165 169 143 167 165 169 171 167 169 169 171 170 169 171 171 170 169 171 170 170 168 171 170 166 168 144 170 166 168 168 166 166 140 168 166 160 158 168 166 128 130 136 154 126 153 153 135 157 159 173 175 157 159 173 175 139 177 173 175 179 177 181 143 179 177 181 183 179 184 181 183 185 184 183 183 185 184 183 182 185 180 183 182 178 180 144 182 178 180 176 174 178 140 176 174 160 158 176 174 160 158 136 154 154 153 186 188 157 159 186 190 179 186 186 192 179 186 173 175 179 186 173 175 185 177 173 175 185 177 181 182 185 177 181 182 178 184 181 182 178 184 176 174 178 184 176 174 187 180 176 174 187 180 193 187 187 180 191 187 160 158 189 187 154 153 194 188 157 159 194 190 196 194 194 192 196 194 198 200 196 194 198 202 204 198 198 206 204 198 208 209 204 198 208 209 199 205 208 209 199 205 207 199 199 205 203 199 195 197 201 199 195 197 193 195 195 197 191 195 160 158 189 195 154 210 212 188 188 214 212 190 190 212 212 192 192 212 216 200 196 212 208 202 196 218 208 206 196 205 208 220 204 205 222 223 204 205 221 209 204 197 207 209 219 197 203 209 213 197 201 217 213 193 193 213 213 191 191 213 215 189 189 213 211 210 224 226 188 214 224 226 190 224 224 226 192 224 216 200 200 224 228 202 202 218 228 206 206 228 228 220 229 228 222 223 229 228 221 229 229 207 207 229 219 203 203 229 225 201 201 217 225 193 227 225 225 191 227 225 215 189 227 225 211 210 210 230 188 214 214 232 190 234 216 226 192 234 216 226 200 234 234 226 202 218 234 220 206 218 234 220 236 222 222 223 223 237 221 235 219 207 221 235 219 203 227 235 235 201 227 217 235 193 227 217 235 191 233 215 215 189 231 211 211 238 210 230 240 242 214 232 240 244 216 240 240 246 248 240 200 246 250 240 202 246 246 220 206 218 246 252 236 222 246 247 223 237 253 247 219 207 221 247 247 203 241 251 247 201 241 249 247 241 241 217 245 241 233 215 243 241 231 211 239 238 210 230 230 242 214 232 232 244 216 254 256 258 248 254 260 258 250 254 262 258 264 220 236 218 264 252 236 222 264 264 223 237 253 264 219 237 221 264 259 263 255 251 259 261 255 249 259 257 255 217 245 233 233 215 243 231 231 211 239 238 238 254 230 242 242 254 232 244 248 254 256 244 248 266 260 250 250 266 262 258 268 266 236 258 268 252 252 258 268 268 259 253 253 268 259 237 267 268 259 263 267 251 251 261 267 249 245 257 255 249 245 233 255 243 243 231 255 239 239 270 238 272 230 274 242 276 232 278 248 256 256 244 280 260 260 250 280 262 262 280 280 266 236 280 282 266 252 280 267 266 281 253 267 283 281 237 267 281 281 263 263 281 251 261 261 281 245 257 257 249 279 233 277 243 275 231 273 239 271 270 238 272 284 274 242 276 284 278 248 256 284 244 286 260 288 250 286 262 288 286 286 290 288 286 282 290 252 286 290 290 287 253 290 283 287 289 290 287 287 289 263 287 251 289 261 287 245 285 257 249 279 285 277 243 275 285 273 239 271 270 270 272 272 274 274 276 276 278 291 256 284 278 291 260 284 291 291 262 284 291 282 293 288 291 282 293 288 289 293 293 288 289 293 283 292 289 293 283 292 285 263 292 292 285 261 292 279 285 257 292 279 277 277 275 275 273 273 271 271 295 270 297 272 295 274 297 276 295 295 297 297 278 295 299 297 301 295 299 297 301 282 299 299 301 301 302 299 300 301 302 299 300 301 302 302 300 300 283 302 298 300 296 302 298 300 296 279 298 298 296 296 277 298 275 296 273 298 271 296 303 270 305 272 303 274 305 276 303 303 305 305 278 303 307 305 309 303 307 305 309 282 307 307 309 309 310 307 308 309 310 307 308 309 310 310 308 308 283 310 306 308 304 310 306 308 304 279 306 306 304 304 277 306 275 304 273 306 271 304 

x360=4x15x36 
01 03 05 07 09 03 11 07 03 03 07 07 03 13 07 15 03 13 07 17 13 13 19 17 13 18 17 17 13 18 17 14 18 18 17 14 18 20 14 14 18 08 14 04 16 08 14 04 08 08 04 04 08 12 04 10 08 06 04 02 01 21 05 23 09 21 11 23 21 21 23 23 21 25 23 15 21 25 23 27 29 25 19 27 29 28 27 27 29 28 27 30 28 28 27 30 28 20 26 30 28 24 26 22 16 24 26 22 24 24 22 22 24 12 22 10 24 06 22 02 01 01 05 05 09 25 11 11 09 25 31 15 29 25 31 15 29 33 31 31 29 35 19 31 36 35 19 31 38 35 35 39 32 20 35 37 32 20 35 30 32 32 34 30 16 32 26 30 16 32 26 10 12 12 26 10 06 06 02 02 40 01 42 05 44 46 48 11 09 46 50 15 46 46 50 52 46 33 50 50 46 54 55 50 36 54 19 50 38 54 54 39 51 20 54 37 51 56 54 47 51 51 34 47 53 51 47 47 16 51 47 10 12 49 47 45 06 43 02 41 40 01 42 05 44 57 48 11 09 57 59 15 57 57 59 52 57 33 59 59 57 33 55 59 36 36 19 59 38 38 39 39 60 20 37 37 60 56 34 58 60 60 34 58 53 60 58 58 16 60 58 10 12 49 58 45 06 43 02 41 40 40 42 42 44 61 48 48 44 61 63 52 61 61 63 52 61 65 63 63 61 33 55 63 67 36 55 63 69 38 39 70 64 56 37 68 64 56 34 62 64 64 66 62 53 64 62 62 53 64 62 45 49 49 62 45 43 43 41 41 71 40 73 42 75 77 79 48 44 77 81 52 77 77 81 83 77 65 81 81 77 33 85 81 67 36 55 81 69 38 39 70 82 56 37 68 82 86 34 78 82 82 66 78 84 82 78 78 53 82 78 45 49 80 78 76 43 74 41 72 71 40 73 42 75 87 79 48 44 87 89 52 87 87 89 83 87 65 89 89 87 65 85 89 67 67 55 89 69 69 70 70 90 56 68 68 90 86 66 88 90 90 66 88 84 90 88 88 53 90 88 45 49 80 88 76 43 74 41 72 71 71 73 73 75 75 79 79 91 93 95 83 91 97 95 83 91 99 95 95 101 65 85 95 101 67 85 95 101 69 70 102 96 86 68 102 96 86 66 102 96 96 100 92 84 96 98 92 84 96 94 92 80 80 76 76 74 74 72 72 91 71 103 73 91 75 105 79 91 93 107 83 101 97 109 111 101 99 109 113 101 65 109 109 115 67 85 109 110 69 70 109 110 86 68 116 110 110 66 102 114 110 100 102 112 110 98 102 84 108 94 92 80 106 76 92 74 104 72 92 117 71 103 73 119 75 105 79 93 93 107 83 97 97 121 111 99 99 121 113 123 125 121 121 115 125 85 121 122 125 126 121 122 86 126 116 122 122 126 124 114 122 100 100 112 122 98 98 84 108 94 94 80 106 76 120 74 104 72 118 117 127 103 103 119 127 105 105 93 127 107 111 97 125 107 111 99 125 113 113 123 125 129 131 115 115 129 131 132 129 129 131 132 129 116 116 132 129 126 124 114 114 126 100 112 108 126 98 112 108 128 94 106 106 128 120 104 104 128 118 117 117 133 103 119 119 135 105 93 127 137 111 97 127 107 131 99 127 113 131 123 139 141 131 123 115 141 143 145 141 141 146 144 141 116 124 132 141 140 124 132 114 128 100 132 108 128 98 112 138 128 94 106 136 120 120 104 134 118 118 147 117 133 103 147 119 135 105 147 147 137 111 149 147 107 151 149 147 113 151 149 139 151 151 123 115 151 143 145 152 151 146 144 152 116 124 152 152 140 150 152 114 148 150 152 108 148 150 112 138 148 148 106 136 120 148 104 134 118 148 153 117 133 133 149 119 135 135 149 155 137 157 149 155 137 157 159 155 157 157 161 139 157 143 123 139 157 143 145 145 146 146 144 158 140 124 144 158 140 162 158 158 156 160 158 138 156 150 158 138 156 150 136 136 120 150 134 134 118 154 153 155 163 133 165 155 163 135 167 155 163 163 169 171 137 163 159 171 173 163 161 171 173 143 174 139 173 173 174 145 146 173 174 174 140 173 144 174 172 162 164 174 172 160 164 138 172 170 164 164 156 168 136 164 156 166 134 164 156 154 153 153 175 133 165 171 177 135 167 171 179 181 169 171 137 181 159 159 183 181 161 161 183 143 185 139 183 186 185 145 146 186 185 184 140 186 144 184 162 162 182 184 160 160 182 138 172 170 182 180 172 168 136 178 172 166 134 176 154 154 165 153 175 181 165 187 177 181 167 167 179 181 169 169 189 191 185 159 189 193 185 161 189 189 185 184 183 189 190 184 183 189 190 184 183 186 190 190 162 186 194 190 160 186 192 190 170 170 182 180 168 168 182 178 188 166 182 176 154 166 165 153 175 175 195 187 177 177 195 167 179 179 195 169 197 191 199 159 197 193 199 161 197 197 199 201 202 197 198 201 202 197 198 201 202 200 198 198 162 200 194 198 160 200 192 198 170 196 180 180 168 196 178 178 188 196 176 176 154 166 165 187 203 175 205 187 207 177 209 167 211 179 195 169 191 191 195 213 202 193 195 215 202 193 199 215 202 200 199 215 215 200 199 201 215 200 194 201 215 196 194 201 214 196 192 192 170 196 180 212 168 210 178 208 188 206 176 204 188 166 217 187 203 175 205 219 207 177 209 219 211 179 219 219 191 221 219 213 223 225 219 227 223 193 224 227 223 223 224 227 227 223 224 224 227 223 194 224 227 220 226 224 214 220 222 192 220 220 180 212 220 210 178 208 220 206 176 204 188 218 217 187 203 203 205 205 207 207 209 209 211 211 229 213 191 221 229 213 231 225 229 229 231 193 232 229 231 231 232 229 230 231 232 232 230 231 194 232 230 230 226 232 214 230 222 192 214 230 212 212 210 210 208 208 206 206 204 204 188 218 217 217 233 203 235 205 237 207 235 209 239 211 235 213 221 221 241 243 225 225 241 245 247 249 241 251 253 249 250 255 256 249 250 254 252 242 250 248 246 242 226 226 244 242 222 222 214 236 212 240 210 236 208 238 206 236 204 234 218 218 257 217 233 203 259 205 237 207 261 209 239 211 235 213 221 249 235 243 225 249 235 245 247 249 241 251 253 242 241 255 256 242 241 254 252 242 250 248 246 236 250 226 244 236 250 222 214 236 212 240 210 262 208 238 206 260 204 234 218 258 257 217 233 233 259 263 237 237 261 263 239 239 265 263 221 267 243 243 225 269 245 245 247 247 251 251 253 253 255 255 256 256 254 254 252 252 248 248 246 246 270 226 244 244 268 222 264 266 240 240 264 262 238 238 264 260 234 234 218 258 257 257 271 233 259 259 273 237 261 261 275 239 265 263 277 267 243 263 277 269 245 263 277 247 251 279 280 253 255 279 280 256 254 279 280 252 248 278 264 246 270 278 264 244 268 278 264 266 240 276 262 262 238 274 260 260 234 272 258 258 281 257 271 233 281 259 273 237 281 261 275 239 265 265 267 267 243 279 269 269 245 279 277 247 251 279 277 253 255 278 277 256 254 278 280 252 248 278 280 246 270 270 280 244 268 268 266 266 240 276 262 282 238 274 260 282 234 272 258 282 283 257 271 271 285 259 273 273 281 261 275 275 281 265 267 287 281 289 269 287 291 289 293 287 289 289 293 290 289 293 293 290 289 293 290 290 288 293 290 292 288 270 290 282 288 268 266 282 276 276 262 282 274 274 260 286 272 272 258 284 283 295 297 271 285 295 299 273 295 295 301 275 295 265 267 303 295 305 269 307 291 305 309 287 311 305 309 287 288 309 309 287 288 309 306 312 288 309 306 292 308 270 306 296 304 268 266 296 276 302 296 296 274 300 296 286 272 298 296 284 283 283 297 271 285 285 299 273 313 315 301 275 313 317 319 303 313 321 319 307 291 291 319 319 311 305 306 319 320 305 306 319 320 305 306 312 320 320 292 292 308 320 322 314 304 320 318 314 276 302 316 314 274 300 286 286 272 298 284 284 313 283 297 297 313 285 299 299 313 315 301 303 323 317 301 303 323 321 307 307 323 291 325 327 311 311 325 327 328 325 325 327 328 325 312 312 328 325 292 324 308 308 322 324 304 302 318 324 304 302 316 314 300 300 286 314 298 298 284 314 329 283 331 297 333 285 335 299 315 315 337 303 317 317 301 327 321 321 307 327 323 291 339 327 323 311 339 341 323 339 339 324 342 339 312 324 328 339 292 324 328 308 322 322 328 302 318 318 304 338 316 316 300 336 286 334 298 332 284 330 329 343 331 297 333 343 335 299 315 343 337 303 317 345 301 347 321 345 307 347 345 345 347 347 345 311 347 341 345 348 347 346 342 348 312 346 348 348 346 346 348 308 346 322 348 302 346 318 304 338 344 316 300 336 344 334 298 332 344 330 329 329 331 331 333 333 335 335 315 343 337 349 317 343 337 349 321 343 349 349 351 353 349 341 351 353 349 341 351 353 353 352 342 350 353 352 342 350 353 352 350 350 344 322 350 338 344 318 350 338 344 316 336 336 334 334 332 332 330 330 355 329 357 331 355 333 357 335 355 355 357 357 351 355 337 357 351 355 359 357 351 361 359 341 360 361 359 359 360 361 361 359 360 360 361 359 342 360 361 352 358 360 356 352 358 338 356 352 358 358 356 356 336 358 334 356 332 358 330 356 363 329 365 331 363 333 365 335 363 363 365 365 367 363 337 365 367 363 369 365 367 367 369 341 370 367 369 369 370 367 368 369 370 370 368 369 342 370 368 368 366 370 364 368 366 338 364 368 366 366 364 364 336 366 334 364 332 366 330 364 

Impossible (180deg rotation)
4xNx[-14]
5xNx[-10]
6xNx[-8]
7xNx[-8]
8xNx[-8]

