Prime boxes of the No.15-Hexomino  Toshihiro Shirakawa 2015.04.17

minimal 12
3x4x6

Possible
3x4x6
4x5x12
6x6x6
6x6x9

Prime
3x4x6
4x5x12
6x6x6

Impossible
4x4xN
4x7x12

Solutions
3x4x6
01 02 03 04 04 03 01 05 05 01 06 03 01 02 02 01 04 03 01 05 03 06 06 03 07 07 02 04 04 08 09 05 05 06 10 10 07 02 02 04 08 08 09 09 05 06 06 10 07 07 11 12 08 11 12 09 11 12 10 10 12 07 11 12 08 08 09 09 11 12 10 11 
4x5x12
01 01 02 03 04 02 02 03 04 02 05 05 06 02 02 07 06 08 08 07 09 01 10 03 09 09 11 11 04 09 05 11 09 09 11 11 06 08 11 07 01 01 10 03 04 12 10 03 04 12 05 05 06 12 13 07 06 08 08 07 01 14 14 14 04 12 10 03 15 15 13 05 06 12 13 07 16 12 08 17 14 14 10 14 18 19 10 20 18 15 13 20 18 21 21 20 16 16 17 17 22 22 23 23 18 19 19 20 15 15 13 24 18 21 13 20 18 16 17 20 25 22 23 26 25 27 19 26 15 27 24 24 25 21 21 26 16 16 17 17 22 22 23 23 25 19 19 26 25 27 24 26 25 28 21 26 29 28 29 29 22 30 31 23 32 27 31 33 34 27 24 24 35 28 31 36 29 29 29 37 32 30 30 33 32 27 31 33 34 34 31 36 35 28 31 36 35 28 37 37 32 38 30 33 38 38 39 39 38 34 39 36 38 38 39 39 35 28 37 39 32 30 30 33 32 40 40 33 34 34 40 36 35 40 40 36 35 40 37 37 
6x6x6
01 01 02 02 02 03 04 05 05 06 07 03 04 08 05 07 07 09 04 05 05 07 10 09 11 05 12 07 07 09 11 13 13 13 14 14 01 02 02 06 02 03 04 15 15 06 16 09 08 08 15 16 16 09 04 15 15 16 10 10 04 15 12 16 16 09 11 13 12 13 13 14 01 01 17 06 18 03 19 20 17 20 20 03 08 20 20 20 21 21 22 22 23 23 23 10 11 23 23 24 23 25 11 26 12 24 14 14 19 01 17 06 18 18 19 27 27 06 28 03 08 08 27 28 28 21 22 27 27 28 10 10 11 27 12 28 28 25 26 26 12 24 14 25 19 29 17 29 29 18 30 31 17 31 31 32 30 31 31 31 21 21 22 22 33 33 33 32 30 33 33 24 33 32 26 34 34 24 34 25 19 29 29 29 18 18 19 35 17 35 35 32 30 35 35 35 21 32 30 22 36 36 36 32 30 36 36 24 36 25 26 26 34 34 34 25 
6x6x9
01 01 02 02 02 03 01 02 02 04 02 03 01 01 05 04 06 03 07 01 05 04 06 06 07 08 05 08 08 06 07 08 08 08 06 06 09 10 10 04 10 03 09 11 11 04 11 12 07 13 05 13 13 03 07 14 14 04 14 03 15 16 05 16 16 17 07 18 05 18 18 17 09 19 10 10 10 12 19 19 11 11 11 12 19 13 13 13 20 20 19 19 14 14 14 20 15 16 16 16 20 20 15 18 18 18 20 17 09 21 22 22 23 12 09 21 21 24 23 23 25 25 21 26 26 23 25 21 21 26 23 23 25 25 27 26 26 17 15 25 28 28 26 17 29 29 22 30 30 12 09 29 24 24 30 12 29 29 31 30 30 32 29 31 31 30 32 32 15 31 27 27 32 17 15 31 31 28 32 32 33 34 22 22 35 36 34 34 24 35 35 36 34 37 37 35 38 38 34 34 37 35 35 38 39 37 37 27 38 38 39 37 28 28 38 40 33 33 41 22 41 41 42 42 24 24 43 36 42 44 44 44 43 43 42 42 45 45 45 43 39 42 27 27 43 43 46 46 28 46 40 40 47 33 41 41 41 36 47 48 49 50 51 36 44 44 49 44 51 52 47 48 45 50 45 45 39 48 49 50 51 52 39 46 46 46 40 52 33 33 53 53 53 36 47 48 53 50 53 53 47 48 49 50 51 52 47 48 49 50 51 52 54 54 49 54 51 52 39 54 54 54 40 40 
