Prime boxes of the No.28-Hexomino  Toshihiro Shirakawa 2015.04.17

minimal 15
3x5x6

Possible
3x5x6
3x6x[6-9]

5x6x[7,11]

6x8x8

Prime
3x5x6
3x6x[6-9]

5x6x[7,11]

6x8x8


Solutions
3x5x6
01 02 01 02 02 02 02 03 02 03 03 03 03 04 03 01 01 01 05 06 05 06 06 06 06 07 06 04 04 04 08 01 09 05 05 05 08 07 09 10 07 10 04 07 04 08 11 09 08 05 09 08 07 09 10 10 10 12 07 12 11 11 11 08 13 09 13 13 13 13 10 13 12 12 12 11 14 11 14 14 14 14 15 14 15 15 15 15 12 15 
3x6x6
01 02 01 02 02 02 02 03 02 04 03 04 04 04 04 05 04 05 01 01 01 06 07 06 07 07 07 07 03 07 08 03 08 05 05 05 09 01 10 06 06 06 09 03 10 11 03 12 08 08 08 11 05 12 09 13 10 09 06 10 09 14 10 11 14 12 11 08 12 11 15 12 13 13 13 09 16 10 16 16 16 16 14 16 11 14 12 15 15 15 13 17 13 17 17 17 17 14 17 18 14 18 18 18 18 15 18 15 
3x6x7
01 02 01 01 01 01 03 01 04 03 05 04 05 05 05 05 06 05 02 02 02 07 08 07 07 07 07 03 07 04 03 09 04 06 06 06 02 08 02 10 08 10 03 08 04 03 09 04 11 09 11 06 09 06 12 08 13 10 10 10 12 08 13 14 09 15 11 11 11 14 09 15 12 16 13 12 10 13 12 17 13 14 17 15 14 11 15 14 18 15 16 16 16 12 19 13 19 19 19 19 17 19 14 17 15 18 18 18 16 20 16 20 20 20 20 17 20 21 17 21 21 21 21 18 21 18 
3x6x8
01 02 01 02 02 02 02 03 02 04 03 04 04 04 04 05 04 05 01 01 01 06 07 06 07 07 07 07 03 07 08 03 08 05 05 05 09 01 10 06 06 06 09 03 10 11 03 11 08 08 08 12 05 12 09 13 10 09 06 10 09 13 10 11 11 11 14 08 14 12 12 12 15 13 16 09 13 10 15 13 16 17 11 18 14 14 14 17 12 18 15 19 16 15 13 16 15 20 16 17 20 18 17 14 18 17 21 18 19 19 19 15 22 16 22 22 22 22 20 22 17 20 18 21 21 21 19 23 19 23 23 23 23 20 23 24 20 24 24 24 24 21 24 21 
3x6x9
01 02 01 01 01 01 03 01 04 03 05 04 05 05 05 05 06 05 02 02 02 07 08 07 07 07 07 03 07 04 03 09 04 06 06 06 02 08 02 10 08 10 03 08 04 03 09 04 11 09 11 06 09 06 12 08 13 10 10 10 12 08 13 14 09 15 11 11 11 14 09 15 12 16 13 12 10 13 12 16 13 14 17 15 14 11 15 14 17 15 18 16 19 12 16 13 18 16 19 20 17 21 14 17 15 20 17 21 18 22 19 18 16 19 18 23 19 20 23 21 20 17 21 20 24 21 22 22 22 18 25 19 25 25 25 25 23 25 20 23 21 24 24 24 22 26 22 26 26 26 26 23 26 27 23 27 27 27 27 24 27 24 

5x6x7
01 02 02 03 03 02 02 03 03 04 01 02 02 03 03 05 06 06 07 07 06 06 07 07 08 05 06 06 07 07 01 09 10 09 04 01 09 09 09 04 01 11 09 12 04 05 11 13 12 08 05 13 13 13 08 05 13 14 13 08 15 10 10 10 04 01 16 17 16 18 15 16 16 16 04 19 11 16 12 08 05 11 20 12 21 19 14 14 14 08 15 10 22 10 18 15 17 17 17 18 15 11 23 12 18 19 11 23 12 21 19 20 20 20 21 19 14 24 14 21 25 22 22 22 18 15 17 26 17 27 25 26 26 26 18 28 26 23 26 21 19 20 23 20 29 28 24 24 24 21 25 22 30 22 27 25 30 30 30 27 25 30 23 30 27 28 31 23 31 29 28 31 31 31 29 28 24 31 24 29 32 32 33 33 27 25 32 32 33 33 32 32 33 33 27 34 34 35 35 29 28 34 34 35 35 34 34 35 35 29 
5x6x11
01 02 02 03 03 02 02 03 03 04 01 02 02 03 03 05 06 06 07 07 06 06 07 07 08 05 06 06 07 07 01 09 10 09 04 01 09 09 09 04 01 11 09 12 04 05 11 13 12 08 05 13 13 13 08 05 13 14 13 08 15 10 10 10 04 01 16 17 16 17 15 16 16 16 04 18 11 16 12 08 05 11 19 12 19 18 14 14 14 08 15 10 20 10 21 15 22 17 17 17 15 11 20 12 21 18 11 23 12 24 18 25 19 19 19 18 14 23 14 24 26 22 20 27 21 15 22 20 17 21 26 22 20 27 21 28 25 23 29 24 18 25 23 19 24 28 25 23 29 24 26 22 30 27 30 26 31 20 27 21 26 22 32 27 32 28 25 33 29 33 28 34 23 29 24 28 25 35 29 35 36 31 30 30 30 26 31 37 27 38 36 31 32 32 32 39 34 33 33 33 28 34 40 29 41 39 34 35 35 35 36 31 42 30 38 36 37 37 37 38 36 31 43 32 38 39 34 43 33 41 39 40 40 40 41 39 34 44 35 41 45 42 42 42 38 36 37 46 37 47 45 46 46 46 38 48 46 43 46 41 39 40 43 40 49 48 44 44 44 41 45 42 50 42 47 45 50 50 50 47 45 50 43 50 47 48 51 43 51 49 48 51 51 51 49 48 44 51 44 49 52 52 53 53 47 45 52 52 53 53 52 52 53 53 47 54 54 55 55 49 48 54 54 55 55 54 54 55 55 49 

6x8x8
01 02 02 03 03 04 02 02 05 05 06 04 01 02 02 07 06 08 09 10 09 07 11 08 09 09 09 11 11 11 12 09 12 11 13 11 12 12 12 13 13 13 14 12 14 13 15 13 01 16 17 17 03 03 01 17 17 05 05 04 01 16 17 17 06 04 10 10 10 07 06 08 18 19 19 07 20 08 19 19 21 21 20 22 18 19 19 23 23 22 14 14 14 15 15 15 24 16 25 03 03 04 01 16 05 05 06 04 24 16 25 07 06 08 10 26 10 07 20 08 18 27 28 28 20 22 18 28 28 21 21 22 18 27 28 28 23 23 29 14 29 15 30 15 24 31 25 32 33 32 24 16 25 33 33 33 24 34 25 33 35 33 26 26 26 35 35 35 36 27 36 35 20 35 18 27 21 21 20 22 37 27 38 23 23 22 29 29 29 30 30 30 31 31 31 32 32 32 24 34 25 39 39 40 41 34 42 42 43 40 26 34 26 44 43 44 36 36 36 44 44 44 37 27 38 45 44 45 37 46 38 45 45 45 37 29 38 30 45 30 31 47 31 48 32 48 41 34 49 49 39 39 41 49 49 42 42 40 41 34 49 49 43 40 50 36 50 51 43 52 37 46 38 51 53 52 54 46 55 55 53 56 37 46 38 57 57 56 47 47 47 48 48 48 41 58 58 39 39 40 58 58 42 42 43 40 41 58 58 51 43 52 50 50 50 51 53 52 54 46 59 59 53 56 54 59 59 55 55 56 54 46 59 59 57 57 47 60 47 61 48 61 60 60 60 61 61 61 60 62 60 63 61 63 62 62 62 63 63 63 62 50 62 51 63 52 54 64 64 51 53 52 64 64 55 55 53 56 54 64 64 57 57 56 
