Prime boxes of the No.29-Hexomino  Toshihiro Shirakawa 2015.04.17

Update 2015.04.20
       4x15x[24,30,36,42]

minimal 24
3x6x8

Possible
3x 6x[8,10,12,13,14,15,17,19]

3x 7x[12,18]
3x 9x[12,18]
3x11x[12,18]

4x15x[24,30,36,42]

6x 6x[6,9,11]
6x 7x[9,15]
6x 9x[9,11]

Prime
3x 6x[8,10,12,13,14,15,17,19]

3x 7x[12,18]
3x 9x[12,18]
3x11x[12,18]

6x 6x[6,9,11]
6x 7x[9,15]
6x 9x[9,11]

Impossible
3x6x[6,7,9,11]
4x[-11]xN
5x6xN
6x6x7


Solutions
3x6x8
01 02 03 01 01 03 04 01 01 04 04 01 05 04 04 05 06 04 07 02 08 09 02 03 09 09 03 05 09 09 05 06 09 10 06 11 07 08 08 07 02 12 05 02 03 05 06 03 13 06 11 10 10 11 08 08 14 07 12 12 07 02 15 16 06 11 13 13 11 17 10 10 08 14 14 12 12 15 07 18 15 16 19 11 16 13 13 17 17 10 14 14 15 12 18 15 20 18 21 20 19 21 16 19 13 16 17 17 14 18 15 20 18 22 20 22 22 22 22 21 22 19 21 16 19 17 20 18 23 20 23 23 23 23 24 23 24 24 24 24 21 24 19 21 
3x6x10
01 02 03 01 01 03 04 01 01 04 04 01 05 04 04 05 06 04 07 02 08 09 02 03 09 09 03 05 09 09 05 06 09 10 06 11 07 08 08 07 02 12 05 02 03 05 06 03 13 06 11 10 10 11 08 08 14 07 12 12 07 02 15 16 06 11 13 13 11 17 10 10 08 14 14 12 12 15 07 18 15 16 19 11 16 13 13 17 17 10 14 14 15 12 18 15 20 18 21 22 19 23 16 19 13 16 17 17 14 18 15 20 18 21 20 24 21 22 25 23 22 19 23 16 19 17 20 18 21 20 24 21 26 24 27 26 25 27 22 25 23 22 19 23 20 24 21 26 24 28 26 28 28 28 28 27 28 25 27 22 25 23 26 24 29 26 29 29 29 29 30 29 30 30 30 30 27 30 25 27 
3x6x12
01 02 03 01 01 03 04 01 01 04 04 01 05 04 04 05 06 04 07 02 08 09 02 03 09 09 03 05 09 09 05 06 09 10 06 11 07 12 08 07 02 08 05 02 03 05 06 03 10 06 11 10 13 11 14 12 15 07 12 08 07 02 08 10 06 11 10 13 11 16 13 17 14 15 15 14 12 18 07 12 08 10 13 11 19 13 17 16 16 17 15 15 20 14 18 18 14 12 21 22 13 17 19 19 17 23 16 16 15 20 20 18 18 21 14 24 21 22 25 17 22 19 19 23 23 16 20 20 21 18 24 21 26 24 27 28 25 29 22 25 19 22 23 23 20 24 21 26 24 27 26 30 27 28 31 29 28 25 29 22 25 23 26 24 27 26 30 27 32 30 33 32 31 33 28 31 29 28 25 29 26 30 27 32 30 34 32 34 34 34 34 33 34 31 33 28 31 29 32 30 35 32 35 35 35 35 36 35 36 36 36 36 33 36 31 33 
3x6x13
01 02 03 01 01 03 04 01 01 04 04 01 05 04 04 05 06 04 07 02 08 09 02 03 09 09 03 05 09 09 05 06 09 10 06 11 07 08 08 07 02 12 05 02 03 05 06 03 10 06 13 10 11 11 08 08 14 07 12 12 07 02 15 10 06 15 10 13 13 11 11 16 08 14 14 12 12 15 07 17 15 10 17 18 13 13 18 11 16 16 14 14 15 12 17 15 19 17 18 19 20 18 13 20 21 16 16 21 14 17 22 19 17 18 19 20 18 23 20 21 23 24 21 16 24 25 19 22 22 19 20 26 23 20 21 23 24 21 27 24 28 27 25 25 22 22 29 23 26 26 23 24 30 27 24 31 27 28 28 25 25 32 22 29 29 26 26 30 27 33 30 27 34 31 28 28 31 25 32 32 29 29 30 26 33 30 35 33 36 35 34 36 28 34 31 32 32 31 29 33 30 35 33 37 35 37 37 37 37 36 37 34 36 32 34 31 35 33 38 35 38 38 38 38 39 38 39 39 39 39 36 39 34 36 
3x6x14
01 02 03 01 01 03 04 01 01 04 04 01 05 04 04 05 06 04 07 02 08 09 02 03 09 09 03 05 09 09 05 06 09 10 06 11 07 12 08 07 02 08 05 02 03 05 06 03 10 06 11 10 13 11 14 12 15 07 12 08 07 02 08 10 06 11 10 13 11 16 13 17 14 15 15 14 12 18 07 12 08 10 13 11 19 13 17 16 16 17 15 15 20 14 18 18 14 12 21 22 13 17 19 19 17 23 16 16 15 20 20 18 18 21 14 24 21 22 25 17 22 19 19 23 23 16 20 20 21 18 24 21 26 24 27 28 25 29 22 25 19 22 23 23 20 24 21 30 24 27 26 26 27 28 29 29 28 25 31 22 25 23 32 24 27 30 30 27 33 26 26 29 29 34 28 31 31 28 25 35 32 32 27 33 30 30 33 36 26 29 37 34 31 31 34 28 35 35 33 32 32 33 36 30 38 36 39 38 37 39 31 37 34 35 35 34 33 36 32 38 36 40 38 40 40 40 40 39 40 37 39 35 37 34 38 36 41 38 41 41 41 41 42 41 42 42 42 42 39 42 37 39 
3x6x15
01 02 03 01 01 03 04 01 01 04 04 01 05 04 04 05 06 04 07 02 08 09 02 03 09 09 03 05 09 09 05 06 09 10 06 11 07 08 08 07 02 12 05 02 03 05 06 03 13 06 11 10 10 11 08 08 14 07 12 12 07 02 15 16 06 11 13 13 11 17 10 10 08 14 14 12 12 15 07 18 15 16 19 11 16 13 13 17 17 10 14 14 15 12 18 15 20 18 21 20 19 21 16 19 13 16 17 17 14 18 15 20 18 21 20 22 21 23 22 24 23 19 24 16 19 17 20 18 21 20 22 21 23 22 24 23 25 24 26 25 27 26 19 27 28 22 29 23 22 24 23 25 24 26 25 27 26 30 27 31 30 32 28 29 29 28 25 33 26 25 27 26 30 27 34 30 32 31 31 32 29 29 35 28 33 33 28 30 36 37 30 32 34 34 32 38 31 31 29 35 35 33 33 36 28 39 36 37 40 32 37 34 34 38 38 31 35 35 36 33 39 36 41 39 42 41 40 42 37 40 34 37 38 38 35 39 36 41 39 43 41 43 43 43 43 42 43 40 42 37 40 38 41 39 44 41 44 44 44 44 45 44 45 45 45 45 42 45 40 42 
3x6x17
01 02 03 01 01 03 04 01 01 04 04 01 05 04 04 05 06 04 07 02 08 09 02 03 09 09 03 05 09 09 05 06 09 10 06 11 07 12 08 07 02 08 05 02 03 05 06 03 13 06 11 10 10 11 14 12 15 07 12 08 07 02 08 16 06 11 13 13 11 17 10 10 14 15 15 14 12 18 07 12 08 16 19 11 16 13 13 17 17 10 15 15 20 14 18 18 14 12 21 22 19 21 16 19 13 16 17 17 15 20 20 18 18 21 14 23 21 22 23 24 22 19 24 16 19 17 20 20 21 18 23 21 25 23 24 25 26 24 22 26 27 22 19 27 20 23 28 25 23 24 25 26 24 29 26 27 29 30 27 22 30 31 25 32 28 25 26 28 29 26 27 29 30 27 33 30 34 33 31 31 35 32 36 29 32 28 29 30 28 33 30 37 33 34 34 31 31 38 35 36 36 35 32 39 33 32 28 33 40 37 34 34 37 31 38 38 36 36 41 35 39 39 35 32 42 43 40 44 34 40 37 38 38 37 36 41 41 39 39 42 35 45 42 43 46 44 43 40 44 38 40 37 41 41 42 39 45 42 47 45 48 47 46 48 43 46 44 43 40 44 41 45 42 47 45 49 47 49 49 49 49 48 49 46 48 43 46 44 47 45 50 47 50 50 50 50 51 50 51 51 51 51 48 51 46 48 
3x6x19
01 02 03 01 01 03 04 01 01 04 04 01 05 04 04 05 06 04 07 02 08 09 02 03 09 09 03 05 09 09 05 06 09 10 06 11 07 12 08 07 02 08 05 02 03 05 06 03 13 06 11 10 10 11 14 12 15 07 12 08 07 02 08 16 06 11 13 13 11 17 10 10 14 15 15 14 12 18 07 12 08 16 19 11 16 13 13 17 17 10 15 15 20 14 18 18 14 12 21 22 19 21 16 19 13 16 17 17 15 20 20 18 18 21 14 23 21 22 23 24 22 19 24 16 19 17 20 20 21 18 23 21 25 23 24 25 26 24 22 26 27 22 19 27 20 23 28 25 23 24 25 26 24 29 26 27 29 30 27 22 30 31 25 32 28 25 26 28 29 26 27 29 30 27 33 30 34 33 31 31 35 32 36 29 32 28 29 30 28 33 30 37 33 34 34 31 31 38 35 39 36 35 32 36 33 32 28 33 40 37 34 34 37 31 38 38 41 39 42 35 39 36 35 32 36 43 40 44 34 40 37 38 38 37 41 42 42 41 39 45 35 39 36 43 46 44 43 40 44 38 40 37 42 42 47 41 45 45 41 39 48 49 46 50 43 46 44 43 40 44 42 47 47 45 45 48 41 51 48 49 52 50 49 46 50 43 46 44 47 47 48 45 51 48 53 51 54 53 52 54 49 52 50 49 46 50 47 51 48 53 51 55 53 55 55 55 55 54 55 52 54 49 52 50 53 51 56 53 56 56 56 56 57 56 57 57 57 57 54 57 52 54 

3x7x12
01 02 03 01 01 03 04 01 01 04 04 01 05 04 04 05 06 04 07 06 08 09 02 10 11 02 03 11 11 03 05 11 11 05 06 11 12 06 08 07 07 08 09 13 10 09 02 10 05 02 03 05 06 03 14 06 08 12 12 08 15 07 07 16 13 17 09 13 10 09 02 10 18 19 20 14 19 08 14 12 12 15 15 07 16 17 17 16 13 21 09 13 10 18 20 20 18 19 22 14 19 12 14 15 15 17 17 23 16 21 21 16 13 24 20 20 25 18 22 22 18 19 26 14 19 15 17 23 23 21 21 24 16 27 24 20 25 25 22 22 26 18 28 26 29 28 30 23 23 24 21 27 24 31 27 32 25 25 26 22 28 26 33 28 30 29 29 30 23 27 24 31 27 32 31 34 32 25 28 26 35 28 30 33 33 30 36 29 29 31 27 32 31 34 32 37 34 38 37 39 38 35 39 30 35 33 33 36 36 29 31 34 32 37 34 40 37 40 40 40 40 38 40 39 38 35 39 33 35 36 36 37 34 41 37 41 41 41 41 42 41 42 42 42 42 38 42 39 38 35 39 36 
3x7x18
01 02 03 01 01 03 04 01 01 04 04 01 05 04 04 05 06 04 07 06 08 09 02 10 11 02 03 11 11 03 05 11 11 05 06 11 12 06 08 07 07 08 09 13 10 09 02 10 05 02 03 05 06 03 14 06 08 12 12 08 15 07 07 16 13 17 09 13 10 09 02 10 18 19 20 14 19 08 14 12 12 15 15 07 16 21 17 16 13 17 09 13 10 18 20 20 18 19 22 14 19 12 14 15 15 23 21 24 16 21 17 16 13 17 20 20 25 18 22 22 18 19 26 14 19 15 23 27 24 23 21 24 16 21 17 20 25 25 22 22 26 18 28 26 29 28 30 31 27 32 23 27 24 23 21 24 25 25 26 22 28 26 33 28 30 29 29 30 31 34 32 31 27 32 23 27 24 25 28 26 35 28 30 33 33 30 36 29 29 37 34 38 31 34 32 31 27 32 39 40 41 35 40 30 35 33 33 36 36 29 37 42 38 37 34 38 31 34 32 39 41 41 39 40 43 35 40 33 35 36 36 44 42 45 37 42 38 37 34 38 41 41 46 39 43 43 39 40 47 35 40 36 44 45 45 44 42 48 37 42 38 41 46 46 43 43 47 39 49 47 50 49 51 45 45 52 44 48 48 44 42 53 46 46 47 43 49 47 54 49 51 50 50 51 45 52 52 48 48 53 44 55 53 46 49 47 56 49 51 54 54 51 57 50 50 52 52 53 48 55 53 58 55 59 58 60 59 56 60 51 56 54 54 57 57 50 52 55 53 58 55 61 58 61 61 61 61 59 61 60 59 56 60 54 56 57 57 58 55 62 58 62 62 62 62 63 62 63 63 63 63 59 63 60 59 56 60 57 

3x9x12
01 02 03 01 01 03 04 01 01 04 04 01 05 04 04 05 06 04 07 06 08 07 09 08 10 09 11 12 02 13 14 02 03 14 14 03 05 14 14 05 06 14 07 06 08 07 09 08 15 09 11 10 10 11 12 16 13 12 02 13 05 02 03 05 06 03 07 06 08 07 09 08 17 09 11 15 15 11 18 10 10 19 16 20 12 16 13 12 02 13 21 22 23 24 22 25 24 26 25 17 26 11 17 15 15 18 18 10 19 20 20 19 16 27 12 16 13 21 23 23 21 22 28 24 22 25 24 26 25 17 26 15 17 18 18 20 20 29 19 27 27 19 16 30 23 23 31 21 28 28 21 22 32 24 22 25 24 26 25 17 26 18 20 29 29 27 27 30 19 33 30 23 31 31 28 28 32 21 34 32 35 34 36 35 37 36 38 37 39 29 29 30 27 33 30 40 33 41 31 31 32 28 34 32 35 34 36 35 37 36 42 37 39 38 38 39 29 33 30 40 33 41 40 43 41 31 34 32 35 34 36 35 37 36 44 37 39 42 42 39 45 38 38 40 33 41 40 43 41 46 43 47 46 48 47 49 48 50 49 51 50 44 51 39 44 42 42 45 45 38 40 43 41 46 43 52 46 52 52 52 52 47 52 48 47 49 48 50 49 51 50 44 51 42 44 45 45 46 43 53 46 53 53 53 53 54 53 54 54 54 54 47 54 48 47 49 48 50 49 51 50 44 51 45 
3x9x18
01 02 03 01 01 03 04 01 01 04 04 01 05 04 04 05 06 04 07 06 08 07 09 08 10 09 11 12 02 13 14 02 03 14 14 03 05 14 14 05 06 14 07 06 08 07 09 08 15 09 11 10 10 11 12 16 13 12 02 13 05 02 03 05 06 03 07 06 08 07 09 08 17 09 11 15 15 11 18 10 10 19 16 20 12 16 13 12 02 13 21 22 23 24 22 25 24 26 25 17 26 11 17 15 15 18 18 10 19 27 20 19 16 20 12 16 13 21 23 23 21 22 28 24 22 25 24 26 25 17 26 15 17 18 18 29 27 30 19 27 20 19 16 20 23 23 31 21 28 28 21 22 32 24 22 25 24 26 25 17 26 18 29 33 30 29 27 30 19 27 20 23 31 31 28 28 32 21 34 32 35 34 36 35 37 36 38 37 39 40 33 41 29 33 30 29 27 30 31 31 32 28 34 32 35 34 36 35 37 36 42 37 39 38 38 39 40 43 41 40 33 41 29 33 30 31 34 32 35 34 36 35 37 36 44 37 39 42 42 39 45 38 38 46 43 47 40 43 41 40 33 41 48 49 50 51 49 52 51 53 52 44 53 39 44 42 42 45 45 38 46 54 47 46 43 47 40 43 41 48 50 50 48 49 55 51 49 52 51 53 52 44 53 42 44 45 45 56 54 57 46 54 47 46 43 47 50 50 58 48 55 55 48 49 59 51 49 52 51 53 52 44 53 45 56 57 57 56 54 60 46 54 47 50 58 58 55 55 59 48 61 59 62 61 63 62 64 63 65 64 66 57 57 67 56 60 60 56 54 68 58 58 59 55 61 59 62 61 63 62 64 63 69 64 66 65 65 66 57 67 67 60 60 68 56 70 68 58 61 59 62 61 63 62 64 63 71 64 66 69 69 66 72 65 65 67 67 68 60 70 68 73 70 74 73 75 74 76 75 77 76 78 77 71 78 66 71 69 69 72 72 65 67 70 68 73 70 74 73 75 74 76 75 79 76 79 79 79 79 77 79 78 77 71 78 69 71 72 72 73 70 74 73 75 74 76 75 80 76 80 80 80 80 81 80 81 81 81 81 77 81 78 77 71 78 72 

3x11x12
01 02 03 01 01 03 04 01 01 04 04 01 05 04 04 05 06 04 07 06 08 07 09 08 10 09 11 10 12 11 13 12 14 15 02 16 17 02 03 17 17 03 05 17 17 05 06 17 07 06 08 07 09 08 10 09 11 10 12 11 18 12 14 13 13 14 15 19 16 15 02 16 05 02 03 05 06 03 07 06 08 07 09 08 10 09 11 10 12 11 20 12 14 18 18 14 21 13 13 22 19 23 15 19 16 15 02 16 24 25 26 27 25 28 27 27 28 29 27 27 29 30 27 20 30 14 20 18 18 21 21 13 22 23 23 22 19 31 15 19 16 24 26 26 24 25 32 33 25 28 33 33 28 29 33 33 29 30 33 20 30 18 20 21 21 23 23 34 22 31 31 22 19 35 26 26 36 24 32 32 24 25 37 38 25 28 38 38 28 29 38 38 29 30 38 20 30 21 23 34 34 31 31 35 22 39 35 26 36 36 32 32 37 24 40 37 41 40 42 41 42 42 42 42 43 42 44 43 45 44 46 34 34 35 31 39 35 47 39 48 36 36 37 32 40 37 41 40 49 41 49 49 49 49 43 49 44 43 50 44 46 45 45 46 34 39 35 47 39 48 47 51 48 36 40 37 41 40 52 41 52 52 52 52 43 52 44 43 53 44 46 50 50 46 54 45 45 47 39 48 47 51 48 55 51 56 55 57 56 58 57 59 58 60 59 61 60 62 61 63 62 53 63 46 53 50 50 54 54 45 47 51 48 55 51 64 55 64 64 64 64 56 64 57 56 58 57 59 58 60 59 61 60 62 61 63 62 53 63 50 53 54 54 55 51 65 55 65 65 65 65 66 65 66 66 66 66 56 66 57 56 58 57 59 58 60 59 61 60 62 61 63 62 53 63 54 
3x11x18
01 02 03 01 01 03 04 01 01 04 04 01 05 04 04 05 05 04 06 05 05 06 06 05 07 06 06 07 08 06 09 08 10 11 02 12 13 02 03 13 13 03 14 13 13 14 15 13 16 15 17 16 16 17 07 16 16 07 08 16 18 08 10 09 09 10 11 12 12 11 02 19 20 02 03 20 21 03 14 21 17 14 15 17 07 15 22 07 08 22 23 08 10 18 18 10 24 09 09 12 12 25 11 19 19 11 02 26 20 27 17 20 21 17 14 21 22 14 15 22 28 15 29 23 30 10 23 18 18 24 24 09 12 25 25 19 19 31 11 32 26 33 27 26 20 27 22 20 21 22 34 21 35 28 36 29 28 30 29 23 30 18 23 24 24 25 25 37 19 38 31 33 32 31 33 32 26 39 27 26 39 27 40 34 41 35 34 36 35 28 36 29 28 30 29 23 30 24 25 37 37 33 38 42 33 38 31 39 32 31 39 32 26 43 27 40 43 41 40 34 41 35 34 36 35 28 36 29 44 30 45 37 37 46 33 42 42 39 38 47 39 38 31 43 32 48 43 49 48 50 49 40 50 41 40 34 41 35 51 36 45 44 44 45 37 46 46 42 42 47 52 53 47 43 38 48 43 49 48 50 49 54 50 55 54 56 55 40 56 41 45 51 51 45 57 44 44 46 46 47 42 53 47 52 53 48 52 49 48 50 49 54 50 55 54 56 55 58 56 59 58 60 59 45 60 51 51 57 57 44 46 53 47 61 53 62 61 63 62 52 63 54 52 55 54 56 55 58 56 59 58 60 59 64 60 65 64 66 65 51 66 57 57 67 53 68 67 63 68 61 63 62 61 69 62 52 69 58 70 59 58 60 59 71 60 65 71 66 65 64 66 72 64 73 72 57 74 63 75 67 63 68 67 69 68 61 69 62 61 76 62 70 76 77 70 65 77 66 65 71 66 72 71 78 72 64 73 73 64 74 75 75 74 69 79 67 69 68 67 76 68 80 76 77 80 80 77 70 80 80 70 72 80 81 72 71 78 78 71 82 73 73 75 75 83 74 79 79 74 76 84 85 76 77 85 85 77 86 85 85 86 86 85 70 86 86 81 87 86 81 78 78 82 82 73 75 83 83 79 79 84 74 88 84 89 88 90 89 91 90 92 91 93 92 94 93 95 94 96 95 87 96 81 87 78 81 82 82 83 83 84 79 88 84 89 88 90 89 91 90 92 91 93 92 94 93 95 94 97 95 97 97 97 97 96 97 87 96 81 87 82 83 88 84 89 88 90 89 91 90 92 91 93 92 94 93 95 94 98 95 98 98 98 98 99 98 99 99 99 99 96 99 87 96 


4x15x24
01 02 03 04 01 01 03 05 06 01 01 05 06 06 01 07 08 06 06 07 08 09 06 10 11 09 09 10 11 11 09 09 12 11 11 09 12 13 11 14 15 13 13 14 15 16 13 13 17 16 16 13 17 18 16 16 19 18 20 16 21 02 04 04 22 02 03 23 22 22 03 05 08 22 22 05 08 24 22 07 25 24 26 07 27 27 26 10 12 27 27 10 12 28 27 27 15 28 29 30 15 31 29 14 17 31 31 14 17 18 31 31 32 18 20 31 19 19 20 33 21 04 04 34 21 02 23 23 08 02 03 35 08 36 03 05 25 36 26 05 25 24 26 07 12 24 37 07 12 38 37 10 15 38 29 10 15 28 29 30 17 28 39 30 17 18 39 14 40 18 20 14 32 32 20 33 41 19 19 33 42 04 34 34 21 23 23 35 21 02 43 35 25 44 26 45 25 36 26 45 46 36 37 47 46 24 37 48 49 24 29 48 49 38 29 50 51 38 39 50 52 28 39 30 52 28 53 30 40 54 20 33 40 32 32 33 41 41 19 55 42 34 34 35 42 23 56 35 21 57 43 45 25 44 43 45 46 44 37 47 46 36 37 47 49 36 58 58 49 58 58 48 58 58 39 48 51 38 39 50 51 38 53 50 52 54 53 30 52 54 59 33 40 60 32 55 40 41 41 55 61 34 62 35 42 63 56 45 42 57 56 45 46 57 43 47 46 44 43 47 49 44 64 65 49 64 64 66 64 64 66 66 64 66 66 48 67 66 53 48 51 54 53 50 51 54 59 50 52 60 59 55 52 60 68 55 40 69 41 70 61 62 62 71 61 63 72 72 42 63 56 73 74 57 56 47 74 57 43 65 75 44 76 65 75 76 76 77 76 76 77 77 76 77 77 78 67 77 53 78 67 54 59 79 51 60 59 79 80 60 68 55 81 81 68 70 82 69 69 70 62 62 83 71 61 72 72 71 61 63 73 73 84 63 56 65 74 57 85 65 74 86 85 87 75 86 88 88 75 88 88 78 88 88 89 78 90 91 89 79 67 91 59 79 67 60 68 92 80 80 68 70 82 81 81 70 82 93 69 69 62 94 83 95 72 72 83 71 61 73 73 71 84 63 96 65 84 86 96 87 74 86 85 87 74 97 85 78 75 97 98 78 75 91 98 79 90 91 89 79 90 99 89 92 67 99 68 92 82 80 80 70 82 93 81 81 100 93 101 69 102 94 94 95 103 103 83 95 104 73 83 71 105 86 106 87 84 86 96 87 84 97 96 107 108 97 85 107 108 91 85 109 110 91 98 109 110 99 98 92 90 99 89 92 90 111 89 112 82 93 80 113 100 93 114 114 100 101 101 115 102 116 94 94 102 103 103 95 104 104 83 95 105 106 106 87 105 97 117 107 84 97 96 107 118 118 96 109 108 118 118 109 108 99 118 118 110 99 98 92 110 119 98 112 90 111 111 112 100 93 113 113 100 114 114 115 101 101 120 115 121 116 122 94 102 116 103 103 102 104 104 95 106 106 123 107 105 117 117 107 105 124 125 109 126 124 124 109 126 126 124 124 108 126 126 124 108 127 126 112 110 119 119 112 110 128 111 111 100 113 113 115 114 114 120 115 101 129 120 130 121 122 122 131 121 116 132 132 102 116 104 133 106 123 123 134 117 117 125 134 105 135 125 136 137 135 135 136 137 137 135 135 138 137 137 135 138 127 137 112 139 127 119 119 139 128 128 111 140 113 120 115 141 141 120 130 142 129 129 130 122 122 143 131 121 132 132 131 121 116 133 133 123 123 125 144 117 145 125 134 146 145 147 134 148 148 147 136 138 148 148 136 138 149 148 148 139 149 150 151 139 127 150 119 152 127 128 128 140 140 120 130 142 141 141 130 142 153 129 129 122 154 143 155 132 132 143 131 121 133 133 131 123 156 125 144 146 156 147 144 146 145 147 134 138 145 157 134 138 158 157 136 139 158 150 136 139 149 150 151 152 149 159 151 152 127 159 128 142 140 140 130 142 153 141 141 160 153 161 129 162 154 154 155 163 163 143 155 164 133 143 131 146 165 147 166 146 156 147 144 167 156 157 144 167 145 157 168 169 145 150 168 169 158 150 170 152 158 159 170 152 149 159 151 171 149 172 151 142 153 140 173 160 153 174 174 160 161 161 175 162 162 154 154 164 163 163 155 164 176 143 155 146 165 177 166 167 165 157 166 167 156 157 144 169 156 178 178 169 178 178 168 178 178 159 168 152 158 159 170 171 158 172 170 171 179 172 151 160 153 180 173 160 174 174 173 161 161 175 175 164 162 162 154 164 181 163 163 182 176 177 155 167 176 177 183 167 165 184 166 169 165 185 166 169 185 185 186 185 185 186 186 185 186 186 168 171 186 172 168 171 187 172 170 188 179 180 170 160 179 180 189 174 174 190 173 161 175 175 173 164 191 162 192 182 181 177 193 182 181 177 193 194 176 184 183 194 176 184 183 195 165 196 166 195 196 196 197 196 196 197 197 196 197 197 198 171 197 172 198 188 187 180 199 188 187 180 199 200 179 190 189 200 179 190 189 201 175 202 173 182 191 192 192 182 191 177 203 204 181 184 193 205 181 184 193 194 176 206 183 194 207 206 183 195 207 208 208 195 208 208 198 208 208 209 198 188 210 209 199 188 210 180 199 200 187 190 211 200 187 190 212 213 179 202 189 201 201 202 189 182 192 192 214 204 191 203 203 204 191 184 215 205 181 206 193 205 207 206 193 194 207 216 183 194 217 216 198 195 217 218 198 195 219 218 199 188 219 209 199 200 210 209 211 200 210 190 211 220 187 202 212 213 213 202 212 221 201 201 189 204 192 214 214 204 203 203 215 222 191 206 215 222 207 206 223 205 207 216 223 205 217 216 224 225 217 226 224 225 227 226 228 229 227 218 228 229 219 218 211 230 219 209 211 230 210 209 231 220 210 202 231 220 213 213 212 221 221 201 212 204 214 214 215 222 203 232 215 222 232 232 223 232 232 216 223 232 217 216 224 205 217 226 224 233 233 226 228 225 233 233 228 225 227 233 233 229 227 218 211 229 219 218 234 230 219 234 234 230 234 234 231 220 234 213 231 220 221 221 212 222 214 235 215 222 235 235 223 235 235 236 223 235 236 236 224 236 236 226 224 236 237 226 228 238 237 237 228 238 238 237 237 225 238 238 237 225 227 238 239 229 227 239 239 229 239 239 240 230 239 240 240 230 240 240 231 220 240 221 231 
4x15x30
01 02 03 04 01 01 03 05 06 01 01 05 06 06 01 07 08 06 06 07 08 09 06 10 11 09 09 10 11 11 09 09 12 11 11 09 12 13 11 14 15 13 13 14 15 16 13 13 17 16 16 13 17 18 16 16 19 18 20 16 21 02 04 04 22 02 03 23 22 22 03 05 08 22 22 05 08 24 22 07 25 24 26 07 27 27 26 10 12 27 27 10 12 28 27 27 15 28 29 30 15 31 29 14 17 31 31 14 17 18 31 31 32 18 20 31 19 19 20 33 21 04 04 34 21 02 23 23 08 02 03 35 08 36 03 05 25 36 26 05 25 24 26 07 12 24 37 07 12 38 37 10 15 38 29 10 15 28 29 30 17 28 39 30 17 18 39 14 40 18 20 14 32 32 20 33 41 19 19 33 42 04 34 34 21 23 23 35 21 02 43 35 25 44 26 45 25 36 26 45 46 36 37 47 46 24 37 48 49 24 29 48 49 38 29 50 51 38 39 50 52 28 39 30 52 28 53 30 40 54 20 33 40 32 32 33 41 41 19 55 42 34 34 35 42 23 56 35 21 57 43 45 25 44 43 45 46 44 37 47 46 36 37 47 49 36 58 58 49 58 58 48 58 58 39 48 51 38 39 50 51 38 53 50 52 54 53 30 52 54 59 33 40 60 32 55 40 41 41 55 61 34 62 35 42 63 56 45 42 57 56 45 46 57 43 47 46 44 43 47 49 44 64 65 49 64 64 66 64 64 66 66 64 66 66 48 67 66 53 48 51 54 53 50 51 54 59 50 52 60 59 55 52 60 68 55 40 69 41 70 61 62 62 71 61 63 72 72 42 63 56 73 74 57 56 47 74 57 43 65 75 44 76 65 75 76 76 77 76 76 77 77 76 77 77 78 67 77 53 78 67 54 59 79 51 60 59 79 80 60 68 55 81 81 68 70 82 69 69 70 62 62 83 71 61 72 72 71 61 63 73 73 84 63 56 65 74 57 85 65 74 86 85 87 75 86 88 88 75 88 88 78 88 88 89 78 90 91 89 79 67 91 59 79 67 60 68 92 80 80 68 70 82 81 81 70 82 93 69 69 62 94 83 95 72 72 83 71 61 73 73 71 84 63 96 65 84 86 96 87 74 86 85 87 74 97 85 78 75 97 98 78 75 91 98 79 90 91 89 79 90 99 89 92 67 99 68 92 82 80 80 70 82 93 81 81 100 93 101 69 102 94 94 95 103 103 83 95 104 73 83 71 105 86 106 87 84 86 96 87 84 97 96 107 108 97 85 107 108 91 85 109 110 91 98 109 110 99 98 92 90 99 89 92 90 111 89 112 82 93 80 113 100 93 114 114 100 101 101 115 102 116 94 94 102 103 103 95 104 104 83 95 105 106 106 87 105 97 117 107 84 97 96 107 118 118 96 109 108 118 118 109 108 99 118 118 110 99 98 92 110 119 98 112 90 111 111 112 100 93 113 113 100 114 114 115 101 101 120 115 121 116 122 94 102 116 103 103 102 104 104 95 106 106 123 107 105 117 117 107 105 124 125 109 126 124 124 109 126 126 124 124 108 126 126 124 108 127 126 112 110 119 119 112 110 128 111 111 100 113 113 115 114 114 120 115 101 129 120 130 121 122 122 131 121 116 132 132 102 116 104 133 106 123 123 134 117 117 125 134 105 135 125 136 137 135 135 136 137 137 135 135 138 137 137 135 138 127 137 112 139 127 119 119 139 128 128 111 140 113 120 115 141 141 120 130 142 129 129 130 122 122 143 131 121 132 132 131 121 116 133 133 123 123 125 144 117 145 125 134 146 145 147 134 148 148 147 136 138 148 148 136 138 149 148 148 139 149 150 151 139 127 150 119 152 127 128 128 140 140 120 130 142 141 141 130 142 153 129 129 122 154 143 155 132 132 143 131 121 133 133 131 123 156 125 144 146 156 147 144 146 145 147 134 138 145 157 134 138 158 157 136 139 158 150 136 139 149 150 151 152 149 159 151 152 127 159 128 142 140 140 130 142 153 141 141 160 153 161 129 162 154 154 155 163 163 143 155 164 133 143 131 146 165 147 166 146 156 147 144 167 156 157 144 167 145 157 168 169 145 150 168 169 158 150 170 152 158 159 170 152 149 159 151 171 149 172 151 142 153 140 173 160 153 174 174 160 161 161 175 162 162 154 154 164 163 163 155 164 176 143 155 146 165 177 166 167 165 157 166 167 156 157 144 169 156 178 178 169 178 178 168 178 178 159 168 152 158 159 170 171 158 172 170 171 179 172 151 160 153 180 173 160 174 174 173 161 161 175 175 164 162 162 154 164 181 163 163 182 176 177 155 167 176 177 183 167 165 184 166 169 165 185 166 169 185 185 186 185 185 186 186 185 186 186 168 171 186 172 168 171 187 172 170 188 179 180 170 160 179 180 189 174 174 190 173 161 175 175 173 164 191 162 192 182 181 177 193 182 181 177 193 194 176 184 183 194 176 184 183 195 165 196 166 195 196 196 197 196 196 197 197 196 197 197 198 171 197 172 198 188 187 180 199 188 187 180 199 200 179 190 189 200 179 190 189 201 175 202 173 182 191 203 192 182 191 177 192 194 181 184 193 194 181 184 193 195 176 204 183 195 205 206 183 207 206 206 208 206 206 208 208 206 208 208 209 188 208 210 198 188 211 180 198 200 187 190 199 200 187 190 199 201 179 202 189 201 212 202 189 182 213 203 214 194 191 203 192 194 191 184 192 195 181 215 193 195 216 204 193 217 205 204 183 207 205 218 218 207 218 218 209 218 218 210 209 188 211 210 219 200 211 220 198 200 221 190 198 201 187 202 199 201 212 202 199 222 212 223 189 224 213 213 214 225 225 203 214 226 191 203 192 227 215 215 228 227 216 229 229 217 216 204 230 217 205 204 209 207 205 210 209 207 211 210 219 231 211 220 219 232 232 220 233 234 221 221 233 201 212 202 235 222 212 236 236 222 223 223 237 224 224 213 213 226 225 225 214 226 238 203 214 215 215 239 228 227 229 229 228 227 216 230 230 217 216 204 209 217 205 210 219 207 211 220 219 231 231 220 233 234 232 232 233 234 240 221 221 222 212 241 235 222 236 236 235 223 223 237 237 226 224 224 213 226 238 225 225 242 238 239 214 215 243 239 244 229 229 245 228 227 230 230 228 227 216 246 246 217 246 246 219 246 246 220 233 234 231 231 233 234 247 232 232 248 240 249 221 222 240 241 250 236 236 241 235 223 237 237 235 226 238 224 251 242 238 239 252 242 243 239 252 253 243 245 244 253 254 245 244 255 230 256 228 255 256 256 257 256 256 257 257 256 257 257 258 234 257 231 258 248 247 259 260 248 247 249 260 261 240 249 250 261 240 241 250 262 237 241 235 242 238 251 251 242 243 239 263 264 243 245 252 265 254 245 252 253 254 266 244 253 267 266 244 255 267 268 268 255 268 268 258 268 268 269 258 248 270 269 260 248 270 259 260 261 247 259 271 261 247 249 272 273 240 249 250 262 262 241 250 242 251 251 274 264 243 263 263 264 254 245 275 265 254 266 252 265 267 266 252 253 267 276 244 253 277 276 258 255 277 278 258 255 279 278 260 248 279 269 260 261 270 269 271 261 270 259 271 280 247 259 272 273 273 249 272 281 262 262 250 264 251 274 274 264 263 263 275 282 254 266 275 282 267 266 283 265 267 276 283 265 277 276 284 285 277 286 284 285 287 286 288 289 287 278 288 289 279 278 271 290 279 269 271 290 270 269 291 280 270 259 291 280 273 273 272 281 281 262 272 264 274 274 275 282 263 292 275 282 292 292 283 292 292 276 283 292 277 276 284 265 277 286 284 293 293 286 288 285 293 293 288 285 287 293 293 289 287 278 271 289 279 278 294 290 279 294 294 290 294 294 291 280 294 273 291 280 281 281 272 282 274 295 275 282 295 295 283 295 295 296 283 295 296 296 284 296 296 286 284 296 297 286 288 298 297 297 288 298 298 297 297 285 298 298 297 285 287 298 299 289 287 299 299 289 299 299 300 290 299 300 300 290 300 300 291 280 300 281 291 
4x15x36
01 02 03 04 01 01 03 05 06 01 01 05 06 06 01 07 08 06 06 07 08 09 06 10 11 09 09 10 11 11 09 09 12 11 11 09 12 13 11 14 15 13 13 14 15 16 13 13 17 16 16 13 17 18 16 16 19 18 20 16 21 02 04 04 22 02 03 23 22 22 03 05 08 22 22 05 08 24 22 07 25 24 26 07 27 27 26 10 12 27 27 10 12 28 27 27 15 28 29 30 15 31 29 14 17 31 31 14 17 18 31 31 32 18 20 31 19 19 20 33 21 04 04 34 21 02 23 23 08 02 03 35 08 36 03 05 25 36 26 05 25 24 26 07 12 24 37 07 12 38 37 10 15 38 29 10 15 28 29 30 17 28 39 30 17 18 39 14 40 18 20 14 32 32 20 33 41 19 19 33 42 04 34 34 21 23 23 35 21 02 43 35 25 44 26 45 25 36 26 45 46 36 37 47 46 24 37 48 49 24 29 48 49 38 29 50 51 38 39 50 52 28 39 30 52 28 53 30 40 54 20 33 40 32 32 33 41 41 19 55 42 34 34 35 42 23 56 35 21 57 43 45 25 44 43 45 46 44 37 47 46 36 37 47 49 36 58 58 49 58 58 48 58 58 39 48 51 38 39 50 51 38 53 50 52 54 53 30 52 54 59 33 40 60 32 55 40 41 41 55 61 34 62 35 42 63 56 45 42 57 56 45 46 57 43 47 46 44 43 47 49 44 64 65 49 64 64 66 64 64 66 66 64 66 66 48 67 66 53 48 51 54 53 50 51 54 59 50 52 60 59 55 52 60 68 55 40 69 41 70 61 62 62 71 61 63 72 72 42 63 56 73 74 57 56 47 74 57 43 65 75 44 76 65 75 76 76 77 76 76 77 77 76 77 77 78 67 77 53 78 67 54 59 79 51 60 59 79 80 60 68 55 81 81 68 70 82 69 69 70 62 62 83 71 61 72 72 71 61 63 73 73 84 63 56 65 74 57 85 65 74 86 85 87 75 86 88 88 75 88 88 78 88 88 89 78 90 91 89 79 67 91 59 79 67 60 68 92 80 80 68 70 82 81 81 70 82 93 69 69 62 94 83 95 72 72 83 71 61 73 73 71 84 63 96 65 84 86 96 87 74 86 85 87 74 97 85 78 75 97 98 78 75 91 98 79 90 91 89 79 90 99 89 92 67 99 68 92 82 80 80 70 82 93 81 81 100 93 101 69 102 94 94 95 103 103 83 95 104 73 83 71 105 86 106 87 84 86 96 87 84 97 96 107 108 97 85 107 108 91 85 109 110 91 98 109 110 99 98 92 90 99 89 92 90 111 89 112 82 93 80 113 100 93 114 114 100 101 101 115 102 116 94 94 102 103 103 95 104 104 83 95 105 106 106 87 105 97 117 107 84 97 96 107 118 118 96 109 108 118 118 109 108 99 118 118 110 99 98 92 110 119 98 112 90 111 111 112 100 93 113 113 100 114 114 115 101 101 120 115 121 116 122 94 102 116 103 103 102 104 104 95 106 106 123 107 105 117 117 107 105 124 125 109 126 124 124 109 126 126 124 124 108 126 126 124 108 127 126 112 110 119 119 112 110 128 111 111 100 113 113 115 114 114 120 115 101 129 120 130 121 131 122 132 121 116 122 133 102 116 104 133 106 123 123 134 117 117 125 134 105 135 125 136 137 135 135 136 137 137 135 135 138 137 137 135 138 127 137 112 139 127 119 119 139 128 128 111 140 113 120 115 140 129 120 130 141 129 142 130 143 131 131 132 121 144 122 132 121 116 122 133 123 123 125 133 117 145 125 134 146 145 147 134 148 148 147 136 138 148 148 136 138 149 148 148 139 149 150 151 139 127 150 119 140 127 128 128 140 129 120 130 141 129 152 130 141 142 142 153 143 154 131 131 143 144 144 132 121 155 122 132 123 156 125 133 146 156 147 133 146 145 147 134 138 145 157 134 138 158 157 136 139 158 150 136 139 149 150 151 140 149 159 151 140 127 159 128 141 129 160 130 141 152 152 153 142 142 161 153 162 154 154 131 143 163 144 144 143 155 164 132 146 155 147 165 146 156 147 165 166 156 157 167 166 145 157 168 169 145 150 168 169 158 150 170 171 158 159 170 172 149 159 151 172 149 160 151 141 173 160 153 152 152 174 153 142 161 161 175 162 176 154 154 162 163 177 144 143 163 164 165 146 155 164 165 166 155 157 167 166 156 157 167 169 156 178 178 169 178 178 168 178 178 159 168 171 158 159 170 171 158 160 170 172 173 160 151 172 173 174 153 152 179 174 175 161 161 180 175 181 176 176 154 162 177 177 165 162 163 182 165 166 163 164 167 166 155 164 167 169 183 184 185 169 184 184 186 184 184 186 186 184 186 186 168 187 186 188 168 171 173 160 170 171 173 174 170 172 189 174 175 172 179 179 175 161 180 180 190 181 181 176 176 177 177 191 191 162 182 182 192 193 163 194 167 193 183 164 185 195 183 196 185 195 196 196 197 196 196 197 197 196 197 197 198 187 197 188 198 187 173 188 199 171 200 174 199 201 189 189 175 202 202 179 179 180 180 190 190 203 181 181 176 177 191 191 192 182 182 194 192 204 183 194 185 193 183 205 185 193 206 205 207 195 206 208 208 195 208 208 198 208 208 209 198 210 211 209 199 187 211 188 199 187 200 188 212 201 200 189 189 201 202 202 179 180 190 190 213 203 203 181 192 191 191 194 192 182 214 194 215 204 183 205 185 204 206 205 207 193 206 216 207 193 217 216 198 195 217 218 198 195 219 218 199 210 219 209 199 210 211 209 212 187 211 188 212 220 200 221 189 201 200 202 202 201 190 213 213 222 203 203 192 222 214 194 215 223 214 205 215 223 206 205 207 204 206 216 207 204 217 216 224 225 217 226 224 225 227 226 228 229 227 218 228 229 219 218 212 210 219 209 212 210 211 209 230 220 211 221 230 220 200 221 231 201 213 213 231 232 214 203 215 222 214 233 215 222 234 233 235 223 234 216 207 223 217 216 224 204 217 226 224 236 237 226 228 225 237 238 228 225 227 238 239 229 227 218 212 229 219 218 230 210 219 240 230 241 242 240 231 220 242 221 231 220 213 221 243 232 214 244 215 232 234 244 235 222 234 233 235 222 245 233 224 223 245 226 224 223 237 226 228 236 237 246 228 236 247 246 239 225 247 238 239 225 227 238 230 229 227 248 230 229 242 248 231 241 242 240 231 241 249 240 243 220 249 221 243 250 234 251 235 232 234 244 235 232 245 244 252 253 245 233 252 253 237 233 254 255 237 246 254 255 256 246 239 236 256 257 239 236 247 257 258 259 247 238 258 259 242 238 260 261 242 248 260 261 249 248 243 241 249 240 243 241 262 240 263 250 264 251 235 250 245 251 252 232 245 244 252 265 266 244 254 253 266 246 254 253 267 246 268 255 267 257 239 255 256 257 258 236 256 269 258 270 247 269 260 259 247 271 260 259 249 271 272 261 249 248 243 261 262 248 263 241 262 273 263 274 264 275 252 250 264 251 252 250 276 251 254 265 276 277 254 265 266 277 268 253 266 257 268 253 267 257 258 255 267 269 258 255 256 269 260 270 256 271 260 270 278 271 272 259 278 279 272 259 262 279 263 261 262 273 263 261 280 273 281 274 275 275 282 274 264 283 283 250 264 251 284 285 276 286 268 265 276 277 268 265 266 277 287 288 266 269 287 288 267 269 289 290 267 271 289 290 278 271 272 270 278 279 272 270 291 279 292 293 262 273 263 294 294 273 281 295 280 280 281 275 275 282 282 274 283 283 284 274 264 296 284 285 297 286 268 285 276 286 287 265 276 277 287 298 298 277 289 288 298 298 289 288 278 298 298 290 278 279 272 290 291 279 292 270 291 299 292 293 300 273 281 293 294 294 281 295 295 280 280 275 282 282 284 283 283 301 284 274 297 296 302 303 297 296 287 285 304 286 287 285 305 286 289 306 305 305 289 306 306 305 305 288 306 306 305 288 291 306 292 290 291 307 292 290 300 299 308 309 300 299 281 293 310 294 294 293 295 295 280 311 282 312 284 313 297 301 302 313 297 301 302 303 304 296 314 303 304 296 314 285 315 286 316 317 315 315 316 317 317 315 315 318 317 317 315 318 291 317 292 319 300 307 308 319 300 307 308 309 310 299 320 309 310 299 320 293 321 295 322 311 312 312 302 311 297 323 302 313 304 301 324 313 304 301 325 303 326 296 314 303 326 327 314 328 328 327 316 318 328 328 316 318 329 328 328 319 329 330 308 319 300 330 308 331 310 307 320 332 310 307 320 309 333 299 322 309 321 321 322 312 312 334 302 311 323 323 324 311 304 335 324 313 326 301 325 313 326 327 325 303 336 327 314 318 336 337 314 318 338 337 316 319 338 339 316 319 329 339 308 331 329 330 320 331 310 330 320 332 340 307 322 332 333 333 322 309 341 321 321 312 334 334 324 323 323 335 324 311 326 335 342 343 326 327 342 343 336 327 325 344 336 337 325 344 345 337 346 347 345 348 346 347 338 348 349 331 338 339 349 331 329 339 350 351 329 330 350 351 340 330 322 332 340 333 333 332 341 341 321 334 334 335 324 323 352 335 342 343 352 352 342 343 336 352 352 344 336 337 352 344 345 337 325 347 345 353 353 347 353 353 346 353 353 348 346 331 338 348 349 354 338 339 349 354 354 339 350 351 354 354 350 351 340 354 333 332 340 341 341 334 355 335 342 343 355 355 342 343 356 355 355 344 356 356 355 344 345 356 356 347 345 357 356 347 357 357 358 357 357 358 358 357 358 358 346 359 358 348 346 359 359 348 349 360 359 359 349 360 360 359 350 351 360 360 350 351 340 360 341 
4x15x42
01 02 03 04 01 01 03 05 06 01 01 05 06 06 01 07 08 06 06 07 08 09 06 10 11 09 09 10 11 11 09 09 12 11 11 09 12 13 11 14 15 13 13 14 15 16 13 13 17 16 16 13 17 18 16 16 19 18 20 16 21 02 04 04 22 02 03 23 22 22 03 05 08 22 22 05 08 24 22 07 25 24 26 07 27 27 26 10 12 27 27 10 12 28 27 27 15 28 29 30 15 31 29 14 17 31 31 14 17 18 31 31 32 18 20 31 19 19 20 33 21 04 04 34 21 02 23 23 08 02 03 35 08 36 03 05 25 36 26 05 25 24 26 07 12 24 37 07 12 38 37 10 15 38 29 10 15 28 29 30 17 28 39 30 17 18 39 14 40 18 20 14 32 32 20 33 41 19 19 33 42 04 34 34 21 23 23 35 21 02 43 35 25 44 26 45 25 36 26 45 46 36 37 47 46 24 37 48 49 24 29 48 49 38 29 50 51 38 39 50 52 28 39 30 52 28 53 30 40 54 20 33 40 32 32 33 41 41 19 55 42 34 34 35 42 23 56 35 21 57 43 45 25 44 43 45 46 44 37 47 46 36 37 47 49 36 58 58 49 58 58 48 58 58 39 48 51 38 39 50 51 38 53 50 52 54 53 30 52 54 59 33 40 60 32 55 40 41 41 55 61 34 62 35 42 63 56 45 42 57 56 45 46 57 43 47 46 44 43 47 49 44 64 65 49 64 64 66 64 64 66 66 64 66 66 48 67 66 53 48 51 54 53 50 51 54 59 50 52 60 59 55 52 60 68 55 40 69 41 70 61 62 62 71 61 63 72 72 42 63 56 73 74 57 56 47 74 57 43 65 75 44 76 65 75 76 76 77 76 76 77 77 76 77 77 78 67 77 53 78 67 54 59 79 51 60 59 79 80 60 68 55 81 81 68 70 82 69 69 70 62 62 83 71 61 72 72 71 61 63 73 73 84 63 56 65 74 57 85 65 74 86 85 87 75 86 88 88 75 88 88 78 88 88 89 78 90 91 89 79 67 91 59 79 67 60 68 92 80 80 68 70 82 81 81 70 82 93 69 69 62 94 83 95 72 72 83 71 61 73 73 71 84 63 96 65 84 86 96 87 74 86 85 87 74 97 85 78 75 97 98 78 75 91 98 79 90 91 89 79 90 99 89 92 67 99 68 92 82 80 80 70 82 93 81 81 100 93 101 69 102 94 94 95 103 103 83 95 104 73 83 71 105 86 106 87 84 86 96 87 84 97 96 107 108 97 85 107 108 91 85 109 110 91 98 109 110 99 98 92 90 99 89 92 90 111 89 112 82 93 80 113 100 93 114 114 100 101 101 115 102 116 94 94 102 103 103 95 104 104 83 95 105 106 106 87 105 97 117 107 84 97 96 107 118 118 96 109 108 118 118 109 108 99 118 118 110 99 98 92 110 119 98 112 90 111 111 112 100 93 113 113 100 114 114 115 101 101 120 115 121 116 122 94 102 116 103 103 102 104 104 95 106 106 123 107 105 117 117 107 105 124 125 109 126 124 124 109 126 126 124 124 108 126 126 124 108 127 126 112 110 119 119 112 110 128 111 111 100 113 113 115 114 114 120 115 101 129 120 130 121 131 122 132 121 116 122 133 102 116 104 133 106 123 123 134 117 117 125 134 105 135 125 136 137 135 135 136 137 137 135 135 138 137 137 135 138 127 137 112 139 127 119 119 139 128 128 111 140 113 120 115 140 129 120 130 141 129 142 130 143 131 131 132 121 144 122 132 121 116 122 133 123 123 125 133 117 145 125 134 146 145 147 134 148 148 147 136 138 148 148 136 138 149 148 148 139 149 150 151 139 127 150 119 140 127 128 128 140 129 120 130 141 129 152 130 141 142 142 153 143 154 131 131 143 144 144 132 121 155 122 132 123 156 125 133 146 156 147 133 146 145 147 134 138 145 157 134 138 158 157 136 139 158 150 136 139 149 150 151 140 149 159 151 140 127 159 128 141 129 160 130 141 152 152 153 142 142 161 153 162 154 154 131 143 163 144 144 143 155 164 132 146 155 147 165 146 156 147 165 166 156 157 167 166 145 157 168 169 145 150 168 169 158 150 170 171 158 159 170 172 149 159 151 172 149 160 151 141 173 160 153 152 152 174 153 142 161 161 175 162 176 154 154 162 163 177 144 143 163 164 165 146 155 164 165 166 155 157 167 166 156 157 167 169 156 178 178 169 178 178 168 178 178 159 168 171 158 159 170 171 158 160 170 172 173 160 151 172 173 174 153 152 179 174 175 161 161 180 175 181 176 182 154 162 176 177 165 162 163 177 165 166 163 164 167 166 155 164 167 169 183 184 185 169 184 184 186 184 184 186 186 184 186 186 168 187 186 188 168 171 173 160 170 171 173 174 170 172 179 174 175 172 179 180 175 161 189 180 190 181 182 182 191 181 176 192 192 162 176 177 193 194 163 177 167 195 195 164 185 196 183 183 185 196 197 198 198 199 198 198 200 198 198 201 202 187 188 188 202 187 173 203 203 171 179 174 204 205 179 180 175 206 206 180 190 207 189 189 190 182 182 191 191 181 192 192 193 181 176 208 193 194 194 177 185 196 195 195 185 196 197 183 183 199 197 209 210 199 211 212 200 213 214 201 200 188 188 201 202 187 203 203 202 187 179 204 204 205 215 180 190 205 206 206 190 207 207 189 189 182 191 191 193 192 192 208 193 181 216 208 217 196 194 194 185 196 197 195 195 199 197 209 183 199 211 209 210 213 211 212 210 213 214 212 200 188 214 201 200 203 203 201 202 187 204 204 202 218 215 219 190 205 215 206 206 205 207 207 189 220 191 208 193 221 222 208 217 221 216 223 217 224 216 194 225 224 197 209 225 199 211 209 226 213 211 227 227 213 227 227 210 227 227 212 210 228 214 212 200 229 214 201 230 229 204 219 230 218 231 219 232 218 215 233 232 205 215 207 234 220 235 208 217 220 222 236 217 221 222 223 225 221 216 223 225 224 216 209 226 224 211 237 226 213 237 237 238 237 237 238 238 237 238 238 210 228 238 212 230 228 214 219 230 229 231 219 232 229 231 233 232 218 239 233 234 218 215 240 234 241 235 235 217 220 236 236 225 220 222 242 225 221 222 223 226 221 216 223 226 224 243 244 245 224 244 244 246 244 244 246 246 244 246 246 230 247 246 248 230 228 231 219 232 228 231 233 232 229 249 233 234 229 239 239 234 218 240 240 250 241 241 235 235 236 236 251 251 220 242 242 252 253 222 254 226 253 243 223 245 255 243 256 245 255 256 256 257 256 256 257 257 256 257 257 258 247 257 248 258 247 231 248 259 228 260 233 259 261 249 249 234 262 262 239 239 240 240 250 250 263 241 241 235 236 251 251 252 242 242 254 252 264 243 254 245 253 243 265 245 253 266 265 267 255 266 268 268 255 268 268 258 268 268 269 258 270 271 269 259 247 271 248 259 247 260 248 272 261 260 249 249 261 262 262 239 240 250 250 273 263 263 241 252 251 251 254 252 242 274 254 275 264 243 265 245 264 266 265 267 253 266 276 267 253 277 276 258 255 277 278 258 255 279 278 259 270 279 269 259 270 271 269 272 247 271 248 272 280 260 281 249 261 260 262 262 261 250 273 273 282 263 263 252 282 274 254 275 283 274 265 275 283 266 265 267 264 266 276 267 264 277 276 284 285 277 286 284 285 287 286 288 289 287 278 288 289 279 278 272 270 279 269 272 270 271 269 290 280 271 281 290 280 260 281 291 261 273 273 291 292 274 263 275 282 274 293 275 282 294 293 295 283 294 276 267 283 277 276 284 264 277 286 284 296 297 286 288 285 297 298 288 285 287 298 299 289 287 278 272 289 279 278 290 270 279 300 290 301 302 300 291 280 302 281 291 280 273 281 303 292 274 304 275 292 294 304 295 282 294 293 295 282 305 293 284 283 305 286 284 283 297 286 288 296 297 306 288 296 307 306 299 285 307 298 299 285 287 298 290 289 287 308 290 289 302 308 291 301 302 300 291 301 309 300 303 280 309 281 303 310 294 311 295 292 294 304 295 292 305 304 312 313 305 293 312 313 297 293 314 315 297 306 314 315 316 306 299 296 316 317 299 296 307 317 318 319 307 298 318 319 302 298 320 321 302 308 320 321 309 308 303 301 309 300 303 301 322 300 323 310 324 311 295 310 305 311 312 292 305 304 312 325 326 304 314 313 326 306 314 313 327 306 328 315 327 317 299 315 316 317 318 296 316 329 318 330 307 329 320 319 307 331 320 319 309 331 332 321 309 308 303 321 322 308 323 301 322 333 323 334 324 335 312 310 324 311 312 310 336 311 314 325 336 337 314 325 326 337 328 313 326 317 328 313 327 317 318 315 327 329 318 315 316 329 320 330 316 331 320 330 338 331 332 319 338 339 332 319 322 339 323 321 322 333 323 321 340 333 341 334 335 335 342 334 324 343 343 310 324 311 344 345 336 346 328 325 336 337 328 325 326 337 347 348 326 329 347 348 327 329 349 350 327 331 349 350 338 331 332 330 338 339 332 330 351 339 352 353 322 333 323 354 354 333 341 355 340 340 341 335 335 342 342 334 343 343 344 334 324 356 344 345 357 346 328 345 336 346 347 325 336 337 347 358 358 337 349 348 358 358 349 348 338 358 358 350 338 339 332 350 351 339 352 330 351 359 352 353 360 333 341 353 354 354 341 355 355 340 340 335 342 342 344 343 343 361 344 334 357 356 362 363 357 356 347 345 364 346 347 345 365 346 349 366 365 365 349 366 366 365 365 348 366 366 365 348 351 366 352 350 351 367 352 350 360 359 368 369 360 359 341 353 370 354 354 353 355 355 340 371 342 372 344 373 357 361 362 373 357 361 362 363 364 356 374 363 364 356 374 345 375 346 376 377 375 375 376 377 377 375 375 378 377 377 375 378 351 377 352 379 360 367 368 379 360 367 368 369 370 359 380 369 370 359 380 353 381 355 382 371 372 372 362 371 357 383 362 373 364 361 384 373 364 361 385 363 386 356 374 363 386 387 374 388 388 387 376 378 388 388 376 378 389 388 388 379 389 390 368 379 360 390 368 391 370 367 380 392 370 367 380 369 393 359 382 369 381 381 382 372 372 394 362 371 383 383 384 371 364 395 384 373 386 361 385 373 386 387 385 363 396 387 374 378 396 397 374 378 398 397 376 379 398 399 376 379 389 399 368 391 389 390 380 391 370 390 380 392 400 367 382 392 393 393 382 369 401 381 381 372 394 394 384 383 383 395 384 371 386 395 402 403 386 387 402 403 396 387 385 404 396 397 385 404 405 397 406 407 405 408 406 407 398 408 409 391 398 399 409 391 389 399 410 411 389 390 410 411 400 390 382 392 400 393 393 392 401 401 381 394 394 395 384 383 412 395 402 403 412 412 402 403 396 412 412 404 396 397 412 404 405 397 385 407 405 413 413 407 413 413 406 413 413 408 406 391 398 408 409 414 398 399 409 414 414 399 410 411 414 414 410 411 400 414 393 392 400 401 401 394 415 395 402 403 415 415 402 403 416 415 415 404 416 416 415 404 405 416 416 407 405 417 416 407 417 417 418 417 417 418 418 417 418 418 406 419 418 408 406 419 419 408 409 420 419 419 409 420 420 419 410 411 420 420 410 411 400 420 401 


6x6x6
01 02 02 03 03 04 01 01 02 02 05 05 06 01 01 02 02 07 06 08 01 09 09 10 11 08 09 09 12 12 11 09 09 13 13 14 15 15 03 03 16 04 06 15 15 05 05 04 06 08 15 15 07 07 11 08 17 17 18 10 11 17 17 12 12 10 17 17 13 13 14 14 06 03 03 19 16 20 06 08 05 05 16 04 11 08 21 07 07 04 11 21 21 22 18 23 21 21 12 12 18 10 21 13 13 14 14 10 24 25 25 19 19 20 24 24 26 26 16 20 27 24 24 07 16 04 27 28 24 22 22 23 29 28 30 30 18 23 29 31 31 14 18 10 32 32 25 25 19 19 27 32 32 26 26 20 27 28 32 32 16 20 29 28 33 33 22 22 29 33 33 30 30 23 33 33 31 31 18 23 27 34 34 25 25 19 27 28 34 34 26 26 29 28 35 34 34 20 29 35 35 36 36 22 35 35 36 36 30 30 35 36 36 31 31 23 
6x6x9
01 02 02 03 03 04 01 01 02 02 05 05 06 01 01 02 02 07 06 08 01 09 09 10 11 08 09 09 12 12 11 09 09 13 13 14 15 15 03 03 16 04 06 15 15 05 05 04 06 08 15 15 07 07 11 08 17 17 18 10 11 17 17 12 12 10 17 17 13 13 14 14 06 03 03 19 16 20 06 08 05 05 16 04 11 08 21 07 07 04 11 21 21 22 18 23 21 21 12 12 18 10 21 13 13 14 14 10 24 25 25 19 19 20 26 26 27 27 16 20 28 29 29 07 16 04 30 31 31 22 22 23 32 32 33 33 18 23 34 35 35 14 18 10 24 36 25 25 19 19 24 26 26 27 27 20 28 28 29 29 16 20 30 37 31 31 22 22 30 32 32 33 33 23 34 34 35 35 18 23 38 36 39 25 25 19 24 36 26 26 27 27 24 28 28 29 29 20 40 37 41 31 31 22 30 37 32 32 33 33 30 34 34 35 35 23 38 39 39 42 42 43 38 36 44 44 43 43 24 36 28 43 43 45 40 41 41 43 46 45 40 37 47 47 46 48 30 37 34 49 49 48 39 39 42 42 50 50 38 44 44 50 50 45 38 36 50 50 46 45 41 41 51 51 46 48 40 47 47 51 51 48 40 37 49 49 51 51 39 42 42 52 52 45 44 44 52 52 46 45 38 52 52 53 46 48 41 54 54 53 53 48 47 47 54 54 53 53 40 49 49 54 54 53 
6x6x11
01 02 03 04 05 06 01 01 03 04 04 06 07 01 01 08 04 04 07 07 01 08 08 04 09 07 07 10 08 08 09 11 07 10 12 08 13 02 14 15 05 16 17 02 03 18 05 06 17 17 03 18 18 06 09 17 17 10 18 18 09 11 17 10 12 18 19 11 20 21 12 22 13 14 14 15 15 16 13 02 23 23 05 16 09 02 03 10 05 06 09 11 03 10 12 06 19 11 24 24 12 22 19 20 20 21 21 22 14 14 25 26 15 15 13 23 23 27 27 16 13 02 28 28 05 16 19 11 29 29 12 22 19 30 30 24 24 22 20 20 31 32 21 21 14 25 25 26 26 15 23 23 27 27 33 33 13 28 28 34 34 16 19 35 35 29 29 22 36 36 30 30 24 24 20 31 31 32 32 21 25 25 37 37 26 26 38 27 27 33 33 39 28 28 34 34 40 40 41 41 35 35 29 29 42 36 36 30 30 43 31 31 44 44 32 32 25 37 37 45 45 26 38 38 33 33 39 39 46 34 34 40 40 47 48 41 41 35 35 49 42 42 36 36 43 43 31 50 50 44 44 32 37 37 45 45 51 51 46 38 38 39 39 47 46 52 40 40 53 47 48 54 41 41 55 49 48 42 42 43 43 49 56 56 50 50 44 44 46 45 45 51 51 47 46 52 38 39 53 47 57 52 58 59 53 60 57 54 58 59 55 60 48 54 42 43 55 49 48 56 56 50 50 49 46 52 51 51 53 47 57 52 61 59 53 62 57 61 61 59 62 62 61 61 58 62 62 60 61 54 58 62 55 60 48 54 56 56 55 49 57 52 63 59 53 64 57 63 63 59 64 64 63 63 65 64 64 66 63 65 65 64 66 66 65 65 58 66 66 60 65 54 58 66 55 60 

6x7x9
01 02 03 04 05 06 01 01 03 07 05 08 09 01 01 07 07 08 09 09 01 10 07 07 11 09 09 10 10 07 11 12 09 13 10 10 14 12 15 15 16 10 17 02 18 04 19 06 20 02 03 04 05 06 20 20 03 21 05 08 11 20 20 21 21 08 11 12 20 22 21 21 14 12 13 13 16 21 14 15 15 23 16 24 17 18 18 25 19 26 17 02 27 04 19 06 11 02 03 04 05 06 11 12 03 28 05 08 14 12 22 22 16 08 14 13 13 23 16 29 15 15 30 23 24 24 18 18 31 25 26 26 17 27 27 25 19 32 17 02 33 04 19 06 34 35 35 28 28 36 14 22 22 23 16 36 37 13 38 23 29 29 37 30 30 24 24 39 18 31 31 26 26 40 27 27 33 25 32 32 17 41 33 25 19 42 34 34 35 35 28 28 37 22 43 23 44 36 37 38 38 29 29 36 30 30 45 24 39 39 31 31 33 26 40 40 27 41 33 32 32 42 46 41 47 25 48 42 37 34 34 35 35 28 37 49 43 44 44 50 38 38 43 29 51 36 30 45 45 39 39 36 31 41 33 40 40 42 46 41 47 32 48 42 46 52 47 53 48 54 55 52 34 53 56 54 55 49 44 44 56 50 38 49 43 51 51 50 45 45 43 39 57 57 46 41 47 40 48 42 46 52 47 53 48 58 55 52 59 53 58 58 55 59 59 58 58 54 59 59 44 58 56 54 59 49 51 51 56 50 45 49 43 57 57 50 46 52 47 53 48 60 55 52 61 53 60 60 55 61 61 60 60 62 61 61 63 60 62 62 61 63 63 62 62 54 63 63 51 62 56 54 63 49 57 57 56 50 
6x7x15
01 02 03 04 05 06 01 01 03 07 05 08 09 01 01 07 07 08 09 09 01 10 07 07 11 09 09 10 10 07 11 12 09 13 10 10 14 15 15 13 16 10 17 02 18 04 19 06 20 02 03 04 05 06 20 20 03 21 05 08 11 20 20 21 21 08 11 22 20 13 21 21 23 12 12 13 16 21 14 14 15 15 16 24 17 25 18 26 19 27 17 02 18 04 19 06 11 02 03 04 05 06 11 28 03 13 05 08 23 22 29 13 16 08 23 22 12 12 16 24 30 14 14 15 15 24 31 25 32 26 27 27 17 25 18 26 19 33 17 02 18 04 19 06 23 28 34 34 35 35 23 28 29 36 16 24 30 22 29 12 37 24 30 22 14 38 37 39 31 32 32 27 27 40 31 25 41 26 33 33 17 25 18 26 19 42 23 34 34 35 35 42 30 28 36 36 37 24 30 28 29 43 37 39 44 22 29 38 38 39 32 32 45 27 40 40 31 41 41 33 33 42 31 25 46 26 47 42 34 34 35 35 37 48 30 36 36 49 37 39 50 28 51 43 43 39 44 44 29 52 38 38 32 45 45 40 40 42 41 41 46 33 47 42 31 53 46 54 47 55 56 53 57 54 48 48 58 36 59 49 49 39 50 50 51 51 43 43 60 44 44 52 52 38 45 45 46 40 47 61 41 53 46 54 47 61 62 53 57 54 55 55 56 56 57 48 48 63 58 64 59 59 49 49 58 50 50 51 51 43 60 60 44 65 52 52 45 53 46 54 47 66 67 53 57 54 68 61 62 62 57 55 55 61 69 56 56 48 63 63 70 64 71 59 59 49 58 64 50 72 51 73 58 60 60 65 65 52 74 75 76 77 66 66 67 75 57 77 68 78 67 62 62 55 68 61 69 69 56 63 63 61 70 79 71 80 59 73 70 64 71 72 72 73 58 64 60 81 65 65 74 76 76 66 66 82 74 75 83 77 78 78 67 75 62 77 68 84 67 69 69 63 68 73 85 79 86 80 87 73 70 79 71 80 72 72 70 64 71 81 81 65 76 76 88 66 82 82 74 83 83 78 78 84 74 75 89 77 90 84 67 75 69 77 68 73 85 91 86 92 87 93 85 79 86 80 87 72 70 79 71 80 81 81 76 88 88 82 82 84 83 83 89 78 90 84 74 94 89 95 90 96 97 94 98 95 99 96 97 91 98 92 99 93 85 91 86 92 87 93 85 79 86 80 87 81 88 88 89 82 90 84 83 94 89 95 90 100 97 94 101 95 100 100 97 101 101 100 100 96 101 101 98 100 99 96 101 91 98 92 99 93 85 91 86 92 87 93 88 94 89 95 90 102 97 94 103 95 102 102 97 103 103 102 102 104 103 103 105 102 104 104 103 105 105 104 104 96 105 105 98 104 99 96 105 91 98 92 99 93 

6x9x9
01 02 02 03 03 04 01 01 02 02 05 05 06 01 01 02 02 07 06 08 01 09 09 10 11 08 09 09 12 10 11 09 09 13 12 14 15 16 16 13 13 14 17 17 16 16 13 13 18 19 19 16 16 13 20 20 03 03 21 04 06 20 20 05 05 04 06 08 20 20 07 07 11 08 22 22 23 23 11 22 22 23 23 10 22 22 23 23 12 10 15 15 24 24 12 14 18 17 17 24 24 14 18 25 19 19 24 24 06 03 03 26 21 27 06 08 05 05 21 04 11 08 28 07 07 04 11 28 28 29 29 30 28 28 29 29 30 30 28 29 29 30 30 10 18 15 15 30 12 10 18 25 17 17 12 14 31 25 32 19 19 14 33 34 35 26 27 27 36 34 37 26 21 38 36 37 37 07 21 04 37 37 39 39 40 40 37 39 39 40 40 41 39 39 40 40 41 41 18 25 15 41 41 42 43 25 32 41 44 42 31 31 32 45 44 46 33 35 35 27 27 47 33 34 48 26 38 38 36 34 49 26 21 50 36 49 49 51 51 52 49 49 51 51 52 52 49 51 51 52 52 42 53 25 32 52 44 42 43 43 32 54 44 46 55 31 31 45 45 46 35 35 56 27 47 47 33 48 48 38 38 50 33 34 57 26 58 50 36 34 59 59 60 60 36 59 59 60 60 42 59 59 60 60 44 42 53 61 32 62 44 46 53 43 43 54 54 46 55 55 31 63 45 45 35 56 56 47 47 50 48 48 57 38 58 50 33 64 57 65 58 66 67 64 68 65 69 66 67 70 68 71 69 72 73 70 74 71 75 72 73 61 74 62 75 46 53 61 43 62 54 54 53 55 55 63 63 45 56 56 57 47 58 50 48 64 57 65 58 76 67 64 68 65 76 76 67 70 68 76 76 66 73 70 77 76 69 66 73 77 77 71 69 72 77 77 74 71 75 72 77 61 74 62 75 54 53 61 55 62 63 63 56 64 57 65 58 78 67 64 68 65 78 78 67 70 68 78 78 79 73 70 80 78 79 79 73 80 80 79 79 66 80 80 81 79 69 66 80 81 81 71 69 72 81 81 74 71 75 72 81 61 74 62 75 63 
6x9x11
01 02 02 03 03 04 01 01 02 02 05 05 06 01 01 02 02 07 06 08 01 09 09 10 11 08 09 09 12 10 11 09 09 13 12 14 15 16 16 13 13 14 17 17 16 16 13 13 18 19 19 16 16 13 20 20 03 03 21 04 06 20 20 05 05 04 06 08 20 20 07 07 11 08 22 22 23 23 11 22 22 23 23 10 22 22 23 23 12 10 15 15 24 24 12 14 18 17 17 24 24 14 18 25 19 19 24 24 06 03 03 26 21 27 06 08 05 05 21 04 11 08 28 07 07 04 11 28 28 29 29 30 28 28 29 29 30 30 28 29 29 30 30 10 18 15 15 30 12 10 18 25 17 17 12 14 31 25 32 19 19 14 33 34 35 26 26 27 36 34 37 38 21 27 36 37 37 07 21 04 37 37 39 39 40 40 37 39 39 40 40 41 39 39 40 40 41 41 18 25 15 41 41 42 31 25 43 41 44 42 31 32 32 45 44 46 33 35 35 47 26 26 33 34 48 38 38 27 36 34 49 50 21 27 36 49 49 51 52 53 49 49 54 55 53 53 49 56 57 53 53 42 31 25 58 53 44 42 31 43 43 59 44 46 32 32 60 45 45 46 35 35 61 47 47 26 33 48 48 62 38 38 33 34 50 50 52 27 36 34 51 51 52 63 36 54 54 55 55 42 64 56 57 57 44 42 31 56 58 58 44 46 43 43 65 59 59 46 32 60 60 66 45 45 35 61 61 67 47 47 48 48 62 62 52 38 33 50 50 68 52 63 69 51 51 70 70 63 54 54 70 70 55 55 64 70 70 57 57 71 64 56 72 58 58 46 43 56 65 65 59 59 60 60 73 66 66 45 61 61 74 67 67 47 48 62 62 68 52 63 69 50 75 68 76 63 69 51 77 77 78 78 54 77 77 78 78 55 77 77 78 78 57 71 64 79 72 80 58 71 64 56 72 65 65 59 60 73 73 81 66 66 61 74 74 68 67 67 69 62 75 68 76 63 69 82 75 83 76 84 85 82 86 83 87 84 85 88 86 89 87 90 91 88 92 89 93 90 91 79 92 80 93 71 64 79 72 80 65 71 73 73 72 81 81 66 74 74 75 68 76 67 69 82 75 83 76 94 85 82 86 83 94 94 85 88 86 94 94 84 91 88 95 94 87 84 91 95 95 89 87 90 95 95 92 89 93 90 95 79 92 80 93 71 73 79 72 80 81 81 74 82 75 83 76 96 85 82 86 83 96 96 85 88 86 96 96 97 91 88 98 96 97 97 91 98 98 97 97 84 98 98 99 97 87 84 98 99 99 89 87 90 99 99 92 89 93 90 99 79 92 80 93 81 
