Prime boxes of the L-Pentomino  Toshihiro Shirakawa 2015.04.16

Prime
2x5
7x15
3x5x5
3x3x3x30
3x3x3x45

Number of solutions
2x5:1
7x15:80
3x5x5:820

Solutions
7x15
01 01 02 03 03 03 03 01 04 02 02 02 02 03 01 04 04 04 04 05 05 01 06 06 07 07 05 08 09 06 10 07 11 05 08 09 06 10 07 11 05 08 09 06 10 07 11 08 08 09 09 10 10 11 11 12 13 13 14 12 12 12 12 13 15 14 14 14 14 16 13 15 17 16 16 16 16 13 15 17 17 17 17 18 15 15 19 19 19 19 18 20 21 21 21 21 19 18 20 20 20 20 21 18 18 
01 01 02 03 03 03 03 01 04 02 02 02 02 03 01 04 05 06 06 06 06 01 04 05 05 05 05 06 04 04 07 08 08 08 08 09 09 07 07 07 07 08 09 10 10 10 10 11 11 09 10 12 12 12 12 11 09 13 13 14 14 12 11 15 13 16 14 17 17 11 15 13 16 14 17 18 18 15 13 16 14 17 18 19 15 15 16 16 17 18 19 20 21 21 21 21 18 19 20 20 20 20 21 19 19 
3x5x5
01 02 03 01 02 03 04 04 03 05 03 03 05 06 06 01 02 07 08 09 10 04 11 10 05 12 10 13 06 10 01 02 07 08 09 07 04 11 07 05 12 07 13 06 10 01 02 14 08 09 15 04 11 15 05 12 15 13 06 15 08 09 14 08 09 14 11 11 14 13 12 14 13 12 15 

One-sided

Prime
2x5
13x55
15x39
17x35
19x25

Number of solutions
2x5:1
13x55:8785
15x39:4
17x35:9527
19x25:798

Solutions
13x55
01 01 02 02 03 03 04 04 05 06 06 06 06 01 07 02 08 03 09 04 10 05 05 05 05 06 01 07 02 08 03 09 04 10 11 12 12 12 12 01 07 02 08 03 09 04 10 11 11 11 11 12 07 07 08 08 09 09 10 10 13 14 14 14 14 15 15 16 17 17 17 17 18 13 13 13 13 14 15 19 16 16 16 16 17 18 18 18 18 20 20 15 19 19 19 19 21 22 23 23 23 23 20 24 15 25 25 25 25 21 22 22 22 22 23 20 24 26 26 27 27 25 21 28 29 29 29 29 20 24 26 30 27 31 21 21 28 28 28 28 29 24 24 26 30 27 31 32 33 33 33 33 34 34 35 35 26 30 27 31 32 32 32 32 33 34 36 35 37 30 30 31 31 38 38 38 38 39 34 36 35 37 40 41 41 41 41 42 42 38 39 34 36 35 37 40 40 40 40 41 42 43 43 39 36 36 37 37 44 45 45 45 45 42 43 39 39 46 46 46 46 44 44 44 44 45 42 43 47 48 48 48 48 46 49 49 50 50 51 51 43 47 47 47 47 48 52 49 53 50 54 51 55 56 56 57 57 57 57 52 49 53 50 54 51 55 56 58 58 59 59 57 52 49 53 50 54 51 55 56 58 60 59 61 52 52 53 53 54 54 55 55 56 58 60 59 61 62 62 63 63 64 65 65 65 65 58 60 59 61 62 66 63 67 64 64 64 64 65 60 60 61 61 62 66 63 67 67 67 67 68 69 70 70 70 70 62 66 63 71 71 71 71 68 69 69 69 69 70 66 66 72 72 73 73 71 68 74 74 75 76 76 76 76 72 77 73 78 68 68 74 79 75 75 75 75 76 72 77 73 78 80 80 74 79 81 82 82 82 82 72 77 73 78 80 83 74 79 81 84 85 85 82 77 77 78 78 80 83 79 79 81 84 85 86 86 87 87 88 88 80 83 89 81 81 84 85 86 90 87 91 88 92 83 83 89 93 84 84 85 86 90 87 91 88 92 94 94 89 93 93 93 93 86 90 87 91 88 92 94 89 89 95 95 95 95 90 90 91 91 92 92 94 96 97 97 97 97 95 98 98 99 99 100 100 94 96 96 96 96 97 101 98 102 99 103 100 104 105 105 106 106 106 106 101 98 102 99 103 100 104 105 107 107 108 108 106 101 98 102 99 103 100 104 105 107 109 108 110 101 101 102 102 103 103 104 104 105 107 109 108 110 111 111 112 112 113 114 114 114 114 107 109 108 110 111 115 112 116 113 113 113 113 114 109 109 110 110 111 115 112 116 117 117 118 119 119 119 119 120 120 111 115 112 116 117 121 118 118 118 118 119 120 122 115 115 116 116 117 121 123 124 124 124 124 120 122 122 122 122 125 117 121 123 123 123 123 124 120 126 126 126 126 125 121 121 127 127 127 127 128 129 129 129 129 126 125 130 131 131 131 131 127 128 128 128 128 129 125 125 130 130 130 130 131 132 132 133 133 134 134 135 135 136 137 137 137 137 132 138 133 139 134 140 135 141 136 136 136 136 137 132 138 133 139 134 140 135 141 142 143 143 143 143 132 138 133 139 134 140 135 141 142 142 142 142 143 138 138 139 139 140 140 141 141 
15x39
01 02 02 02 02 03 03 04 04 05 05 06 06 07 07 01 01 01 01 02 03 08 04 09 05 10 06 11 07 12 13 14 14 14 14 03 08 04 09 05 10 06 11 07 12 13 13 13 13 14 03 08 04 09 05 10 06 11 07 12 15 16 16 16 16 08 08 09 09 10 10 11 11 12 12 15 15 15 15 16 17 17 17 17 18 19 19 19 19 20 21 21 22 23 23 23 23 24 17 18 18 18 18 19 20 21 25 22 22 22 22 23 24 24 24 24 26 27 27 20 21 25 28 28 29 29 30 31 31 31 31 26 27 20 20 21 25 28 32 29 33 30 30 30 30 31 26 27 34 34 25 25 28 32 29 33 33 33 33 35 26 26 27 34 36 37 37 28 32 29 38 38 38 38 35 35 35 35 34 36 37 39 32 32 40 40 40 40 38 41 41 41 41 34 36 37 39 42 43 43 43 43 40 44 44 45 45 41 36 36 37 39 42 42 42 42 43 46 44 47 45 48 48 49 49 39 39 50 51 51 51 51 46 44 47 45 48 52 49 53 54 54 50 50 50 50 51 46 44 47 45 48 52 49 53 54 55 56 56 56 56 46 46 47 47 57 48 52 49 53 54 55 58 59 59 56 60 60 60 60 57 52 52 53 53 54 55 58 59 61 62 62 62 62 60 57 63 63 63 63 55 55 58 59 61 61 61 61 62 57 57 64 65 65 63 66 58 58 59 67 67 68 69 69 69 69 64 65 70 70 66 66 66 66 67 71 68 68 68 68 69 64 65 70 72 73 73 74 74 67 71 71 71 71 75 64 64 65 70 72 73 76 74 77 67 78 78 78 78 75 75 75 75 70 72 73 76 74 77 77 77 77 79 78 80 80 80 80 72 72 73 76 74 81 81 81 81 79 79 79 79 82 80 83 83 76 76 84 84 84 84 81 85 85 85 85 82 86 83 87 88 89 89 89 89 84 90 90 90 90 85 82 86 83 87 88 88 88 88 89 91 91 92 92 90 82 82 86 83 87 93 94 94 94 94 91 95 92 96 97 97 86 86 87 87 93 93 93 93 94 91 95 92 96 97 98 99 99 99 99 100 101 101 101 101 91 95 92 96 97 98 98 98 98 99 100 100 100 100 101 95 95 96 96 97 102 103 103 103 103 104 104 105 105 106 106 107 107 108 108 102 102 102 102 103 104 109 105 110 106 111 107 112 108 113 114 115 115 115 115 104 109 105 110 106 111 107 112 108 113 114 114 114 114 115 104 109 105 110 106 111 107 112 108 113 116 117 117 117 117 109 109 110 110 111 111 112 112 113 113 116 116 116 116 117 
01 02 02 02 02 03 03 04 04 05 05 06 06 07 07 01 01 01 01 02 03 08 04 09 05 10 06 11 07 12 13 14 14 14 14 03 08 04 09 05 10 06 11 07 12 13 13 13 13 14 03 08 04 09 05 10 06 11 07 12 15 16 16 16 16 08 08 09 09 10 10 11 11 12 12 15 15 15 15 16 17 17 17 17 18 19 19 19 19 20 21 21 22 23 23 23 23 24 17 18 18 18 18 19 20 21 25 22 22 22 22 23 24 24 24 24 26 27 27 20 21 25 28 29 29 29 29 30 30 30 30 26 27 20 20 21 25 28 28 28 28 29 31 32 32 30 26 27 33 33 25 25 34 35 35 35 35 31 32 36 26 26 27 33 37 38 38 34 34 34 34 35 31 32 36 36 36 36 33 37 38 39 40 40 41 41 31 31 32 42 42 42 42 33 37 38 39 40 43 41 44 45 45 46 46 47 47 42 37 37 38 39 40 43 41 44 45 48 46 49 47 50 50 51 51 39 39 40 43 41 44 45 48 46 49 47 50 52 51 53 54 54 43 43 44 44 45 48 46 49 47 50 52 51 53 54 55 56 56 56 56 48 48 49 49 57 50 52 51 53 54 55 58 59 59 56 60 60 60 60 57 52 52 53 53 54 55 58 59 61 62 62 62 62 60 57 63 63 63 63 55 55 58 59 61 61 61 61 62 57 57 64 65 65 63 66 58 58 59 67 67 68 69 69 69 69 64 65 70 70 66 66 66 66 67 71 68 68 68 68 69 64 65 70 72 73 73 74 74 67 71 71 71 71 75 64 64 65 70 72 73 76 74 77 67 78 78 78 78 75 75 75 75 70 72 73 76 74 77 77 77 77 79 78 80 80 80 80 72 72 73 76 74 81 81 81 81 79 79 79 79 82 80 83 83 76 76 84 84 84 84 81 85 85 85 85 82 86 83 87 88 89 89 89 89 84 90 90 90 90 85 82 86 83 87 88 88 88 88 89 91 91 92 92 90 82 82 86 83 87 93 94 94 94 94 91 95 92 96 97 97 86 86 87 87 93 93 93 93 94 91 95 92 96 97 98 99 99 99 99 100 101 101 101 101 91 95 92 96 97 98 98 98 98 99 100 100 100 100 101 95 95 96 96 97 102 103 103 103 103 104 104 105 105 106 106 107 107 108 108 102 102 102 102 103 104 109 105 110 106 111 107 112 108 113 114 115 115 115 115 104 109 105 110 106 111 107 112 108 113 114 114 114 114 115 104 109 105 110 106 111 107 112 108 113 116 117 117 117 117 109 109 110 110 111 111 112 112 113 113 116 116 116 116 117 
01 02 02 02 02 03 03 04 04 05 05 06 06 07 07 01 01 01 01 02 03 08 04 09 05 10 06 11 07 12 13 14 14 14 14 03 08 04 09 05 10 06 11 07 12 13 13 13 13 14 03 08 04 09 05 10 06 11 07 12 15 16 16 16 16 08 08 09 09 10 10 11 11 12 12 15 15 15 15 16 17 17 17 17 18 19 19 19 19 20 21 21 22 23 23 23 23 24 17 18 18 18 18 19 20 21 25 22 22 22 22 23 24 24 24 24 26 27 27 20 21 25 28 29 29 29 29 30 30 30 30 26 27 20 20 21 25 28 28 28 28 29 31 32 32 30 26 27 33 33 25 25 34 35 35 35 35 31 32 36 26 26 27 33 37 38 38 34 34 34 34 35 31 32 36 36 36 36 33 37 38 39 40 40 40 40 31 31 32 41 41 41 41 33 37 38 39 42 43 43 40 44 44 45 45 46 46 41 37 37 38 39 42 43 47 47 44 48 45 49 46 50 50 51 51 39 39 42 43 47 52 44 48 45 49 46 50 53 51 54 55 42 42 43 47 52 44 48 45 49 46 50 53 51 54 55 55 55 55 47 52 48 48 49 49 56 50 53 51 54 57 57 58 58 52 52 59 59 59 59 56 53 53 54 54 57 60 58 61 62 63 63 63 63 59 56 64 64 64 64 57 60 58 61 62 62 62 62 63 56 56 65 66 66 64 57 60 58 61 67 67 68 69 69 69 69 65 66 70 70 60 60 61 61 67 71 68 68 68 68 69 65 66 70 72 73 73 74 74 67 71 71 71 71 75 65 65 66 70 72 73 76 74 77 67 78 78 78 78 75 75 75 75 70 72 73 76 74 77 77 77 77 79 78 80 80 80 80 72 72 73 76 74 81 81 81 81 79 79 79 79 82 80 83 83 76 76 84 84 84 84 81 85 85 85 85 82 86 83 87 88 89 89 89 89 84 90 90 90 90 85 82 86 83 87 88 88 88 88 89 91 91 92 92 90 82 82 86 83 87 93 94 94 94 94 91 95 92 96 97 97 86 86 87 87 93 93 93 93 94 91 95 92 96 97 98 99 99 99 99 100 101 101 101 101 91 95 92 96 97 98 98 98 98 99 100 100 100 100 101 95 95 96 96 97 102 103 103 103 103 104 104 105 105 106 106 107 107 108 108 102 102 102 102 103 104 109 105 110 106 111 107 112 108 113 114 115 115 115 115 104 109 105 110 106 111 107 112 108 113 114 114 114 114 115 104 109 105 110 106 111 107 112 108 113 116 117 117 117 117 109 109 110 110 111 111 112 112 113 113 116 116 116 116 117 
01 02 02 02 02 03 03 04 04 05 05 06 06 07 07 01 01 01 01 02 03 08 04 09 05 10 06 11 07 12 13 14 14 14 14 03 08 04 09 05 10 06 11 07 12 13 13 13 13 14 03 08 04 09 05 10 06 11 07 12 15 16 16 16 16 08 08 09 09 10 10 11 11 12 12 15 15 15 15 16 17 17 17 17 18 19 19 19 19 20 21 22 22 22 22 23 23 24 17 18 18 18 18 19 20 21 21 21 21 22 23 25 24 24 24 24 26 27 27 20 28 29 29 29 29 23 25 30 30 30 30 26 27 20 20 28 28 28 28 29 23 25 31 32 32 30 26 27 33 33 34 35 35 35 35 25 25 31 32 36 26 26 27 33 37 34 34 34 34 35 38 38 31 32 36 36 36 36 33 37 39 40 40 40 40 38 31 31 32 41 41 41 41 33 37 39 39 39 39 40 38 42 42 43 43 44 44 41 37 37 45 46 46 46 46 38 42 47 43 48 44 49 49 50 50 45 45 45 45 46 51 42 47 43 48 44 49 52 50 53 54 55 55 55 55 51 42 47 43 48 44 49 52 50 53 54 54 54 54 55 51 47 47 48 48 56 49 52 50 53 57 57 58 58 51 51 59 59 59 59 56 52 52 53 53 57 60 58 61 62 63 63 63 63 59 56 64 64 64 64 57 60 58 61 62 62 62 62 63 56 56 65 66 66 64 57 60 58 61 67 67 68 69 69 69 69 65 66 70 70 60 60 61 61 67 71 68 68 68 68 69 65 66 70 72 73 73 74 74 67 71 71 71 71 75 65 65 66 70 72 73 76 74 77 67 78 78 78 78 75 75 75 75 70 72 73 76 74 77 77 77 77 79 78 80 80 80 80 72 72 73 76 74 81 81 81 81 79 79 79 79 82 80 83 83 76 76 84 84 84 84 81 85 85 85 85 82 86 83 87 88 89 89 89 89 84 90 90 90 90 85 82 86 83 87 88 88 88 88 89 91 91 92 92 90 82 82 86 83 87 93 94 94 94 94 91 95 92 96 97 97 86 86 87 87 93 93 93 93 94 91 95 92 96 97 98 99 99 99 99 100 101 101 101 101 91 95 92 96 97 98 98 98 98 99 100 100 100 100 101 95 95 96 96 97 102 103 103 103 103 104 104 105 105 106 106 107 107 108 108 102 102 102 102 103 104 109 105 110 106 111 107 112 108 113 114 115 115 115 115 104 109 105 110 106 111 107 112 108 113 114 114 114 114 115 104 109 105 110 106 111 107 112 108 113 116 117 117 117 117 109 109 110 110 111 111 112 112 113 113 116 116 116 116 117 
17x35
01 01 02 02 03 03 04 04 05 05 06 06 07 08 08 08 08 01 09 02 10 03 11 04 12 05 13 06 14 07 07 07 07 08 01 09 02 10 03 11 04 12 05 13 06 14 15 16 16 16 16 01 09 02 10 03 11 04 12 05 13 06 14 15 15 15 15 16 09 09 10 10 11 11 12 12 13 13 14 14 17 18 18 18 18 19 19 20 21 21 21 21 22 23 23 23 23 17 17 17 17 18 19 24 20 20 20 20 21 22 22 22 22 23 25 26 26 26 26 19 24 27 28 28 28 28 29 30 30 30 30 25 25 25 25 26 19 24 27 27 27 27 28 29 29 29 29 30 31 32 32 33 33 24 24 34 34 35 35 36 36 37 37 37 37 31 32 38 33 39 40 40 34 41 35 42 36 43 43 44 44 37 31 32 38 33 39 40 45 34 41 35 42 36 43 46 44 47 31 31 32 38 33 39 40 45 34 41 35 42 36 43 46 44 47 48 48 38 38 39 39 40 45 41 41 42 42 49 43 46 44 47 48 50 51 51 52 52 45 45 53 53 53 53 49 46 46 47 47 48 50 51 54 52 55 56 57 57 57 57 53 49 58 58 59 59 48 50 51 54 52 55 56 56 56 56 57 49 49 58 60 59 61 50 50 51 54 52 55 62 62 63 64 64 64 64 58 60 59 61 65 65 54 54 55 55 62 66 63 63 63 63 64 58 60 59 61 65 67 68 68 68 68 62 66 69 70 70 70 70 60 60 61 61 65 67 71 72 72 68 62 66 69 69 69 69 70 73 73 73 73 65 67 71 72 74 74 66 66 75 75 76 76 77 77 78 78 73 67 67 71 72 74 79 80 80 75 81 76 82 77 83 78 84 85 85 71 71 72 74 79 80 86 75 81 76 82 77 83 78 84 85 87 87 88 88 74 79 80 86 75 81 76 82 77 83 78 84 85 87 89 88 90 79 79 80 86 81 81 82 82 83 83 84 84 85 87 89 88 90 91 91 86 86 92 92 92 92 93 94 94 94 94 87 89 88 90 91 95 96 97 97 97 97 92 93 93 93 93 94 89 89 90 90 91 95 96 96 96 96 97 98 99 99 99 99 100 101 101 101 101 91 95 102 103 103 103 103 98 98 98 98 99 100 100 100 100 101 95 95 102 102 102 102 103 104 104 105 105 106 106 107 107 108 108 109 109 110 111 111 111 111 104 112 105 113 106 114 107 115 108 116 109 117 110 110 110 110 111 104 112 105 113 106 114 107 115 108 116 109 117 118 119 119 119 119 104 112 105 113 106 114 107 115 108 116 109 117 118 118 118 118 119 112 112 113 113 114 114 115 115 116 116 117 117 
19x25
01 01 02 02 03 04 04 04 04 05 06 06 06 06 07 08 08 08 08 01 09 02 10 03 03 03 03 04 05 05 05 05 06 07 07 07 07 08 01 09 02 10 10 10 10 11 12 12 13 13 13 13 14 15 15 15 15 01 09 02 16 16 16 16 11 12 17 17 18 18 13 14 14 14 14 15 09 09 19 19 19 19 16 11 12 17 20 18 21 22 22 23 23 24 24 25 26 26 26 26 19 11 11 12 17 20 18 21 22 27 23 28 24 29 25 25 25 25 26 30 30 30 30 17 20 18 21 22 27 23 28 24 29 31 31 32 33 33 33 33 34 30 20 20 21 21 22 27 23 28 24 29 31 35 32 32 32 32 33 34 34 34 34 36 36 27 27 28 28 29 29 31 35 37 38 38 38 38 39 39 39 39 36 40 41 41 41 41 42 42 31 35 37 37 37 37 38 43 44 44 39 36 40 40 40 40 41 42 45 35 35 46 47 47 47 47 43 44 48 48 36 49 50 50 50 50 42 45 51 51 46 46 46 46 47 43 44 48 52 52 49 49 49 49 50 42 45 51 53 54 54 54 54 43 43 44 48 52 55 56 57 57 57 57 45 45 51 53 53 53 53 54 58 59 59 48 52 55 56 56 56 56 57 60 60 51 61 62 62 62 62 58 59 63 63 52 55 64 65 65 65 65 60 66 67 61 61 61 61 62 58 59 63 68 55 55 64 64 64 64 65 60 66 67 67 67 67 69 58 58 59 63 68 68 68 68 70 70 70 70 60 66 71 71 72 72 69 69 69 69 63 73 73 74 74 74 74 75 70 66 66 71 76 72 77 78 79 79 79 79 73 80 81 81 82 74 75 75 75 75 71 76 72 77 78 78 78 78 79 73 80 81 83 82 82 82 82 84 84 71 76 72 77 85 86 86 86 86 73 80 81 83 83 83 83 87 84 88 76 76 77 77 85 85 85 85 86 80 80 81 89 89 89 89 87 84 88 90 91 91 91 91 92 93 93 93 93 94 95 95 95 95 89 87 84 88 90 90 90 90 91 92 92 92 92 93 94 94 94 94 95 87 87 88 88 
