 #
###
  ##

x192=8x12x12 
01 03 05 05 07 07 09 11 13 03 03 05 05 05 11 11 03 03 15 17 05 11 11 19 03 15 15 15 21 21 11 19 15 15 21 21 21 23 25 25 24 24 27 21 23 23 23 29 30 24 24 24 22 28 23 23 26 26 24 22 22 22 16 16 20 12 22 22 16 16 16 04 20 12 12 06 18 16 04 04 12 12 06 06 06 04 04 14 12 10 08 08 06 06 04 02 01 01 07 07 07 09 09 19 13 31 33 17 35 37 39 19 13 31 31 17 37 37 37 19 31 31 41 17 43 45 37 37 31 41 41 41 25 25 25 29 30 47 27 41 41 28 48 29 30 47 27 42 42 28 48 29 30 26 26 26 42 42 42 32 38 38 46 44 18 42 32 32 20 38 38 38 18 32 32 14 20 40 38 36 18 34 32 14 20 10 10 08 08 08 02 02 13 01 01 07 35 49 09 09 13 33 33 33 35 39 39 19 51 53 55 57 43 45 59 61 51 53 53 17 43 45 48 29 53 53 27 17 43 25 48 29 53 63 27 65 66 67 48 69 70 47 68 65 66 28 64 54 30 47 26 44 18 28 54 54 30 47 46 44 18 54 54 52 62 60 46 44 58 56 54 52 20 40 40 36 34 34 34 14 10 10 50 36 08 02 02 14 13 01 71 71 49 49 49 09 33 33 55 57 35 73 39 39 75 77 55 57 35 59 59 61 51 79 55 65 81 45 83 61 51 79 27 65 43 45 48 69 51 63 63 65 43 67 67 69 70 68 68 44 66 64 64 52 70 47 46 44 66 28 80 52 62 84 46 82 66 56 80 52 62 60 60 36 58 56 78 76 40 40 74 36 58 56 34 34 10 50 50 50 72 72 02 14 85 85 87 71 71 71 49 49 75 85 85 85 73 73 73 39 75 77 85 57 35 89 59 59 91 77 55 57 81 89 83 61 51 79 55 65 81 45 83 61 70 79 63 63 67 67 80 69 70 79 68 68 64 64 80 69 62 84 46 82 66 56 80 52 62 84 90 82 58 56 78 92 60 60 90 36 58 86 78 76 40 74 74 74 86 86 86 76 50 50 72 72 72 88 86 86 75 87 87 87 71 89 93 93 75 77 95 73 73 89 97 99 91 77 101 103 81 89 105 59 91 101 101 57 81 105 105 61 91 107 101 101 105 105 83 109 70 79 63 101 67 105 83 109 110 84 106 68 102 64 80 69 110 84 106 106 102 102 108 92 62 106 106 82 58 102 102 92 60 106 90 82 104 102 78 92 100 98 90 74 74 96 78 76 94 94 90 72 88 88 88 76 87 87 95 111 93 93 93 99 75 77 95 113 113 89 97 99 115 117 95 103 81 119 97 109 121 117 117 103 123 119 119 109 91 107 117 117 119 119 83 109 91 107 117 125 119 127 129 131 132 130 128 120 126 118 108 92 110 84 120 120 118 118 108 92 110 120 120 124 104 118 118 122 110 98 120 82 104 96 118 116 100 98 90 114 114 96 78 76 100 94 94 94 112 96 88 88 133 133 111 111 111 93 135 135 137 113 113 113 135 135 135 99 115 115 95 139 123 135 97 99 121 107 95 103 123 141 97 109 121 107 143 103 145 141 129 147 132 130 125 125 127 127 129 131 132 130 128 128 126 126 129 131 148 130 142 146 104 144 108 122 110 98 142 124 104 96 108 122 100 98 136 124 140 96 116 116 100 136 136 136 114 114 114 138 136 136 94 112 112 112 134 134 149 133 133 133 111 111 151 153 137 137 113 139 123 141 155 155 121 115 115 139 123 141 97 99 121 107 143 103 145 141 129 147 132 157 143 159 145 161 129 147 132 125 125 159 145 127 127 147 148 128 128 146 160 126 126 131 148 130 162 146 160 144 158 131 148 130 142 146 104 144 108 122 100 98 142 124 140 116 116 122 156 156 142 124 140 114 138 138 154 152 112 112 134 134 134 150 149 149 133 139 163 151 151 153 165 137 137 139 155 155 155 153 121 115 143 159 123 141 167 147 169 157 143 159 171 167 167 147 169 157 173 159 171 161 167 167 132 157 125 146 145 161 127 167 168 128 162 146 145 126 158 131 168 168 162 172 160 174 158 170 148 168 168 172 160 144 158 170 148 168 142 124 160 144 116 122 154 156 156 156 140 138 138 166 154 152 152 164 140 134 150 150 165 149 149 163 163 163 151 151 165 137 175 139 171 155 177 153 165 175 175 175 171 177 177 153 175 175 143 159 171 179 177 177 169 173 173 173 179 179 179 177 169 157 162 179 179 161 158 170 169 157 162 180 180 161 158 170 178 180 180 180 174 174 174 170 178 178 180 172 160 144 176 176 154 178 178 172 176 176 176 166 154 178 156 172 140 176 138 166 152 152 164 164 164 150 150 166 181 149 163 163 183 183 185 151 181 181 183 183 183 185 185 153 165 181 181 183 171 187 185 185 165 181 189 189 187 187 187 185 173 173 191 189 189 189 187 187 169 191 191 191 189 161 192 192 191 191 162 190 192 192 192 170 188 188 190 190 190 192 174 174 186 188 188 188 190 190 182 166 186 186 188 172 184 182 182 166 154 186 186 184 184 184 182 182 152 186 184 184 164 164 150 182 

#
####
   #

Impossible (90deg rotation)
 6x 6xN
 8x 8xN
10x10xN
12x12xN

Impossible (180deg rotation)
4xNx[-20]
5xNx[-18]
6xNx[-15]
7xNx[-14]
8xNx[-11]
9xNx[-10]




#
####
  #

Possible?
8x8xN

Impossible (90deg rotation)
 6x 6xN
 8x 8xN
10x10xN

Impossible (180deg rotation)

4xNx[-15]
5xNx[-13]
6xNx[-10]
7xNx[-8]
