Prime boxes of the N-Pentomino  Toshihiro Shirakawa 2015.03.24

3D Complete

minimal 8
2x4x5

Possible
2x4x5
2x5x[5-7]
3x4x[10,15]
3x5x[8,12-15,17-19]
3x6x[10,15]
3x7x[10,15]
3x9x10
5x5x5

3x3x4x5

Solutions
2x4x5
01 02 01 03 01 01 04 01 05 02 06 03 07 03 04 04 05 02 06 02 07 03 07 04 05 05 06 02 06 03 07 04 08 05 08 08 06 08 07 08 

2x5x5
01 02 01 03 01 03 03 03 03 04 05 02 05 06 01 07 01 08 04 04 02 02 05 06 05 07 05 08 04 08 02 06 09 06 09 07 09 07 04 08 09 06 09 10 10 10 10 07 10 08 
2x5x6
01 02 01 03 01 03 03 03 03 04 05 02 06 02 01 07 01 08 04 04 05 09 06 02 06 07 10 08 04 08 05 09 05 02 06 07 10 07 04 08 09 09 05 11 06 11 10 07 10 08 09 12 12 12 12 11 12 11 10 11 
2x5x7
01 02 01 03 01 01 04 01 04 05 06 02 04 03 04 03 04 07 05 05 06 02 06 02 08 03 09 07 05 07 10 11 06 02 08 03 09 12 05 07 10 11 06 11 08 08 09 12 09 07 10 10 13 11 13 08 13 12 09 12 14 10 14 11 14 14 13 14 13 12 


3x4x10
01 02 03 01 02 02 01 01 02 04 01 02 05 06 03 07 06 08 04 06 06 04 09 06 05 03 03 07 07 08 04 09 10 11 09 12 05 03 08 05 07 08 04 09 10 11 12 12 13 14 08 05 07 15 11 09 10 11 12 10 13 14 15 13 16 15 11 17 18 19 12 10 14 14 15 13 16 20 19 17 18 19 21 18 14 16 15 13 16 20 19 17 17 21 21 18 22 16 20 22 22 20 19 22 17 21 22 18 23 24 20 23 24 24 23 23 24 21 23 24 
3x4x15
01 02 03 01 02 04 02 02 05 02 06 07 08 03 03 01 09 04 01 05 05 01 06 07 08 03 04 08 09 04 10 05 07 06 06 07 11 03 04 08 09 09 10 05 07 06 12 13 11 11 14 08 15 09 10 16 13 10 12 13 17 11 14 15 15 14 18 16 13 10 12 12 17 11 19 15 16 14 18 16 13 18 20 12 17 17 19 15 16 14 21 22 23 18 20 20 24 17 19 25 22 19 21 22 23 18 26 20 24 24 27 25 22 19 21 23 23 21 26 20 25 24 27 25 22 27 28 23 29 21 26 26 25 24 30 31 32 27 28 28 29 33 34 26 31 30 30 31 32 27 33 28 29 33 34 29 31 30 35 32 32 35 33 28 35 34 34 29 31 30 36 32 36 36 33 36 35 34 36 35 

3x5x8
01 02 03 01 04 05 01 04 06 04 04 07 04 08 09 10 02 03 10 02 05 01 06 06 01 07 07 08 08 09 11 03 03 10 02 05 10 06 05 10 07 09 08 12 09 11 03 13 14 02 13 14 06 05 14 07 09 08 12 12 11 11 15 16 17 13 18 19 13 14 20 13 14 21 12 16 11 15 16 17 22 18 19 22 18 20 22 21 21 12 16 15 15 17 17 23 19 19 23 18 20 22 21 20 22 16 15 24 17 24 24 19 24 23 18 24 23 21 20 23 
3x5x12
01 02 03 01 02 02 01 01 02 04 01 02 05 06 07 08 03 03 08 08 09 04 08 10 04 08 07 05 06 07 11 03 09 11 11 09 04 11 10 05 11 07 05 06 06 12 03 09 13 14 10 04 14 10 05 14 07 15 16 06 12 14 09 13 14 10 13 17 18 19 20 21 15 16 16 12 22 23 12 17 18 13 17 18 19 20 21 15 15 16 22 22 23 12 17 18 13 20 21 19 20 21 19 15 16 22 23 23 24 17 18 24 20 21 24 25 26 19 25 27 22 23 28 29 25 30 31 25 26 24 25 26 24 32 27 29 28 28 29 33 30 31 33 26 33 33 27 33 32 27 29 28 30 31 34 30 31 34 26 34 34 27 34 32 32 29 28 30 31 35 36 35 35 36 35 36 36 35 36 32 
3x5x13
01 02 03 01 04 05 01 04 06 04 04 07 04 08 09 10 02 03 10 05 05 01 11 06 01 07 07 08 08 09 02 02 03 10 05 03 10 11 06 10 07 06 08 09 09 02 12 13 14 05 03 14 11 11 14 07 06 08 09 15 16 12 13 16 12 17 16 16 11 14 16 15 14 18 15 19 13 13 19 12 17 19 19 17 20 19 15 18 18 21 22 13 23 22 12 24 22 22 17 20 22 15 18 21 21 25 23 23 25 25 24 20 25 17 20 25 26 18 21 27 28 23 24 28 29 24 20 29 26 29 29 26 29 21 27 30 23 24 28 31 32 28 33 26 28 34 27 35 36 27 30 30 32 37 31 32 37 33 26 37 34 27 35 36 36 37 30 32 37 31 31 38 33 33 38 34 34 35 35 36 38 30 32 38 39 31 38 39 33 39 39 34 39 35 36 
3x5x14
01 02 03 01 04 05 01 04 06 04 04 07 04 08 09 02 02 03 10 05 05 01 06 06 01 07 07 08 08 09 02 11 03 10 05 03 10 06 12 13 07 09 08 14 09 02 11 11 15 05 03 10 06 12 13 07 09 08 14 16 15 17 11 15 18 12 10 19 12 13 14 20 13 14 16 15 17 11 21 18 12 21 19 20 21 14 20 13 16 16 15 17 17 22 18 18 23 19 20 21 19 24 21 16 25 22 26 17 22 27 18 23 23 20 28 19 24 28 25 25 22 26 29 28 27 29 28 23 29 28 24 24 30 25 31 22 26 26 32 27 27 33 23 29 30 24 29 30 25 31 32 34 26 32 35 27 33 36 37 30 38 31 39 40 31 32 34 34 33 35 37 33 36 37 30 38 31 39 40 40 32 35 34 33 35 37 41 36 36 41 38 38 39 39 40 41 35 34 41 42 37 41 42 36 42 42 38 42 39 40 
3x5x15
01 02 03 01 04 05 01 04 06 04 04 07 04 08 09 02 02 03 10 05 05 01 06 06 01 11 07 08 08 09 02 12 03 10 05 03 10 06 07 13 11 07 08 09 09 02 12 12 14 05 03 10 06 07 13 11 11 08 09 15 16 17 12 14 17 18 10 18 18 13 18 11 13 18 15 16 19 12 14 17 20 14 17 20 21 17 20 13 15 15 16 19 22 16 23 24 14 25 24 21 26 20 21 15 20 19 19 22 16 23 23 25 25 24 26 26 24 21 27 24 19 22 22 28 29 23 25 29 30 26 29 29 21 27 29 28 22 31 28 32 23 25 32 30 26 32 30 33 27 27 28 34 31 35 34 31 34 34 36 34 32 30 33 32 27 28 37 38 35 35 31 39 40 36 41 42 30 33 33 43 37 37 38 39 35 31 39 40 36 41 42 36 41 33 43 37 38 38 39 35 44 40 40 44 42 42 36 41 43 43 37 38 45 39 45 45 40 45 44 42 45 44 41 43 44 
3x5x17
01 02 03 01 04 05 01 04 06 04 04 07 04 08 09 02 02 03 10 05 05 01 06 06 01 07 07 08 08 09 02 11 03 10 05 03 10 06 12 13 07 09 08 14 09 02 11 11 15 05 03 10 06 12 13 07 09 08 14 14 15 16 11 15 17 12 10 18 12 13 19 20 13 21 14 15 16 11 22 17 12 18 18 23 19 19 20 13 21 14 15 16 16 22 17 23 18 17 23 19 21 20 24 21 20 22 25 16 22 26 23 18 17 27 19 21 28 24 29 20 22 25 25 30 26 23 31 27 27 24 32 28 24 29 28 30 26 25 30 26 33 31 27 34 24 32 32 29 29 28 30 26 25 31 35 33 31 27 34 36 37 32 29 38 28 30 39 33 31 35 33 36 34 34 36 37 32 40 38 38 39 39 33 35 35 41 36 34 41 37 37 41 40 40 38 39 42 41 35 43 41 36 44 45 37 46 47 48 40 38 39 42 42 49 43 45 49 44 45 49 46 47 48 40 47 49 43 42 49 43 45 50 44 44 50 46 46 48 48 47 50 43 42 50 51 45 50 51 44 51 51 46 51 48 47 
3x5x18
01 02 03 01 04 05 01 04 06 04 04 07 04 08 09 10 02 03 10 02 05 01 06 06 01 07 07 08 08 09 11 03 03 10 02 05 10 06 05 10 07 09 08 12 09 11 03 13 11 02 14 15 06 05 16 07 09 08 12 12 17 18 13 11 18 14 15 18 18 16 19 18 16 19 12 17 13 13 11 19 14 15 19 14 15 19 20 16 21 12 17 13 22 17 23 24 25 23 14 15 23 20 16 21 20 26 23 22 17 23 24 25 27 24 25 28 29 21 21 20 26 22 22 26 27 30 31 27 24 25 28 29 21 32 20 33 22 34 26 27 30 31 28 24 25 28 29 32 32 29 33 34 34 26 27 30 31 28 30 31 35 36 32 35 29 33 34 37 33 35 38 39 35 30 31 35 36 32 40 36 41 34 37 33 42 38 39 42 38 39 42 43 40 40 36 41 42 37 44 42 37 44 44 38 39 44 43 40 44 36 41 41 45 46 47 37 48 49 38 39 50 43 40 51 43 46 41 45 46 47 52 48 49 52 48 50 52 51 51 43 46 45 45 47 47 53 49 49 53 48 50 52 51 50 52 46 45 54 47 54 54 49 54 53 48 54 53 51 50 53 
3x5x19
01 02 03 01 04 05 01 04 06 04 04 07 04 08 09 10 02 03 10 02 05 01 06 06 01 07 07 08 08 09 11 03 03 10 02 05 10 06 05 10 07 09 08 12 09 11 03 13 14 02 13 14 06 05 14 07 09 08 12 12 11 15 16 11 17 13 18 19 13 14 20 13 14 21 12 15 15 16 11 17 17 18 19 19 20 20 22 21 21 12 15 16 16 18 23 17 18 24 19 20 22 22 21 25 26 15 16 27 18 23 17 24 24 19 20 22 26 21 25 26 28 29 27 30 23 27 24 23 31 32 22 26 25 25 33 28 29 29 30 30 27 24 23 31 32 32 26 25 33 33 28 28 29 34 30 27 34 35 31 34 32 31 36 33 37 34 28 29 34 30 38 39 35 35 39 32 31 36 33 37 39 40 38 39 41 38 39 42 35 36 43 37 36 44 37 45 40 38 45 41 46 45 42 35 36 43 37 44 44 47 40 40 38 41 41 46 45 42 42 45 43 43 44 47 47 40 48 46 41 49 46 50 51 42 52 53 43 44 47 54 48 48 46 50 49 55 50 51 55 52 53 55 52 47 54 48 49 55 50 49 55 51 51 56 53 53 56 52 54 54 48 49 56 50 57 56 51 57 56 53 57 57 52 54 57 

3x6x10
01 02 03 01 02 02 01 04 02 04 04 02 04 05 06 04 07 06 08 09 03 08 10 03 01 10 06 01 10 06 05 05 06 07 07 11 12 09 09 08 13 03 08 13 13 08 10 13 05 10 13 07 14 11 12 15 09 16 15 03 16 15 15 16 16 15 05 16 11 07 14 11 12 17 09 12 18 19 18 18 19 18 19 19 18 19 11 14 14 20 17 17 21 12 22 23 22 22 23 22 23 23 22 23 24 14 20 20 17 25 21 26 25 27 26 25 25 26 26 25 28 26 24 29 20 24 17 21 21 30 31 27 30 31 31 30 32 31 28 32 31 29 20 24 30 21 27 30 32 27 33 32 34 33 32 34 28 28 34 29 29 24 33 35 27 33 35 35 33 36 35 36 36 35 36 28 34 36 29 34 
3x6x15
01 02 03 01 04 03 01 04 05 04 04 05 04 05 05 06 05 07 08 02 09 10 02 03 01 11 03 01 12 03 06 13 07 06 14 07 08 08 09 10 02 09 15 11 11 16 12 12 06 13 07 14 14 17 10 08 18 10 02 09 15 15 11 16 13 12 06 13 07 14 19 17 10 08 18 20 21 09 16 15 11 16 13 12 22 23 17 14 19 17 20 18 18 20 21 24 16 15 24 25 23 24 22 23 17 22 19 19 20 18 26 27 21 28 25 21 29 25 23 24 30 31 24 22 32 19 20 26 26 27 27 28 25 21 29 33 23 34 30 31 35 22 32 32 36 26 28 36 27 28 25 29 29 33 33 34 30 31 35 30 31 32 37 26 28 36 27 38 36 29 34 36 33 34 39 35 35 30 31 32 37 40 38 41 40 38 42 40 34 43 33 44 39 35 44 39 45 46 37 37 38 41 47 44 42 40 44 43 40 44 48 45 49 39 45 46 41 37 38 41 47 50 42 42 50 43 43 50 48 45 49 39 46 46 41 47 50 51 47 50 51 42 52 51 43 52 48 45 49 48 46 49 51 47 52 51 53 52 54 53 52 54 53 53 54 54 53 48 54 49 

3x7x10
01 02 03 01 02 04 01 02 04 05 04 04 05 04 06 05 05 06 07 05 08 09 03 03 09 10 11 01 02 06 01 02 06 12 13 06 14 15 08 07 07 08 16 03 11 09 10 11 09 17 18 09 13 18 12 13 18 14 15 08 14 07 19 16 03 11 10 10 18 20 17 18 12 13 21 12 15 22 23 15 08 14 07 19 16 16 11 10 17 24 20 17 21 12 13 21 23 15 22 23 25 19 14 26 19 27 16 24 20 17 24 20 28 21 29 30 22 23 25 22 31 25 19 26 26 32 27 33 24 20 28 34 29 28 21 29 30 22 23 25 35 31 31 35 26 36 32 27 33 24 27 28 34 29 30 35 37 30 35 37 25 35 37 31 32 26 36 32 33 33 34 27 28 34 29 30 38 39 40 38 39 40 38 37 31 32 37 36 36 33 41 34 41 41 38 41 42 38 41 42 42 39 40 42 39 40 42 39 40 36 
3x7x15
01 02 03 01 02 04 01 02 04 05 06 04 05 06 06 05 05 06 07 05 06 08 09 03 08 10 03 01 02 11 01 02 04 12 13 04 14 13 15 07 07 16 09 09 17 08 10 03 08 13 11 08 13 18 12 13 19 14 15 15 14 07 16 09 10 17 20 10 03 21 11 11 12 18 18 12 22 19 23 15 16 14 07 16 09 10 17 20 24 17 21 11 25 12 18 19 23 22 19 23 15 16 14 26 27 20 28 29 20 24 17 21 30 25 21 18 19 23 22 22 31 26 27 32 26 27 20 28 29 24 24 29 33 30 25 21 34 25 23 35 22 31 26 27 32 32 36 37 28 28 24 38 29 33 30 30 33 34 25 31 35 35 31 26 27 39 32 36 37 40 28 37 38 29 41 42 30 33 34 34 31 43 35 44 45 36 39 32 36 46 40 40 37 38 38 41 42 47 33 42 34 43 43 35 44 45 36 39 39 48 46 46 40 37 49 38 41 41 47 50 42 47 43 45 51 44 45 48 44 39 48 52 46 40 53 49 54 55 41 56 50 42 47 43 45 51 57 58 48 44 59 60 52 46 54 53 49 54 55 49 56 50 50 47 57 51 51 57 58 48 59 59 60 52 52 54 53 53 56 55 49 56 55 50 61 57 51 61 58 58 61 59 60 60 62 52 54 62 53 56 62 62 63 55 62 63 57 63 63 58 63 61 59 60 61 

3x9x10
01 02 03 04 02 05 04 06 07 06 06 07 06 08 09 06 08 09 10 09 09 10 09 11 10 12 13 01 14 03 01 02 05 04 02 05 04 02 07 04 15 07 10 08 07 10 08 11 16 08 11 17 12 13 18 14 03 01 19 03 19 19 05 19 15 20 19 15 20 21 20 20 16 20 11 16 12 13 17 12 13 18 14 14 01 22 03 22 22 05 22 15 23 22 24 23 21 24 23 16 24 11 17 12 13 17 25 26 18 27 14 18 27 28 27 27 23 27 15 23 21 29 30 21 29 29 16 24 29 17 24 29 25 25 26 31 32 28 18 32 28 33 32 32 33 34 32 21 35 30 35 35 30 35 36 37 35 36 38 25 26 26 31 31 28 39 40 41 42 40 40 33 34 40 33 36 40 33 36 30 43 36 37 44 45 38 25 26 38 39 31 28 39 46 41 42 46 46 47 34 46 47 34 46 47 47 30 43 47 37 44 45 37 44 45 38 39 31 41 42 48 41 42 48 49 50 48 49 50 34 49 50 51 52 43 51 52 43 51 37 44 45 38 39 48 41 42 48 49 50 53 49 50 53 53 54 51 53 54 51 53 54 54 52 43 54 52 44 45 52 

3x3x4x5
01 02 03 04 05 06 07 08 09 01 02 03 04 05 06 04 05 06 01 02 03 01 02 03 04 05 06 10 11 12 01 02 03 04 05 06 13 14 15 16 17 18 07 08 09 19 20 21 16 17 17 22 08 09 10 11 23 16 16 17 24 25 26 10 11 12 27 16 17 28 29 30 13 14 15 31 14 18 07 07 18 19 20 21 31 20 32 22 08 09 10 11 23 31 25 32 24 25 26 27 12 12 27 29 32 28 29 30 13 15 15 13 14 32 22 07 18 19 21 21 19 20 32 22 08 09 10 11 23 31 25 26 24 24 26 27 12 23 31 29 30 28 28 30 33 15 34 13 14 35 22 36 18 33 21 34 19 20 35 36 36 35 33 34 34 33 25 26 36 24 35 27 34 23 33 29 30 36 28 35 

