Prime boxes of Nonominoes  Toshihiro Shirakawa 2015.04.09

No. 3
2x8x27
01 02 01 01 01 03 01 04 01 05 01 06 01 07 01 08 09 02 09 09 09 03 09 04 09 05 09 06 09 07 09 08 10 02 10 10 10 03 10 04 10 05 10 06 10 07 10 08 11 02 11 11 11 03 11 04 11 05 11 06 11 07 11 08 12 02 12 12 12 03 12 04 12 05 12 06 12 07 12 08 13 02 13 13 13 03 13 04 13 05 13 06 13 07 13 08 02 02 14 15 03 03 04 04 05 05 06 06 07 07 08 08 14 02 14 15 14 03 14 04 14 05 14 06 14 07 14 08 16 17 16 15 16 18 16 19 16 20 16 21 16 22 16 23 17 17 16 15 18 18 19 19 20 20 21 21 22 22 23 23 24 17 24 15 24 18 24 19 24 20 24 21 24 22 24 23 25 17 24 15 26 18 27 19 28 20 29 21 30 22 31 23 25 17 15 15 26 18 27 19 28 20 29 21 30 22 31 23 25 17 32 15 26 18 27 19 28 20 29 21 30 22 31 23 25 17 32 32 26 18 27 19 28 20 29 21 30 22 31 23 25 17 32 33 26 18 27 19 28 20 29 21 30 22 31 23 25 33 32 33 26 33 27 33 28 33 29 33 30 33 31 33 25 25 32 34 26 26 27 27 28 28 29 29 30 30 31 31 25 34 32 34 26 34 27 34 28 34 29 34 30 34 31 34 35 36 32 36 37 36 38 36 39 36 40 36 41 36 42 36 35 35 32 36 37 37 38 38 39 39 40 40 41 41 42 42 35 43 43 43 37 43 38 43 39 43 40 43 41 43 42 43 35 44 44 44 37 44 38 44 39 44 40 44 41 44 42 44 35 45 45 45 37 45 38 45 39 45 40 45 41 45 42 45 35 46 46 46 37 46 38 46 39 46 40 46 41 46 42 46 35 47 47 47 37 47 38 47 39 47 40 47 41 47 42 47 35 48 48 48 37 48 38 48 39 48 40 48 41 48 42 48 

No.11
2x7x9
01 02 01 02 01 02 01 02 01 02 01 02 01 02 01 02 03 03 04 04 05 05 06 06 07 07 01 02 08 08 03 08 04 08 05 08 06 08 07 08 08 08 09 09 03 09 04 09 05 09 06 09 07 09 09 09 10 10 03 10 04 10 05 10 06 10 07 10 10 10 11 11 03 11 04 11 05 11 06 11 07 11 11 11 12 12 03 12 04 12 05 12 06 12 07 12 12 12 13 14 03 03 04 04 05 05 06 06 07 07 13 14 13 14 13 14 13 14 13 14 13 14 13 14 13 14 

No.12
4x8x18
01 01 01 02 03 04 01 02 03 04 01 02 03 04 01 02 03 04 01 02 03 04 01 02 03 04 01 02 03 04 04 04 05 06 07 02 05 08 07 09 05 08 07 09 05 08 07 09 05 08 07 09 05 08 07 09 05 08 07 09 03 08 10 09 05 06 07 02 11 11 11 12 13 14 14 14 15 16 16 16 17 17 17 18 19 19 19 20 21 22 22 22 03 08 10 09 05 06 07 23 11 06 10 12 13 06 10 14 15 06 10 16 17 06 10 18 19 06 10 20 21 06 10 22 24 08 10 09 25 25 25 23 11 26 25 12 13 26 25 14 15 26 25 16 17 26 25 18 19 26 25 20 21 26 25 22 24 26 26 26 27 27 27 23 11 28 27 12 13 28 27 14 15 28 27 16 17 28 27 18 19 28 27 20 21 28 27 22 24 28 28 28 29 29 29 23 11 30 29 12 13 30 29 14 15 30 29 16 17 30 29 18 19 30 29 20 21 30 29 22 24 30 30 30 31 31 31 23 11 32 31 12 13 32 31 14 15 32 31 16 17 32 31 18 19 32 31 20 21 32 31 22 24 32 32 32 33 33 33 23 11 12 12 12 13 13 13 14 15 15 15 16 17 18 18 18 19 20 20 20 21 21 21 22 24 34 34 34 33 23 23 23 35 36 36 36 37 37 37 38 39 39 39 40 41 42 42 42 43 44 44 44 45 45 45 46 24 24 24 34 33 47 47 47 35 47 48 36 37 47 48 38 39 47 48 40 41 47 48 42 43 47 48 44 45 47 48 46 48 48 48 34 33 49 49 49 35 49 50 36 37 49 50 38 39 49 50 40 41 49 50 42 43 49 50 44 45 49 50 46 50 50 50 34 33 51 51 51 35 51 52 36 37 51 52 38 39 51 52 40 41 51 52 42 43 51 52 44 45 51 52 46 52 52 52 34 33 53 53 53 35 53 54 36 37 53 54 38 39 53 54 40 41 53 54 42 43 53 54 44 45 53 54 46 54 54 54 34 33 55 56 57 35 58 56 36 37 58 56 38 39 58 56 40 41 58 56 42 43 58 56 44 45 58 56 46 59 58 60 34 61 55 56 57 35 35 35 36 37 38 38 38 39 40 40 40 41 41 41 42 43 43 43 44 45 46 46 46 59 58 60 62 61 55 56 57 59 55 60 57 59 55 60 57 59 55 60 57 59 55 60 57 59 55 60 57 59 55 60 57 59 58 60 62 61 63 63 63 61 63 64 62 61 63 64 62 61 63 64 62 61 63 64 62 61 63 64 62 61 63 64 62 64 64 64 62 

No.25
6x6x6
01 02 02 03 04 05 06 02 02 04 04 07 08 02 09 10 04 11 12 02 13 14 04 15 16 02 02 04 04 17 18 02 19 04 04 20 01 01 03 03 05 05 06 06 09 10 07 07 08 08 09 10 11 11 12 12 13 14 15 15 16 16 13 14 17 17 18 18 19 19 20 20 01 21 21 03 22 05 06 21 21 22 22 07 08 21 09 10 22 11 12 21 13 14 22 15 16 21 21 22 22 17 18 21 19 22 22 20 01 23 23 03 24 05 06 23 23 24 24 07 08 23 09 10 24 11 12 23 13 14 24 15 16 23 23 24 24 17 18 23 19 24 24 20 01 01 03 03 05 05 06 06 09 10 07 07 08 08 09 10 11 11 12 12 13 14 15 15 16 16 13 14 17 17 18 18 19 19 20 20 01 01 03 03 05 05 06 06 09 10 07 07 08 08 09 10 11 11 12 12 13 14 15 15 16 16 13 14 17 17 18 18 19 19 20 20 

No.29
6x6x6
01 02 02 03 04 05 06 02 07 08 04 09 10 02 02 04 04 11 12 02 02 04 04 13 14 02 15 16 04 17 18 02 19 04 04 20 01 21 21 03 22 05 06 21 07 08 22 09 10 21 21 22 22 11 12 21 21 22 22 13 14 21 15 16 22 17 18 21 19 22 22 20 01 01 03 03 05 05 06 06 07 08 09 09 10 10 07 08 11 11 12 12 15 16 13 13 14 14 15 16 17 17 18 18 19 19 20 20 01 01 03 03 05 05 06 06 07 08 09 09 10 10 07 08 11 11 12 12 15 16 13 13 14 14 15 16 17 17 18 18 19 19 20 20 01 23 23 03 24 05 06 23 07 08 24 09 10 23 23 24 24 11 12 23 23 24 24 13 14 23 15 16 24 17 18 23 19 24 24 20 01 01 03 03 05 05 06 06 07 08 09 09 10 10 07 08 11 11 12 12 15 16 13 13 14 14 15 16 17 17 18 18 19 19 20 20 

No.31
3x6x6
01 02 02 01 03 03 04 05 05 04 06 06 07 08 08 07 09 09 10 10 02 01 10 03 10 10 05 04 10 06 07 10 08 10 10 09 11 11 02 01 11 03 11 11 05 04 11 06 07 11 08 11 11 09 01 02 02 01 03 03 04 05 05 04 06 06 07 08 08 07 09 09 12 12 02 01 12 03 12 12 05 04 12 06 07 12 08 12 12 09 01 02 02 01 03 03 04 05 05 04 06 06 07 08 08 07 09 09 

No.44
3x6x6
01 02 03 02 02 04 02 02 05 06 02 07 02 02 08 09 02 10 01 03 03 01 04 04 06 05 05 06 07 07 09 08 08 09 10 10 01 03 03 01 04 04 06 05 05 06 07 07 09 08 08 09 10 10 01 11 03 11 11 04 11 11 05 06 11 07 11 11 08 09 11 10 01 03 03 01 04 04 06 05 05 06 07 07 09 08 08 09 10 10 01 12 03 12 12 04 12 12 05 06 12 07 12 12 08 09 12 10 

No.67
4x5x18
01 01 02 02 01 01 02 02 01 01 02 02 01 03 03 02 01 01 02 02 04 04 05 05 04 04 05 05 04 04 05 05 04 03 03 05 04 04 05 05 06 06 07 07 06 06 07 07 06 06 07 07 06 03 03 07 06 06 07 07 08 08 09 09 10 10 09 09 11 11 09 09 12 12 03 09 13 13 09 09 08 08 14 14 10 10 14 14 11 11 14 14 12 03 03 14 13 13 14 14 08 08 15 15 10 10 16 16 11 11 17 17 12 12 18 18 13 13 19 19 08 20 20 15 10 20 20 16 11 20 20 17 12 12 20 18 13 20 20 19 08 08 15 15 10 10 16 16 11 11 17 17 12 12 18 18 13 13 19 19 21 21 15 15 22 22 16 16 23 23 17 17 24 24 18 18 25 25 19 19 21 21 15 15 22 22 16 16 23 23 17 17 24 24 18 18 25 25 19 19 21 21 26 26 22 22 27 27 23 23 28 28 24 24 29 29 25 25 30 30 21 31 31 26 22 31 31 27 23 31 31 28 24 31 29 29 25 31 31 30 21 21 26 26 22 22 27 27 23 23 28 28 24 24 29 29 25 25 30 30 32 32 26 26 32 32 27 27 32 32 28 28 32 33 33 29 32 32 30 30 34 34 26 26 34 34 27 27 34 34 28 28 34 33 29 29 34 34 30 30 35 35 36 36 35 35 36 36 35 35 36 36 35 33 33 36 35 35 36 36 37 37 38 38 37 37 38 38 37 37 38 38 37 33 33 38 37 37 38 38 39 39 40 40 39 39 40 40 39 39 40 40 39 33 33 40 39 39 40 40 

No.110
4x6x6
01 02 02 02 01 03 03 03 01 03 01 03 01 03 01 03 01 01 01 03 04 04 04 03 05 02 06 02 05 07 07 07 05 07 05 07 05 07 05 07 05 05 05 07 04 08 04 07 09 02 06 02 09 10 10 10 09 10 09 10 09 10 09 10 09 09 09 10 04 08 04 10 06 02 06 11 12 12 12 11 12 11 12 11 12 11 12 11 12 11 11 11 12 08 04 08 06 02 06 13 14 14 14 13 14 13 14 13 14 13 14 13 14 13 13 13 14 08 04 08 06 06 06 15 16 16 16 15 16 15 16 15 16 15 16 15 16 15 15 15 16 08 08 08 

No.142
2x18x47
01 02 01 03 01 03 01 03 04 03 04 04 04 04 04 04 05 04 05 04 05 05 05 05 05 05 06 05 06 07 06 07 06 07 08 07 09 02 01 02 01 03 01 03 01 03 01 03 10 03 10 11 10 11 10 11 10 11 06 11 06 07 06 07 06 07 06 07 08 07 08 12 09 02 09 02 13 14 15 14 16 14 16 14 16 11 16 11 10 11 10 11 10 17 10 17 18 17 18 17 18 19 18 20 08 12 08 12 09 02 09 02 13 13 15 14 15 14 16 14 16 14 16 14 16 17 16 17 18 17 18 17 18 17 18 19 18 19 20 20 08 12 08 12 09 21 09 02 13 13 15 22 15 23 23 23 23 23 23 23 23 24 23 24 24 24 24 24 24 24 24 19 25 19 20 20 08 12 26 12 21 21 09 02 13 13 15 22 15 27 27 27 27 27 27 27 27 28 27 28 28 28 28 28 28 28 28 19 25 19 20 20 08 12 26 26 21 21 09 29 30 13 22 22 15 31 31 31 31 31 31 31 31 32 31 32 32 32 32 32 32 32 32 19 25 25 20 33 34 12 26 26 21 21 30 29 30 13 22 22 15 35 35 35 35 35 35 35 35 36 35 36 36 36 36 36 36 36 36 19 25 25 20 33 34 33 26 26 21 29 30 29 30 37 22 22 38 39 39 39 39 39 39 39 39 40 39 40 40 40 40 40 40 40 40 41 25 25 42 33 34 33 34 26 21 29 30 29 30 37 22 37 38 43 43 43 43 43 43 43 43 44 43 44 44 44 44 44 44 44 44 41 42 25 42 33 34 33 34 26 45 29 30 29 46 37 38 37 38 47 47 47 47 47 47 47 47 48 47 48 48 48 48 48 48 48 48 41 42 41 42 49 34 33 34 50 45 29 30 51 46 37 38 37 38 52 52 52 52 52 52 52 52 53 52 53 53 53 53 53 53 53 53 41 42 41 42 49 54 33 34 50 45 45 46 51 46 51 38 37 38 55 56 55 56 55 56 55 56 57 56 57 58 57 58 57 58 57 58 41 42 41 54 49 54 49 50 50 45 45 46 51 46 51 38 37 56 59 56 55 56 55 56 55 58 55 58 55 58 57 58 57 58 57 60 57 42 41 54 49 54 49 50 50 45 45 46 51 46 51 61 59 62 59 62 62 62 62 62 62 63 62 63 62 63 63 63 63 63 63 60 63 60 64 54 49 54 49 50 50 65 45 46 66 61 51 61 59 67 59 67 67 67 67 67 67 68 67 68 67 68 68 68 68 68 68 60 68 60 64 54 64 69 49 50 70 65 66 65 66 61 51 61 59 71 59 71 71 71 71 71 71 72 71 72 71 72 72 72 72 72 72 60 72 60 64 54 64 69 70 69 70 65 66 65 66 61 73 61 59 74 75 74 74 74 74 74 74 76 74 76 74 76 76 76 76 76 76 77 76 60 64 78 64 69 70 69 70 65 66 65 66 61 73 79 59 80 75 80 80 80 80 80 80 81 80 81 80 81 81 81 81 81 81 77 81 60 82 78 64 69 70 69 70 83 66 65 73 61 73 79 75 84 75 84 84 84 84 84 84 85 84 85 84 85 85 85 85 85 85 77 85 77 82 78 64 78 70 69 86 83 66 65 73 79 73 79 75 87 75 87 87 87 87 87 87 88 87 88 87 88 88 88 88 88 88 77 88 77 82 78 82 78 70 69 86 83 89 83 73 79 73 79 75 90 75 91 92 93 92 94 92 95 92 95 92 95 96 95 97 95 98 77 99 77 82 78 82 78 86 100 86 83 89 83 73 79 101 79 75 90 92 91 92 93 92 94 92 94 102 103 96 95 96 95 97 95 98 95 99 77 82 104 82 78 86 100 86 83 89 83 89 79 101 105 101 90 90 91 91 93 93 94 102 94 102 103 96 103 96 97 97 98 98 99 99 104 106 104 82 100 86 100 86 107 89 83 89 105 101 105 101 90 90 91 91 93 93 94 102 94 102 103 96 103 96 97 97 98 98 99 99 104 106 104 106 100 86 100 108 107 89 107 89 105 101 105 101 90 90 91 91 93 93 109 102 94 102 103 96 103 110 97 97 98 98 99 99 104 106 104 106 100 108 100 108 107 111 107 89 105 112 105 101 113 90 114 91 115 93 109 102 94 116 117 96 103 110 97 118 98 119 99 120 104 106 121 106 100 108 122 108 107 111 107 112 105 112 123 101 113 113 114 114 115 115 109 102 109 116 117 110 103 110 118 118 119 119 120 120 104 124 121 106 121 108 122 108 111 111 107 112 105 112 123 125 113 113 114 114 115 115 109 116 109 116 117 110 117 110 118 118 119 119 120 120 126 124 121 106 121 108 122 122 111 111 107 112 123 112 123 125 113 113 114 114 115 115 109 116 109 116 117 110 117 110 118 118 119 119 120 120 126 124 121 124 121 108 122 122 111 111 127 112 123 125 123 125 128 113 128 114 128 115 128 116 109 116 117 110 117 129 118 129 119 129 120 129 126 124 126 124 121 130 122 122 111 131 127 112 123 125 123 125 132 113 128 114 128 115 128 116 128 129 128 129 117 129 118 129 119 129 120 133 126 124 126 124 121 130 134 122 131 131 127 127 123 125 132 125 132 135 135 135 135 135 135 135 135 136 135 136 136 136 136 136 136 136 136 133 126 133 126 124 130 130 134 134 131 131 127 127 137 125 132 138 132 139 139 139 139 139 139 139 139 140 139 140 140 140 140 140 140 140 140 133 141 133 126 142 130 130 134 134 131 131 127 127 137 137 132 138 132 143 144 143 144 143 144 143 144 145 144 145 146 145 146 145 146 145 146 133 141 133 142 142 130 130 134 134 131 147 148 127 137 137 132 138 144 138 144 143 144 143 144 143 146 143 146 143 146 145 146 145 146 145 141 145 141 133 142 142 130 149 150 134 131 147 148 147 137 137 132 138 151 138 151 151 151 151 151 151 152 151 152 151 152 152 152 152 152 152 141 152 141 133 142 142 150 149 150 134 153 147 148 147 148 137 154 138 155 138 155 155 155 155 155 155 156 155 156 155 156 156 156 156 156 156 141 156 141 157 142 149 150 149 150 158 153 147 148 147 148 137 154 154 159 138 159 159 159 159 159 159 160 159 160 159 160 160 160 160 160 160 141 160 157 157 142 149 150 149 150 158 153 153 148 147 148 161 154 154 162 163 163 163 163 163 163 163 163 164 163 164 164 164 164 164 164 164 164 165 157 157 166 149 150 149 158 158 153 153 167 147 148 161 154 154 162 168 168 168 168 168 168 168 168 169 168 169 169 169 169 169 169 169 169 165 157 157 166 149 150 170 158 158 153 153 167 171 161 161 162 154 162 172 172 172 172 172 172 172 172 173 172 173 173 173 173 173 173 173 173 165 157 165 166 166 174 170 158 158 167 153 167 171 161 161 162 154 162 175 175 175 175 175 175 175 175 176 175 176 176 176 176 176 176 176 176 165 157 165 166 166 174 170 158 170 167 171 167 171 161 161 162 177 162 177 178 177 178 177 178 177 178 179 178 179 180 179 180 179 180 179 180 165 180 165 166 166 174 170 174 170 167 171 167 171 161 177 162 177 178 177 178 177 178 181 178 181 182 181 182 181 182 179 182 179 180 179 180 179 180 165 180 166 174 170 174 170 167 171 183 171 183 184 183 184 183 184 183 184 182 184 182 181 182 181 182 181 182 181 185 181 185 186 185 186 185 186 185 186 174 186 174 170 183 171 183 184 183 184 183 184 187 184 187 187 187 187 187 187 188 187 188 187 188 188 188 188 188 188 185 188 185 186 185 186 185 186 174 186 

No.259
3x4x6
01 01 01 01 02 01 01 02 01 01 02 01 03 03 03 04 02 04 05 05 05 06 02 06 03 07 03 04 02 04 05 07 05 06 02 06 03 07 03 04 02 04 05 07 05 06 02 06 03 07 03 04 04 04 05 07 05 06 06 06 08 07 08 08 07 08 08 07 08 08 08 08 

No.430
3x6x8
01 01 01 02 02 02 03 03 03 04 04 04 05 05 05 06 06 06 01 01 01 02 02 02 03 03 03 04 04 04 05 05 05 06 06 06 07 01 01 07 02 02 07 03 03 04 04 08 05 05 08 06 06 08 07 01 09 07 02 09 07 03 08 07 04 08 10 05 08 10 06 08 07 11 09 07 12 09 10 13 09 10 14 09 10 15 08 10 16 08 11 11 09 12 12 09 13 13 09 10 14 14 10 15 15 10 16 16 11 11 11 12 12 12 13 13 13 14 14 14 15 15 15 16 16 16 11 11 11 12 12 12 13 13 13 14 14 14 15 15 15 16 16 16 

No.436
6x6x20
01 01 02 02 02 03 01 01 04 04 04 03 01 01 01 05 05 03 06 01 01 05 05 05 06 07 07 07 05 05 06 08 08 08 05 05 09 02 02 02 02 03 09 04 04 04 04 03 06 10 11 12 13 03 06 10 11 12 13 03 06 07 07 07 07 14 06 08 08 08 08 14 09 02 02 12 13 15 09 04 04 12 13 15 06 10 11 12 13 03 06 10 11 12 13 03 16 10 11 07 07 14 16 10 11 08 08 14 09 17 17 12 13 15 09 18 19 12 13 15 09 18 19 12 13 15 16 10 11 20 21 14 16 10 11 20 21 14 16 10 11 22 22 14 17 17 17 23 23 23 09 18 19 24 24 15 09 18 19 20 21 15 16 18 19 20 21 14 16 25 25 20 21 14 26 26 26 22 22 22 17 17 23 23 23 23 27 24 24 24 24 15 27 18 19 20 21 15 16 18 19 20 21 28 16 25 25 25 25 28 26 26 26 26 22 22 17 17 23 23 29 29 27 24 24 24 30 30 27 18 19 20 21 28 27 18 19 20 21 28 31 31 25 25 25 28 32 32 26 26 22 22 33 33 29 29 29 29 33 33 33 30 30 30 27 33 33 34 34 28 27 33 33 34 34 28 31 31 31 34 34 34 32 32 32 32 34 34 35 35 29 29 29 36 35 35 35 30 30 36 27 35 35 37 37 28 27 35 35 37 37 28 38 31 31 37 37 37 38 32 32 32 37 37 39 39 40 40 40 36 39 39 39 30 30 36 38 39 39 41 41 36 38 39 39 41 41 36 38 31 31 41 41 41 38 42 42 42 41 41 43 43 40 40 40 40 43 43 43 43 44 36 38 43 43 43 44 36 38 45 46 46 46 36 38 45 46 46 46 46 42 42 42 42 46 46 47 47 48 48 40 40 47 47 47 47 44 49 50 47 47 47 44 49 50 45 51 51 51 49 50 45 51 51 51 51 42 42 52 52 51 51 53 53 48 48 44 49 53 53 53 53 44 49 50 53 53 53 44 49 50 45 54 54 54 49 50 45 54 54 54 54 50 45 52 52 54 54 55 48 48 48 44 49 55 56 57 57 44 49 58 56 59 59 60 61 58 56 62 62 60 61 50 45 63 63 60 64 50 45 52 52 52 64 55 48 48 65 65 61 55 56 57 57 60 61 58 56 59 59 60 61 58 56 62 62 60 61 58 56 63 63 60 64 58 66 66 52 52 64 55 67 67 65 65 61 55 57 57 57 60 61 55 59 59 59 60 61 58 56 62 62 62 64 58 56 63 63 63 64 58 66 66 68 68 64 67 67 67 65 65 65 55 57 57 69 69 69 55 59 59 70 70 70 71 71 71 62 62 64 72 72 72 63 63 64 66 66 66 68 68 68 67 67 73 73 65 65 74 75 69 69 69 69 74 75 70 70 70 70 71 71 71 71 76 77 72 72 72 72 76 77 66 66 78 78 68 68 67 67 73 73 73 73 74 75 69 69 76 77 74 75 70 70 76 77 74 75 71 71 76 77 74 75 72 72 76 77 78 78 78 78 68 68 79 79 79 73 73 73 79 79 79 79 76 77 74 75 79 79 76 77 74 75 80 80 76 77 74 75 80 80 80 80 78 78 78 80 80 80 

No.442
6x6x7
01 01 02 03 04 05 01 01 01 06 04 05 01 01 01 07 04 05 08 09 01 07 07 07 08 09 10 07 07 07 08 09 11 12 07 07 02 02 02 03 03 03 13 13 13 06 04 05 08 09 10 06 04 05 08 09 10 06 04 05 08 09 10 14 14 14 11 11 11 12 12 12 02 02 02 03 03 03 13 13 13 06 04 05 08 09 10 06 04 05 08 09 10 06 04 05 08 09 10 14 14 14 11 11 11 12 12 12 02 02 15 15 03 03 16 13 13 13 17 18 16 19 10 06 17 18 20 19 10 06 17 21 20 19 14 14 14 21 11 11 22 22 12 12 16 15 15 15 17 18 16 23 23 23 17 18 16 24 24 24 17 18 20 19 25 25 25 21 20 19 26 26 26 21 20 19 22 22 22 21 16 15 15 15 17 18 16 23 23 23 17 18 16 24 24 24 17 18 20 19 25 25 25 21 20 19 26 26 26 21 20 19 22 22 22 21 16 15 27 27 27 18 23 23 23 27 27 27 24 24 24 27 27 27 28 28 28 25 25 25 28 28 28 26 26 26 20 28 28 28 22 21 

No.445
6x6x8
01 01 01 02 02 02 01 01 01 03 03 03 04 05 01 01 01 06 07 08 08 08 09 10 11 11 11 08 08 08 12 12 12 08 08 08 13 13 13 02 02 02 13 13 13 03 03 03 04 05 13 13 13 06 07 14 14 14 09 10 11 11 11 14 14 14 12 12 12 14 14 14 04 02 02 02 15 06 04 03 03 03 15 06 04 05 05 05 15 06 07 16 09 09 09 10 07 16 11 11 11 10 07 16 12 12 12 10 04 17 17 18 18 06 04 16 19 19 19 06 20 16 05 05 15 21 20 16 09 09 15 21 07 22 22 22 15 10 07 23 23 24 24 10 04 17 17 18 18 06 04 16 19 19 19 06 20 16 05 05 15 21 20 16 09 09 15 21 07 22 22 22 15 10 07 23 23 24 24 10 17 17 17 18 18 18 19 19 19 25 26 21 20 27 28 25 26 21 20 27 28 25 26 21 20 27 28 22 22 22 23 23 23 24 24 24 17 27 28 29 29 18 30 27 28 29 29 21 30 27 28 29 29 29 30 30 30 25 26 29 20 30 30 25 26 29 23 30 30 25 26 24 17 27 28 31 31 18 32 27 28 31 31 21 32 27 28 31 31 31 32 32 32 25 26 31 20 32 32 25 26 31 23 32 32 25 26 24 

No.448
4x6x6
01 02 02 02 01 01 01 01 03 03 01 01 03 03 01 01 03 03 03 03 04 04 04 03 05 02 02 02 05 05 05 05 06 06 05 05 06 06 05 05 06 06 06 06 04 04 04 06 07 02 08 08 07 07 07 07 09 09 07 07 09 09 07 07 09 09 09 09 10 10 04 09 02 02 08 11 11 11 11 11 11 11 12 12 11 11 12 12 12 12 12 12 12 10 04 04 08 08 08 13 13 13 13 13 13 13 14 14 13 13 14 14 14 14 14 14 14 10 10 10 08 08 08 15 15 15 15 15 15 15 16 16 15 15 16 16 16 16 16 16 16 10 10 10 

No.527
3x6x10
01 02 02 01 03 03 01 04 04 05 05 06 07 07 06 08 08 06 09 02 06 01 03 06 01 04 06 01 05 06 01 07 06 01 08 10 09 02 06 09 03 10 09 04 10 09 05 10 09 07 10 01 08 10 02 02 10 03 03 10 04 04 10 09 05 05 09 07 07 09 08 08 02 02 11 03 03 12 04 04 13 14 05 05 15 07 07 16 08 08 02 11 11 03 12 12 04 13 13 14 14 05 15 15 07 16 16 08 17 11 11 17 12 12 17 13 13 14 14 18 15 15 18 16 16 18 19 11 18 17 12 18 17 13 18 17 14 18 17 15 18 17 16 20 19 11 18 19 12 20 19 13 20 19 14 20 19 15 20 17 16 20 11 11 20 12 12 20 13 13 20 19 14 14 19 15 15 19 16 16 

