Prime boxes of Octominoes  Toshihiro Shirakawa 2015.03.04

Update 2015.03.10
       No. 7 5x6x16
       No. 7 6x6x8
       No.10 6x7x8
       No.12 5x6x40
       No.12 6x7x16
       No.12 6x8x[8,10]
       No.13 4x6x16
       No.13 6x6x8
       No.20 5x5x16
       No.20 5x7x16
       No.20 5x8x8
       No.21 5x5x16
       No.21 5x6x8
       No.21 5x7x8
       No.21 5x8x8
       No.126 4x5x8


No. 3
3x7x16
01 02 03 01 01 03 01 04 03 01 05 03 01 06 03 01 07 03 01 08 03 09 02 02 09 09 03 09 04 04 09 05 05 09 06 06 09 07 07 09 08 08 10 02 11 10 10 12 10 04 13 10 05 14 10 06 15 10 07 16 10 08 17 18 02 11 18 18 12 18 04 13 18 05 14 18 06 15 18 07 16 18 08 17 19 02 11 19 19 12 19 04 13 19 05 14 19 06 15 19 07 16 19 08 17 20 02 11 20 20 12 20 04 13 20 05 14 20 06 15 20 07 16 20 08 17 21 02 11 21 21 12 21 04 13 21 05 14 21 06 15 21 07 16 21 08 17 22 11 11 23 12 12 24 13 13 25 14 14 26 15 15 27 16 16 28 17 17 22 22 11 23 23 12 24 24 13 25 25 14 26 26 15 27 27 16 28 28 17 22 29 30 23 30 30 24 31 30 25 32 30 26 33 30 27 34 30 28 35 30 22 29 36 23 36 36 24 31 36 25 32 36 26 33 36 27 34 36 28 35 36 22 29 37 23 37 37 24 31 37 25 32 37 26 33 37 27 34 37 28 35 37 22 29 38 23 38 38 24 31 38 25 32 38 26 33 38 27 34 38 28 35 38 22 29 39 23 39 39 24 31 39 25 32 39 26 33 39 27 34 39 28 35 39 29 29 40 41 40 40 31 31 40 32 32 40 33 33 40 34 34 40 35 35 40 41 29 42 41 42 42 41 31 42 41 32 42 41 33 42 41 34 42 41 35 42 
4x7x16
01 02 03 04 01 01 05 04 01 06 07 04 01 08 09 04 01 10 11 04 01 12 13 04 01 14 15 04 16 02 03 03 16 16 05 04 16 06 07 07 16 08 09 09 16 10 11 11 16 12 13 13 16 14 15 15 17 02 03 18 17 17 05 19 17 06 07 20 17 08 09 21 17 10 11 22 17 12 13 23 17 14 15 24 25 02 03 18 25 25 05 19 25 06 07 20 25 08 09 21 25 10 11 22 25 12 13 23 25 14 15 24 26 02 03 18 26 26 05 19 26 06 07 20 26 08 09 21 26 10 11 22 26 12 13 23 26 14 15 24 02 02 03 18 27 05 05 19 06 06 07 20 08 08 09 21 10 10 11 22 12 12 13 23 14 14 15 24 27 02 03 18 27 28 05 19 27 06 07 20 27 08 09 21 27 10 11 22 27 12 13 23 27 14 15 24 29 28 18 18 30 28 19 19 31 28 20 20 32 28 21 21 33 28 22 22 34 28 23 23 35 28 24 24 29 29 36 18 30 30 36 19 31 31 36 20 32 32 36 21 33 33 36 22 34 34 36 23 35 35 36 24 29 37 38 39 30 40 36 39 31 41 42 39 32 43 44 39 33 45 46 39 34 47 48 39 35 49 50 39 29 37 38 38 30 40 40 39 31 41 42 42 32 43 44 44 33 45 46 46 34 47 48 48 35 49 50 50 29 37 38 51 30 40 51 51 31 41 42 51 32 43 44 51 33 45 46 51 34 47 48 51 35 49 50 51 29 37 38 52 30 40 52 52 31 41 42 52 32 43 44 52 33 45 46 52 34 47 48 52 35 49 50 52 29 37 38 53 30 40 53 53 31 41 42 53 32 43 44 53 33 45 46 53 34 47 48 53 35 49 50 53 37 37 38 54 55 40 54 54 41 41 42 54 43 43 44 54 45 45 46 54 47 47 48 54 49 49 50 54 55 37 38 56 55 40 56 56 55 41 42 56 55 43 44 56 55 45 46 56 55 47 48 56 55 49 50 56 

No. 4
4x7x32
01 02 03 04 01 05 03 06 01 01 03 03 01 07 03 08 01 09 03 10 01 11 03 12 01 13 03 14 15 02 16 04 15 05 16 06 15 15 16 16 15 07 16 08 15 09 16 10 15 11 16 12 15 13 16 14 02 02 17 04 05 05 17 06 18 17 17 19 07 07 17 08 09 09 17 10 11 11 17 12 13 13 17 14 20 02 21 04 22 05 21 06 18 21 21 19 23 07 21 08 24 09 21 10 25 11 21 12 26 13 21 14 20 02 04 04 22 05 06 06 18 18 19 19 23 07 08 08 24 09 10 10 25 11 12 12 26 13 14 14 20 02 27 04 22 05 27 06 18 27 27 19 23 07 27 08 24 09 27 10 25 11 27 12 26 13 27 14 20 02 28 04 22 05 28 06 18 28 28 19 23 07 28 08 24 09 28 10 25 11 28 12 26 13 28 14 20 20 29 30 22 22 29 31 18 29 29 19 23 23 29 32 24 24 29 33 25 25 29 34 26 26 29 35 20 36 37 30 22 38 37 31 18 37 37 19 23 39 37 32 24 40 37 33 25 41 37 34 26 42 37 35 20 36 43 30 22 38 43 31 44 43 43 45 23 39 43 32 24 40 43 33 25 41 43 34 26 42 43 35 36 36 46 30 38 38 46 31 44 46 46 45 39 39 46 32 40 40 46 33 41 41 46 34 42 42 46 35 47 36 30 30 48 38 31 31 44 44 45 45 49 39 32 32 50 40 33 33 51 41 34 34 52 42 35 35 47 36 53 30 48 38 53 31 44 53 53 45 49 39 53 32 50 40 53 33 51 41 53 34 52 42 53 35 47 36 54 30 48 38 54 31 44 54 54 45 49 39 54 32 50 40 54 33 51 41 54 34 52 42 54 35 47 36 55 56 48 38 55 57 44 55 55 45 49 39 55 58 50 40 55 59 51 41 55 60 52 42 55 61 47 47 62 56 48 48 62 57 44 63 62 45 49 49 62 58 50 50 62 59 51 51 62 60 52 52 62 61 47 63 56 56 48 63 57 57 64 63 62 65 49 63 58 58 50 63 59 59 51 63 60 60 52 63 61 61 47 66 67 56 48 66 68 57 64 66 66 65 49 66 69 58 50 66 70 59 51 66 71 60 52 66 72 61 73 74 67 56 75 74 68 57 64 74 74 65 76 74 69 58 77 74 70 59 78 74 71 60 79 74 72 61 73 80 67 56 75 80 68 57 64 80 80 65 76 80 69 58 77 80 70 59 78 80 71 60 79 80 72 61 73 73 67 56 75 75 68 57 64 64 65 65 76 76 69 58 77 77 70 59 78 78 71 60 79 79 72 61 73 81 67 67 75 81 68 68 64 81 81 65 76 81 69 69 77 81 70 70 78 81 71 71 79 81 72 72 73 82 67 83 75 82 68 84 64 82 82 65 76 82 69 85 77 82 70 86 78 82 71 87 79 82 72 88 73 89 67 83 75 89 68 84 90 89 89 91 76 89 69 85 77 89 70 86 78 89 71 87 79 89 72 88 73 92 83 83 75 92 84 84 90 92 92 91 76 92 85 85 77 92 86 86 78 92 87 87 79 92 88 88 93 94 95 83 96 94 97 84 90 94 94 91 98 94 99 85 100 94 101 86 102 94 103 87 104 94 105 88 93 106 95 83 96 106 97 84 90 106 106 91 98 106 99 85 100 106 101 86 102 106 103 87 104 106 105 88 93 93 95 83 96 96 97 84 90 90 91 91 98 98 99 85 100 100 101 86 102 102 103 87 104 104 105 88 93 107 95 83 96 107 97 84 90 107 107 91 98 107 99 85 100 107 101 86 102 107 103 87 104 107 105 88 93 108 95 95 96 108 97 97 90 108 108 91 98 108 99 99 100 108 101 101 102 108 103 103 104 108 105 105 93 109 95 110 96 109 97 110 109 109 110 110 98 109 99 110 100 109 101 110 102 109 103 110 104 109 105 110 93 111 95 112 96 111 97 112 111 111 112 112 98 111 99 112 100 111 101 112 102 111 103 112 104 111 105 112 
7x7x8
01 01 01 01 01 01 01 02 02 02 02 02 02 02 03 04 05 06 07 08 09 05 05 05 05 05 05 05 10 10 10 10 10 10 10 11 11 11 11 11 11 11 12 12 12 12 12 12 12 03 04 01 06 07 08 09 03 04 02 06 07 08 09 03 04 13 06 07 08 09 03 04 14 06 07 08 09 03 04 10 06 07 08 09 03 04 11 06 07 08 09 03 04 12 06 07 08 09 15 15 15 15 15 15 15 16 16 16 16 16 16 16 17 18 13 19 20 21 22 14 14 14 14 14 14 14 23 23 23 23 23 23 23 24 24 24 24 24 24 24 25 25 25 25 25 25 25 17 18 15 19 20 21 22 17 18 16 19 20 21 22 17 18 13 19 20 21 22 17 18 13 19 20 21 22 17 18 23 19 20 21 22 17 18 24 19 20 21 22 17 18 25 19 20 21 22 26 27 28 29 30 31 32 26 27 33 29 30 31 32 26 27 13 29 30 31 32 26 27 34 29 30 31 32 26 27 35 29 30 31 32 26 27 36 29 30 31 32 26 27 37 29 30 31 32 28 28 28 28 28 28 28 33 33 33 33 33 33 33 26 27 13 29 30 31 32 34 34 34 34 34 34 34 35 35 35 35 35 35 35 36 36 36 36 36 36 36 37 37 37 37 37 37 37 38 39 40 41 42 43 44 38 39 45 41 42 43 44 38 39 13 41 42 43 44 38 39 46 41 42 43 44 38 39 47 41 42 43 44 38 39 48 41 42 43 44 38 39 49 41 42 43 44 40 40 40 40 40 40 40 45 45 45 45 45 45 45 38 39 13 41 42 43 44 46 46 46 46 46 46 46 47 47 47 47 47 47 47 48 48 48 48 48 48 48 49 49 49 49 49 49 49 

No. 5
7x7x16
01 01 01 01 01 01 01 02 02 02 02 02 02 02 03 03 03 03 03 03 03 04 05 06 03 07 08 09 10 10 10 10 10 10 10 11 11 11 11 11 11 11 12 12 12 12 12 12 12 04 05 06 01 07 08 09 04 05 06 02 07 08 09 04 05 06 13 07 08 09 04 05 06 14 07 08 09 04 05 06 10 07 08 09 04 05 06 11 07 08 09 04 05 06 12 07 08 09 15 15 15 15 15 15 15 16 16 16 16 16 16 16 13 13 13 13 13 13 13 17 18 19 14 20 21 22 23 23 23 23 23 23 23 24 24 24 24 24 24 24 25 25 25 25 25 25 25 17 18 19 15 20 21 22 17 18 19 16 20 21 22 17 18 19 26 20 21 22 17 18 19 14 20 21 22 17 18 19 23 20 21 22 17 18 19 24 20 21 22 17 18 19 25 20 21 22 27 27 27 27 27 27 27 28 28 28 28 28 28 28 26 26 26 26 26 26 26 29 30 31 14 14 32 33 34 34 34 34 34 34 34 35 35 35 35 35 35 35 36 36 36 36 36 36 36 29 30 31 27 37 32 33 29 30 31 28 37 32 33 29 30 31 38 37 32 33 29 30 31 14 37 32 33 29 30 31 34 37 32 33 29 30 31 35 37 32 33 29 30 31 36 37 32 33 39 39 39 39 39 39 39 40 40 40 40 40 40 40 38 38 38 38 38 38 38 41 42 43 14 37 44 45 46 46 46 46 46 46 46 47 47 47 47 47 47 47 48 48 48 48 48 48 48 41 42 43 39 49 44 45 41 42 43 40 49 44 45 41 42 43 50 49 44 45 41 42 43 14 49 44 45 41 42 43 46 49 44 45 41 42 43 47 49 44 45 41 42 43 48 49 44 45 51 51 51 51 51 51 51 52 52 52 52 52 52 52 50 50 50 50 50 50 50 53 54 55 56 49 57 58 59 59 59 59 59 59 59 60 60 60 60 60 60 60 61 61 61 61 61 61 61 53 54 55 51 62 57 58 53 54 55 52 62 57 58 53 54 55 63 62 57 58 53 54 55 56 62 57 58 53 54 55 59 62 57 58 53 54 55 60 62 57 58 53 54 55 61 62 57 58 64 64 64 64 64 64 64 65 65 65 65 65 65 65 63 63 63 63 63 63 63 66 67 68 56 62 69 70 71 71 71 71 71 71 71 72 72 72 72 72 72 72 73 73 73 73 73 73 73 66 67 68 64 74 69 70 66 67 68 65 74 69 70 66 67 68 56 74 69 70 66 67 68 56 74 69 70 66 67 68 71 74 69 70 66 67 68 72 74 69 70 66 67 68 73 74 69 70 75 75 75 75 75 75 75 76 76 76 76 76 76 76 77 77 77 77 77 77 77 78 79 80 56 74 81 82 83 83 83 83 83 83 83 84 84 84 84 84 84 84 85 85 85 85 85 85 85 78 79 80 75 86 81 82 78 79 80 76 86 81 82 78 79 80 77 86 81 82 78 79 80 56 86 81 82 78 79 80 83 86 81 82 78 79 80 84 86 81 82 78 79 80 85 86 81 82 87 87 87 87 87 87 87 88 88 88 88 88 88 88 89 89 89 89 89 89 89 90 91 92 56 86 93 94 95 95 95 95 95 95 95 96 96 96 96 96 96 96 97 97 97 97 97 97 97 90 91 92 87 98 93 94 90 91 92 88 98 93 94 90 91 92 89 98 93 94 90 91 92 98 98 93 94 90 91 92 95 98 93 94 90 91 92 96 98 93 94 90 91 92 97 98 93 94 

No. 7
3x6x16
01 01 02 01 03 03 01 01 02 01 04 04 01 05 05 01 06 06 07 07 02 07 03 02 07 07 02 07 04 02 07 05 02 07 06 02 08 08 09 08 03 03 08 08 09 08 04 04 08 05 05 08 06 06 10 10 09 11 03 09 12 12 09 13 04 09 14 05 09 15 06 09 10 16 16 11 03 17 12 18 18 13 04 19 14 05 20 15 06 21 10 10 16 11 03 17 12 12 18 13 04 19 14 05 20 15 06 21 10 16 16 11 11 17 12 18 18 13 13 19 14 14 20 15 15 21 10 22 16 11 17 17 12 23 18 13 19 19 14 20 20 15 21 21 10 22 16 11 11 17 12 23 18 13 13 19 14 14 20 15 15 21 24 22 16 24 17 17 24 23 18 24 19 19 24 20 20 24 21 21 22 22 25 26 26 25 23 23 25 24 25 25 27 27 25 24 25 25 28 22 29 28 26 29 28 23 29 28 29 29 28 27 29 28 29 29 22 22 30 26 26 30 23 23 30 28 30 30 27 27 30 28 30 30 31 31 32 31 26 32 31 31 32 31 32 32 31 27 32 31 32 32 33 33 34 33 26 34 33 33 34 33 34 34 33 27 34 33 34 34 35 35 36 35 26 36 35 35 36 35 36 36 35 27 36 35 36 36 
5x6x16
01 02 02 03 04 05 05 02 06 06 01 02 02 03 07 08 08 02 09 09 10 10 02 11 11 12 12 02 13 13 01 14 14 03 04 01 05 14 03 06 01 14 14 03 07 01 08 14 03 09 01 10 14 03 11 01 12 14 03 13 15 15 16 16 04 05 05 16 06 06 17 17 16 16 07 08 08 16 09 09 10 10 16 11 11 12 12 16 13 13 15 18 18 04 04 19 05 18 20 06 17 18 18 07 07 21 08 18 22 09 23 10 18 24 11 25 12 18 26 13 15 15 27 27 04 19 05 27 20 06 17 17 27 27 07 21 08 27 22 09 23 10 27 24 11 25 12 27 26 13 15 28 28 04 04 19 05 28 20 06 17 28 28 07 07 21 08 28 22 09 23 10 28 24 11 25 12 28 26 13 15 29 30 31 31 19 19 20 20 31 17 29 30 31 31 21 21 22 22 31 23 23 24 24 31 25 25 26 26 31 15 29 30 32 32 19 29 30 20 32 17 29 30 32 32 21 29 30 22 32 23 29 30 24 32 25 29 30 26 32 33 34 35 36 36 19 19 20 20 36 33 34 35 36 36 21 21 22 22 36 23 23 24 24 36 25 25 26 26 36 33 34 35 37 37 33 34 35 38 38 33 34 35 39 39 33 34 35 40 40 33 34 35 41 41 33 34 35 42 42 43 43 44 44 37 45 45 46 44 38 47 47 44 44 39 48 48 49 44 40 50 50 51 44 41 52 52 53 44 42 43 54 54 37 37 45 54 46 38 38 47 54 54 39 39 48 54 49 40 40 50 54 51 41 41 52 54 53 42 42 43 43 55 55 37 45 45 46 55 38 47 47 55 55 39 48 48 49 55 40 50 50 51 55 41 52 52 53 55 42 43 56 56 57 37 45 56 46 46 38 47 56 56 57 39 48 56 49 49 40 50 56 51 51 41 52 56 53 53 42 43 58 58 57 37 45 58 46 57 38 47 58 58 57 39 48 58 49 57 40 50 58 51 57 41 52 58 53 57 42 43 59 59 60 60 45 59 46 46 60 47 59 59 60 60 48 59 49 49 60 50 59 51 51 60 52 59 53 53 60 
6x6x8
01 01 01 01 01 01 02 02 02 02 02 02 03 03 03 03 03 03 04 04 04 04 04 04 05 05 05 05 05 05 06 06 06 06 06 06 07 08 08 01 09 01 07 08 10 02 09 02 07 08 08 03 09 03 07 08 11 04 09 04 07 08 12 05 09 05 07 08 13 06 09 06 07 14 15 15 09 16 17 17 10 15 18 18 07 14 15 15 09 16 19 19 11 15 20 20 21 21 12 15 22 22 23 23 13 15 24 24 25 14 25 26 26 16 17 14 10 26 18 16 27 14 27 26 26 16 19 14 11 26 20 16 21 14 12 26 22 16 23 14 13 26 24 16 25 25 25 25 25 25 17 17 10 10 18 18 27 27 27 27 27 27 19 19 11 11 20 20 21 21 12 12 22 22 23 23 13 13 24 24 28 28 29 29 30 30 17 28 10 29 18 30 28 28 29 29 30 30 19 28 11 29 20 30 21 28 12 29 22 30 23 28 13 29 24 30 31 31 32 33 34 34 17 31 10 10 18 34 31 31 32 33 34 34 19 31 11 11 20 34 21 31 12 12 22 34 23 31 13 13 24 34 35 35 32 33 36 36 17 35 32 33 18 36 35 35 32 33 36 36 19 35 32 33 20 36 21 35 32 33 22 36 23 35 32 33 24 36 

No. 8
4x6x6
01 01 02 03 01 04 04 05 01 06 06 07 01 01 02 08 01 09 09 10 01 11 11 12 13 13 02 03 13 04 02 05 13 06 02 07 13 13 02 08 13 09 02 10 13 11 02 12 14 14 03 03 14 04 05 05 14 06 07 07 14 14 08 08 14 09 10 10 14 11 12 12 15 15 16 03 15 04 04 05 15 06 06 07 15 15 16 08 15 09 09 10 15 11 11 12 17 17 16 03 17 04 16 05 17 06 16 07 17 17 16 08 17 09 16 10 17 11 16 12 18 18 03 03 18 04 05 05 18 06 07 07 18 18 08 08 18 09 10 10 18 11 12 12 

No. 9
6x6x8
01 01 01 01 01 01 02 02 02 02 02 02 03 03 03 03 03 03 04 04 04 04 04 04 05 05 05 05 05 05 06 06 06 06 06 06 07 01 08 08 07 01 09 02 08 10 11 02 12 03 08 13 14 03 15 04 08 16 17 04 18 05 08 08 18 05 19 06 08 20 21 06 07 07 07 07 07 07 09 09 10 10 11 11 12 12 13 13 14 14 15 15 16 16 17 17 18 18 18 18 18 18 19 19 20 20 21 21 22 22 23 23 24 24 09 22 23 10 11 24 12 22 23 13 14 24 15 22 23 16 17 24 22 22 23 23 24 24 19 22 23 20 21 24 25 25 26 26 27 27 09 25 26 10 11 27 12 25 26 13 14 27 15 25 26 16 17 27 25 25 26 26 27 27 19 25 26 20 21 27 28 28 29 29 30 30 09 28 29 10 11 30 12 28 29 13 14 30 15 28 29 16 17 30 28 28 29 29 30 30 19 28 29 20 21 30 31 32 33 34 35 36 09 09 10 10 11 11 12 12 13 13 14 14 15 15 16 16 17 17 31 32 33 34 35 36 19 19 20 20 21 21 31 32 33 34 35 36 31 32 33 34 35 36 31 32 33 34 35 36 31 32 33 34 35 36 31 32 33 34 35 36 31 32 33 34 35 36 

No.10
2x6x8
01 02 01 02 01 02 01 02 01 02 01 02 01 02 03 03 04 04 05 05 06 06 01 02 07 07 03 07 04 07 05 07 06 07 07 07 08 08 03 08 04 08 05 08 06 08 08 08 09 09 03 09 04 09 05 09 06 09 09 09 10 10 03 10 04 10 05 10 06 10 10 10 11 12 03 03 04 04 05 05 06 06 11 12 11 12 11 12 11 12 11 12 11 12 11 12 
6x7x8
01 01 01 01 01 01 01 02 03 04 05 01 06 06 06 06 06 06 07 07 07 07 07 07 08 08 08 08 08 08 09 09 09 09 09 09 09 02 03 04 05 09 10 10 10 10 10 10 10 02 03 04 05 10 06 02 03 04 05 06 07 02 03 04 05 07 08 02 03 04 05 08 11 02 03 04 05 12 11 02 03 04 05 12 13 13 13 13 13 13 13 14 15 16 17 13 18 18 18 18 18 18 19 19 19 19 19 19 20 20 20 20 20 20 21 21 21 21 21 21 11 14 15 16 17 12 22 22 22 22 22 22 22 14 15 16 17 22 18 14 15 16 17 18 19 14 15 16 17 19 20 14 15 16 17 20 21 14 15 16 17 21 11 14 15 16 17 12 23 23 23 23 23 23 23 24 25 26 27 23 28 28 28 28 28 28 29 29 29 29 29 29 30 30 30 30 30 30 31 31 31 31 31 31 11 24 25 26 27 12 32 32 32 32 32 32 32 24 25 26 27 32 28 24 25 26 27 28 29 24 25 26 27 29 30 24 25 26 27 30 31 24 25 26 27 31 11 24 25 26 27 12 33 33 33 33 33 33 33 34 35 36 37 33 38 34 35 36 37 38 39 34 35 36 37 39 40 34 35 36 37 40 11 34 35 36 37 12 11 34 35 36 37 12 41 41 41 41 41 41 41 34 35 36 37 41 38 38 38 38 38 38 39 39 39 39 39 39 40 40 40 40 40 40 42 42 42 42 42 42 42 34 35 36 37 42 

No.11
4x7x8
01 01 01 02 03 04 01 02 03 04 01 02 03 04 01 05 06 04 01 05 06 04 01 05 06 04 04 04 07 07 07 02 03 08 07 09 10 08 07 09 11 08 07 09 11 08 07 12 11 08 07 05 06 08 08 08 13 13 13 02 03 14 13 09 10 14 13 15 16 14 13 17 18 14 13 12 11 14 13 05 06 14 14 14 19 19 19 02 03 20 19 09 10 20 19 15 16 20 19 17 18 20 19 12 11 20 19 05 06 20 20 20 21 21 21 02 03 22 21 09 10 22 21 15 16 22 21 17 18 22 21 12 11 22 21 05 06 22 22 22 23 23 23 02 03 24 23 09 10 24 23 15 16 24 23 17 18 24 23 12 11 24 23 05 06 24 24 24 10 25 25 25 10 25 26 09 10 25 26 15 16 25 26 17 18 25 26 12 11 25 26 12 26 26 26 12 27 27 27 15 16 28 27 15 16 28 27 15 16 28 27 17 18 28 27 17 18 28 27 17 18 28 28 28 

No.12
4x6x16
01 02 03 04 05 02 02 04 06 02 02 04 07 02 08 04 09 02 10 04 11 02 12 04 01 13 03 03 05 13 13 04 06 13 13 04 07 13 08 08 09 13 10 10 11 13 12 12 01 14 03 03 05 14 14 15 06 14 14 16 07 14 08 08 09 14 10 10 11 14 12 12 01 01 03 17 05 05 15 15 06 06 16 16 07 07 08 18 09 09 10 19 11 11 12 20 01 01 03 17 05 05 15 15 06 06 16 16 07 07 08 18 09 09 10 19 11 11 12 20 01 21 03 17 05 21 21 15 06 21 21 16 07 21 08 18 09 21 10 19 11 21 12 20 22 23 17 17 22 23 23 15 22 23 23 16 22 23 18 18 22 23 19 19 22 23 20 20 24 25 17 17 22 25 25 15 22 25 25 16 26 25 18 18 27 25 19 19 28 25 20 20 24 24 29 17 30 29 29 31 32 29 29 31 26 26 29 18 27 27 29 19 28 28 29 20 24 24 33 31 30 33 33 31 32 33 33 31 26 26 33 31 27 27 33 31 28 28 33 31 24 34 35 36 30 35 35 37 32 35 35 38 26 39 35 40 27 41 35 42 28 43 35 44 24 34 36 36 30 30 37 37 32 32 38 38 26 39 40 40 27 41 42 42 28 43 44 44 24 34 36 36 30 30 37 37 32 32 38 38 26 39 40 40 27 41 42 42 28 43 44 44 34 34 45 36 30 45 45 37 32 45 45 38 39 39 45 40 41 41 45 42 43 43 45 44 34 34 46 36 47 46 46 37 47 46 46 38 39 39 46 40 41 41 46 42 43 43 46 44 47 34 48 36 47 48 48 37 47 48 48 38 47 39 48 40 47 41 48 42 47 43 48 44 
5x6x40
01 02 03 04 05 01 01 03 03 05 01 01 03 03 05 01 06 03 07 05 01 08 03 09 05 01 10 03 11 05 12 02 13 04 04 12 12 13 13 05 12 12 13 13 05 12 06 13 07 07 12 08 13 09 09 12 10 13 11 11 14 02 15 04 04 14 14 15 15 16 14 14 15 15 16 14 06 15 07 07 14 08 15 09 09 14 10 15 11 11 02 02 17 04 16 18 17 17 19 16 20 17 17 21 16 06 06 17 07 16 08 08 17 09 16 10 10 17 11 16 02 02 22 04 23 18 22 22 19 23 20 22 22 21 23 06 06 22 07 23 08 08 22 09 23 10 10 22 11 23 24 02 25 04 26 18 25 25 19 23 20 25 25 21 23 27 06 25 07 28 29 08 25 09 30 31 10 25 11 32 24 24 33 26 26 18 18 33 19 19 20 20 33 21 21 27 27 33 28 28 29 29 33 30 30 31 31 33 32 32 24 24 34 26 26 18 18 33 19 19 20 20 33 21 21 27 27 35 28 28 29 29 36 30 30 31 31 37 32 32 24 38 34 39 26 18 38 38 19 40 20 38 38 21 41 27 38 35 42 28 29 38 36 43 30 31 38 37 44 32 24 45 34 39 26 45 45 46 40 40 45 45 47 41 41 27 45 35 42 28 29 45 36 43 30 31 45 37 44 32 24 34 34 39 26 48 46 46 40 40 48 47 47 41 41 27 35 35 42 28 29 36 36 43 30 31 37 37 44 32 48 34 34 39 39 48 46 46 49 40 48 47 47 50 41 48 35 35 42 42 48 36 36 43 43 48 37 37 44 44 51 52 34 39 39 51 51 46 49 40 51 51 47 50 41 51 53 35 42 42 51 54 36 43 43 51 55 37 44 44 56 52 52 39 57 56 56 46 49 40 56 56 47 50 41 56 53 53 42 58 56 54 54 43 59 56 55 55 44 60 61 52 52 57 57 61 61 46 49 49 61 61 47 50 50 61 53 53 58 58 61 54 54 59 59 61 55 55 60 60 62 52 63 57 57 64 63 63 49 49 65 63 63 50 50 66 53 63 58 58 67 54 63 59 59 68 55 63 60 60 62 52 69 70 57 64 69 69 49 71 65 69 69 50 72 66 53 69 73 58 67 54 69 74 59 68 55 69 75 60 62 52 76 70 57 64 76 76 71 71 65 76 76 72 72 66 53 76 73 58 67 54 76 74 59 68 55 76 75 60 62 62 77 70 57 64 64 77 71 71 65 65 77 72 72 66 66 77 73 58 67 67 77 74 59 68 68 77 75 60 62 62 78 70 70 64 64 77 79 71 65 65 77 80 72 66 66 81 73 73 67 67 82 74 74 68 68 83 75 75 62 84 78 70 70 64 84 84 79 71 65 84 84 80 72 66 84 81 73 73 67 84 82 74 74 68 84 83 75 75 85 86 78 70 87 88 86 86 79 71 89 86 86 80 72 90 86 81 73 91 92 86 82 74 93 94 86 83 75 95 85 85 78 78 87 88 88 79 79 96 89 89 80 80 97 90 90 81 81 91 92 92 82 82 93 94 94 83 83 95 85 85 78 78 87 88 88 79 79 96 89 89 80 80 97 90 90 81 81 91 92 92 82 82 93 94 94 83 83 95 85 98 78 87 87 88 98 98 79 96 89 98 98 80 97 90 98 81 91 91 92 98 82 93 93 94 98 83 95 95 85 99 100 87 87 88 100 100 96 96 89 100 100 97 97 90 101 100 91 91 92 102 100 93 93 94 103 100 95 95 85 99 104 105 87 88 104 104 96 96 89 104 104 97 97 90 101 104 106 91 92 102 104 107 93 94 103 104 108 95 109 99 110 105 105 109 110 110 111 96 109 110 110 112 97 109 101 110 106 106 109 102 110 107 107 109 103 110 108 108 113 99 99 105 105 109 114 111 111 115 109 116 112 112 115 117 101 101 106 106 118 102 102 107 107 119 103 103 108 108 113 99 99 105 115 114 114 111 111 115 116 116 112 112 115 117 101 101 106 115 118 102 102 107 115 119 103 103 108 115 113 99 120 105 121 114 114 122 111 121 116 116 123 112 121 117 101 124 106 121 118 102 125 107 121 119 103 126 108 121 113 113 120 105 127 128 114 122 111 121 129 116 123 112 121 117 117 124 106 130 118 118 125 107 131 119 119 126 108 132 113 113 120 127 127 128 114 122 111 133 129 116 123 112 134 117 117 124 130 130 118 118 125 131 131 119 119 126 132 132 113 120 120 127 127 128 114 122 122 133 129 116 123 123 134 117 124 124 130 130 118 125 125 131 131 119 126 126 132 132 135 120 120 136 127 128 128 122 122 133 129 129 123 123 134 137 124 124 138 130 139 125 125 140 131 141 126 126 142 132 135 135 120 136 127 128 128 122 133 133 129 129 123 134 134 137 137 124 138 130 139 139 125 140 131 141 141 126 142 132 135 135 143 136 127 128 143 143 133 133 129 143 143 134 134 137 137 143 138 130 139 139 143 140 131 141 141 143 142 132 135 144 145 136 136 144 144 145 145 133 144 144 145 145 134 137 144 145 138 138 139 144 145 140 140 141 144 145 142 142 135 146 147 136 136 146 146 147 147 148 146 146 147 147 148 137 146 147 138 138 139 146 147 140 140 141 146 147 142 142 135 149 150 136 148 149 149 150 150 148 149 149 150 150 148 137 149 150 138 148 139 149 150 140 148 141 149 150 142 148 
6x6x8
01 01 01 01 01 01 02 02 02 02 02 02 03 03 03 03 03 03 04 04 04 04 04 04 05 05 05 05 05 05 06 06 06 06 06 06 07 08 09 01 01 10 11 08 08 02 02 12 13 08 08 03 03 14 15 08 16 04 04 17 18 08 19 05 05 20 21 08 22 06 06 23 07 24 09 09 25 10 11 24 24 25 25 12 13 24 24 25 25 14 15 24 16 16 25 17 18 24 19 19 25 20 21 24 22 22 25 23 07 26 09 09 27 10 11 26 26 27 27 12 13 26 26 27 27 14 15 26 16 16 27 17 18 26 19 19 27 20 21 26 22 22 27 23 07 07 09 28 10 10 11 11 28 28 12 12 13 13 28 28 14 14 15 15 16 28 17 17 18 18 19 28 20 20 21 21 22 28 23 23 07 07 09 29 10 10 11 11 29 29 12 12 13 13 29 29 14 14 15 15 16 29 17 17 18 18 19 29 20 20 21 21 22 29 23 23 07 30 09 31 31 10 11 30 30 32 32 12 13 30 30 33 33 14 15 30 16 34 34 17 18 30 19 35 35 20 21 30 22 36 36 23 31 31 31 31 31 31 32 32 32 32 32 32 33 33 33 33 33 33 34 34 34 34 34 34 35 35 35 35 35 35 36 36 36 36 36 36 
6x7x16
01 02 03 04 05 06 01 02 03 04 05 06 01 02 03 04 05 06 01 02 03 04 05 06 01 02 03 04 05 06 01 02 03 04 05 06 07 08 09 10 11 12 13 13 13 13 13 13 14 13 13 15 16 17 18 18 18 18 18 18 01 02 03 04 05 06 01 02 03 04 05 06 07 08 09 10 11 12 07 08 09 10 11 12 19 19 19 19 19 19 14 19 19 15 16 17 14 18 18 15 16 17 20 20 20 20 20 20 21 20 20 22 23 24 07 08 09 10 11 12 07 08 09 10 11 12 25 25 25 25 25 25 14 25 25 15 16 17 14 26 26 15 16 17 26 26 26 26 26 26 21 27 27 22 23 24 27 27 27 27 27 27 07 08 09 10 11 12 28 29 30 31 32 33 14 34 34 15 16 17 34 34 34 34 34 34 35 35 35 35 35 35 21 36 36 22 23 24 36 36 36 36 36 36 07 08 09 10 11 12 28 29 30 31 32 33 14 37 37 15 16 17 37 37 37 37 37 37 21 35 35 22 23 24 21 38 38 22 23 24 38 38 38 38 38 38 07 08 09 10 11 12 28 29 30 31 32 33 14 39 39 15 16 17 39 39 39 39 39 39 21 40 40 22 23 24 21 41 41 22 23 24 41 41 41 41 41 41 42 43 44 45 46 47 28 29 30 31 32 33 28 29 30 31 32 33 48 48 48 48 48 48 40 40 40 40 40 40 21 49 49 22 23 24 42 43 44 45 46 47 42 43 44 45 46 47 28 29 30 31 32 33 28 29 30 31 32 33 50 48 48 51 52 53 54 54 54 54 54 54 49 49 49 49 49 49 42 43 44 45 46 47 42 43 44 45 46 47 28 29 30 31 32 33 55 55 55 55 55 55 50 55 55 51 52 53 50 54 54 51 52 53 56 56 56 56 56 56 57 56 56 58 59 60 42 43 44 45 46 47 61 62 63 64 65 66 67 67 67 67 67 67 50 67 67 51 52 53 50 68 68 51 52 53 69 69 69 69 69 69 57 69 69 58 59 60 42 43 44 45 46 47 61 62 63 64 65 66 70 70 70 70 70 70 50 70 70 51 52 53 68 68 68 68 68 68 71 71 71 71 71 71 57 71 71 58 59 60 42 43 44 45 46 47 61 62 63 64 65 66 72 72 72 72 72 72 50 72 72 51 52 53 73 73 73 73 73 73 57 73 73 58 59 60 57 74 74 58 59 60 74 74 74 74 74 74 61 62 63 64 65 66 61 62 63 64 65 66 50 75 75 51 52 53 75 75 75 75 75 75 57 76 76 58 59 60 57 77 77 58 59 60 77 77 77 77 77 77 61 62 63 64 65 66 61 62 63 64 65 66 78 79 80 81 82 83 78 79 80 81 82 83 76 76 76 76 76 76 57 84 84 58 59 60 84 84 84 84 84 84 61 62 63 64 65 66 78 79 80 81 82 83 78 79 80 81 82 83 78 79 80 81 82 83 78 79 80 81 82 83 78 79 80 81 82 83 78 79 80 81 82 83 
6x8x8
01 01 01 01 01 01 02 01 01 03 04 05 06 06 06 06 06 06 07 07 07 07 07 07 08 08 08 08 08 08 09 09 09 09 09 09 10 10 10 10 10 10 11 11 11 11 11 11 12 12 12 12 12 12 02 12 12 03 04 05 13 06 06 14 15 16 13 07 07 14 15 16 13 08 08 14 15 16 13 09 09 14 15 16 13 10 10 14 15 16 13 11 11 14 15 16 17 17 17 17 17 17 02 18 18 03 04 05 18 18 18 18 18 18 13 19 19 14 15 16 13 20 20 14 15 16 21 21 21 21 21 21 22 21 21 23 24 25 26 26 26 26 26 26 02 17 17 03 04 05 02 27 27 03 04 05 27 27 27 27 27 27 19 19 19 19 19 19 20 20 20 20 20 20 28 28 28 28 28 28 22 28 28 23 24 25 22 26 26 23 24 25 02 29 29 03 04 05 02 30 30 03 04 05 30 30 30 30 30 30 31 31 31 31 31 31 32 32 32 32 32 32 33 33 33 33 33 33 22 33 33 23 24 25 22 34 34 23 24 25 29 29 29 29 29 29 02 35 35 03 04 05 35 35 35 35 35 35 36 31 31 37 38 39 36 32 32 37 38 39 40 40 40 40 40 40 22 40 40 23 24 25 34 34 34 34 34 34 36 41 41 37 38 39 36 42 42 37 38 39 36 43 43 37 38 39 36 44 44 37 38 39 36 45 45 37 38 39 36 46 46 37 38 39 22 47 47 23 24 25 47 47 47 47 47 47 41 41 41 41 41 41 42 42 42 42 42 42 43 43 43 43 43 43 44 44 44 44 44 44 45 45 45 45 45 45 46 46 46 46 46 46 22 48 48 23 24 25 48 48 48 48 48 48 
6x8x10
01 01 01 01 01 01 02 01 01 03 04 05 06 07 08 09 10 11 06 07 08 09 10 11 06 07 08 09 10 11 06 07 08 09 10 11 06 07 08 09 10 11 06 07 08 09 10 11 12 12 12 12 12 12 02 12 12 03 04 05 02 13 13 03 04 05 13 13 13 13 13 13 14 15 16 17 18 19 06 07 08 09 10 11 06 07 08 09 10 11 20 21 22 23 24 25 26 26 26 26 26 26 02 26 26 03 04 05 02 27 27 03 04 05 27 27 27 27 27 27 14 15 16 17 18 19 14 15 16 17 18 19 20 21 22 23 24 25 20 21 22 23 24 25 28 29 30 31 32 33 02 34 34 03 04 05 34 34 34 34 34 34 35 36 37 38 39 40 14 15 16 17 18 19 14 15 16 17 18 19 20 21 22 23 24 25 20 21 22 23 24 25 28 29 30 31 32 33 02 41 41 03 04 05 41 41 41 41 41 41 35 36 37 38 39 40 14 15 16 17 18 19 42 42 42 42 42 42 43 42 42 44 45 46 20 21 22 23 24 25 28 29 30 31 32 33 02 47 47 03 04 05 47 47 47 47 47 47 35 36 37 38 39 40 14 15 16 17 18 19 48 48 48 48 48 48 43 48 48 44 45 46 20 21 22 23 24 25 28 29 30 31 32 33 28 29 30 31 32 33 35 36 37 38 39 40 35 36 37 38 39 40 14 15 16 17 18 19 49 49 49 49 49 49 43 49 49 44 45 46 20 21 22 23 24 25 28 29 30 31 32 33 28 29 30 31 32 33 35 36 37 38 39 40 35 36 37 38 39 40 50 50 50 50 50 50 43 50 50 44 45 46 43 51 51 44 45 46 51 51 51 51 51 51 28 29 30 31 32 33 52 53 54 55 56 57 52 53 54 55 56 57 35 36 37 38 39 40 58 58 58 58 58 58 43 58 58 44 45 46 43 59 59 44 45 46 59 59 59 59 59 59 52 53 54 55 56 57 52 53 54 55 56 57 52 53 54 55 56 57 52 53 54 55 56 57 52 53 54 55 56 57 52 53 54 55 56 57 43 60 60 44 45 46 60 60 60 60 60 60 

No.13
3x6x16
01 02 03 01 01 03 01 04 03 01 01 03 01 05 03 01 06 03 07 02 02 07 07 03 07 04 04 07 07 03 07 05 05 07 06 06 08 02 09 08 08 09 08 04 09 08 08 09 08 05 09 08 06 09 10 02 02 10 10 09 10 04 04 10 10 09 10 05 05 10 06 06 11 02 12 11 11 13 11 04 14 11 11 15 11 05 16 11 06 17 18 02 12 18 18 13 18 04 14 18 18 15 18 05 16 18 06 17 19 12 12 20 13 13 21 14 14 22 15 15 23 16 16 24 17 17 19 19 12 20 20 13 21 21 14 22 22 15 23 23 16 24 24 17 19 12 12 20 13 13 21 14 14 22 15 15 23 16 16 24 17 17 19 19 12 20 20 13 21 21 14 22 22 15 23 23 16 24 24 17 19 25 26 20 27 26 21 26 26 22 28 26 23 26 26 24 29 26 19 25 30 20 27 30 21 30 30 22 28 30 23 30 30 24 29 30 25 25 31 27 27 31 32 31 31 28 28 31 32 31 31 29 29 31 32 25 33 32 27 33 32 33 33 32 28 33 32 33 33 32 29 33 25 25 34 27 27 34 35 34 34 28 28 34 35 34 34 29 29 34 35 25 36 35 27 36 35 36 36 35 28 36 35 36 36 35 29 36 
4x6x16
01 02 03 04 01 01 03 03 01 05 03 06 01 01 03 03 01 07 03 08 01 09 03 10 11 02 04 04 11 11 12 13 11 05 06 06 11 11 12 14 11 07 08 08 11 09 10 10 02 02 12 04 15 16 12 13 05 05 12 06 15 17 12 14 07 07 12 08 09 09 12 10 15 02 04 04 15 16 13 13 15 05 06 06 15 17 14 14 15 07 08 08 15 09 10 10 02 02 18 04 19 16 16 13 05 05 20 06 19 17 17 14 07 07 21 08 09 09 22 10 19 02 18 04 19 16 13 13 19 05 20 06 19 17 14 14 19 07 21 08 19 09 22 10 23 24 18 18 23 16 16 13 23 25 20 20 23 17 17 14 23 26 21 21 23 27 22 22 24 24 18 28 23 16 28 28 25 25 20 28 23 17 28 28 26 26 21 28 27 27 22 28 29 24 18 18 29 29 30 31 29 25 20 20 29 29 32 31 29 26 21 21 29 27 22 22 24 24 18 31 33 30 30 31 25 25 20 31 34 32 32 31 26 26 21 31 27 27 22 31 35 24 36 37 33 33 30 37 38 25 39 37 34 34 32 37 40 26 41 37 42 27 43 37 35 24 36 36 33 30 30 37 38 25 39 39 34 32 32 37 40 26 41 41 42 27 43 43 35 35 36 44 33 33 30 44 38 38 39 44 34 34 32 44 40 40 41 44 42 42 43 44 35 45 36 36 33 45 30 44 38 45 39 39 34 45 32 44 40 45 41 41 42 45 43 43 35 35 36 46 33 45 46 46 38 38 39 46 34 45 46 46 40 40 41 46 42 42 43 46 35 47 36 48 47 47 48 48 38 47 39 48 47 47 48 48 40 47 41 48 42 47 43 48 
6x6x8
01 02 03 02 04 05 01 01 03 04 04 05 01 06 03 06 04 05 01 01 03 04 04 05 01 07 03 07 04 05 01 08 03 08 04 05 02 02 02 02 02 02 09 10 03 11 12 05 06 06 06 06 06 06 13 10 03 14 12 05 07 07 07 07 07 07 08 08 08 08 08 08 15 10 16 17 12 18 09 10 19 11 12 20 21 10 22 23 12 24 13 10 25 14 12 26 27 10 28 29 12 30 31 10 32 33 12 34 15 15 16 17 17 18 09 09 19 11 11 20 21 21 22 23 23 24 13 13 25 14 14 26 27 27 28 29 29 30 31 31 32 33 33 34 15 16 16 17 18 18 09 19 19 11 20 20 21 22 22 23 24 24 13 25 25 14 26 26 27 28 28 29 30 30 31 32 32 33 34 34 15 15 16 17 17 18 09 09 19 11 11 20 21 21 22 23 23 24 13 13 25 14 14 26 27 27 28 29 29 30 31 31 32 33 33 34 15 16 16 17 18 18 09 19 19 11 20 20 21 22 22 23 24 24 13 25 25 14 26 26 27 28 28 29 30 30 31 32 32 33 34 34 15 35 16 17 36 18 35 35 19 36 36 20 21 35 22 23 36 24 35 35 25 36 36 26 27 35 28 29 36 30 31 35 32 33 36 34 

No.14
6x6x8
01 01 01 01 01 01 02 03 04 05 03 06 03 03 03 03 03 03 07 07 07 07 07 07 02 07 04 05 07 06 08 08 08 08 08 08 02 01 04 05 01 06 02 09 04 05 09 06 02 10 04 05 10 06 02 11 04 05 11 06 02 12 04 05 12 06 02 08 04 05 08 06 13 13 13 13 13 13 09 09 09 09 09 09 10 10 10 10 10 10 11 11 11 11 11 11 12 12 12 12 12 12 14 14 14 14 14 14 15 13 16 17 13 18 15 15 16 17 18 18 15 19 16 17 19 18 15 20 16 17 20 18 15 15 16 17 18 18 15 14 16 17 14 18 21 21 21 21 21 21 22 21 16 17 21 23 19 19 19 19 19 19 20 20 20 20 20 20 22 24 16 17 24 23 24 24 24 24 24 24 22 25 26 27 25 23 22 26 26 27 27 23 22 28 26 27 28 23 22 29 26 27 29 23 22 26 26 27 27 23 22 30 26 27 30 23 25 25 25 25 25 25 31 32 33 34 35 36 28 28 28 28 28 28 29 29 29 29 29 29 31 32 33 34 35 36 30 30 30 30 30 30 31 32 33 34 35 36 31 32 33 34 35 36 31 32 33 34 35 36 31 32 33 34 35 36 31 32 33 34 35 36 31 32 33 34 35 36 

No.16
6x6x8
01 02 03 03 04 05 01 02 06 06 04 05 01 02 02 04 04 05 01 02 02 04 04 05 01 02 07 07 04 05 01 02 08 08 04 05 03 03 03 03 03 03 06 06 06 06 06 06 01 09 10 11 12 05 01 09 13 14 12 05 07 07 07 07 07 07 08 08 08 08 08 08 15 09 16 16 12 17 15 09 18 18 12 17 15 09 10 11 12 17 15 09 13 14 12 17 15 09 19 19 12 17 15 09 20 20 12 17 16 16 16 16 16 16 18 18 18 18 18 18 15 10 10 11 11 17 15 13 13 14 14 17 19 19 19 19 19 19 20 20 20 20 20 20 21 21 21 21 21 21 22 22 22 22 22 22 23 10 10 11 11 24 23 13 13 14 14 24 25 25 25 25 25 25 26 26 26 26 26 26 23 27 21 21 28 24 23 27 22 22 28 24 23 27 10 11 28 24 23 27 13 14 28 24 23 27 25 25 28 24 23 27 26 26 28 24 29 29 29 29 29 29 30 30 30 30 30 30 31 27 10 11 28 32 31 27 13 14 28 32 33 33 33 33 33 33 34 34 34 34 34 34 31 35 29 29 36 32 31 35 30 30 36 32 31 35 35 36 36 32 31 35 35 36 36 32 31 35 33 33 36 32 31 35 34 34 36 32 

No.18
2x12x16
01 02 03 02 04 02 05 02 06 02 07 02 07 07 08 07 09 07 10 07 11 07 12 07 01 01 03 03 04 04 05 05 06 06 13 02 13 02 08 08 09 09 10 10 11 11 12 12 13 01 13 03 13 04 13 05 13 06 13 14 14 14 14 08 14 09 14 10 14 11 14 12 15 01 16 03 17 04 18 05 19 06 20 21 21 21 21 08 21 09 21 10 21 11 21 12 15 01 16 03 17 04 18 05 19 06 20 22 22 22 22 08 22 09 22 10 22 11 22 12 15 01 16 03 17 04 18 05 19 06 20 23 23 23 23 08 23 09 23 10 23 11 23 12 15 01 16 03 17 04 18 05 19 06 20 24 25 24 26 08 27 09 28 10 29 11 30 12 15 24 16 24 17 24 18 24 19 24 20 24 25 25 26 26 27 27 28 28 29 29 30 30 15 15 16 16 17 17 18 18 19 19 20 20 31 25 31 26 31 27 31 28 31 29 31 30 32 15 33 16 34 17 35 18 36 19 31 20 31 25 37 26 38 27 39 28 40 29 41 30 32 42 33 42 34 42 35 42 36 42 42 42 42 25 37 26 38 27 39 28 40 29 41 30 32 43 33 43 34 43 35 43 36 43 43 43 43 25 37 26 38 27 39 28 40 29 41 30 32 44 33 44 34 44 35 44 36 44 44 44 44 25 37 26 38 27 39 28 40 29 41 30 32 45 33 45 34 45 35 45 36 45 46 45 46 46 37 46 38 46 39 46 40 46 41 46 32 32 33 33 34 34 35 35 36 36 47 45 47 45 37 37 38 38 39 39 40 40 41 41 47 32 47 33 47 34 47 35 47 36 47 48 48 48 48 37 48 38 48 39 48 40 48 41 

No.20
3x5x16
01 01 02 01 01 02 01 03 02 01 01 02 01 04 02 05 05 02 05 05 02 05 03 03 05 05 02 05 04 04 06 06 07 06 06 07 06 03 07 06 06 07 06 04 07 08 08 07 08 08 07 08 03 03 08 08 07 08 04 04 09 09 10 09 09 10 09 03 03 09 09 10 09 04 04 11 11 10 12 12 10 13 13 10 14 14 10 15 15 10 11 11 16 12 12 17 13 13 18 14 14 19 15 15 20 11 16 16 12 17 17 13 18 18 14 19 19 15 20 20 11 11 16 12 12 17 13 13 18 14 14 19 15 15 20 11 16 16 12 17 17 13 18 18 14 19 19 15 20 20 21 16 16 21 17 17 21 18 18 21 19 19 21 20 20 22 22 23 21 23 23 24 24 23 21 23 23 21 23 23 22 22 25 26 25 25 24 24 25 26 25 25 26 25 25 26 22 27 26 27 27 26 24 27 26 27 27 26 27 27 22 22 28 29 28 28 24 24 28 29 28 28 29 28 28 29 22 30 29 30 30 29 24 30 29 30 30 29 30 30 
5x5x16
01 02 03 04 05 01 02 03 04 05 01 02 03 04 05 01 02 03 04 05 01 02 03 04 05 06 06 06 06 06 01 02 03 04 05 07 07 07 07 07 01 02 03 04 05 01 02 03 04 05 08 06 09 06 06 10 10 09 09 11 12 07 09 07 07 13 13 09 09 11 14 14 09 09 11 08 08 15 16 11 10 10 15 15 11 12 12 15 17 11 13 13 15 15 11 14 14 15 15 11 08 18 16 16 19 10 18 18 19 19 12 18 17 17 19 13 18 18 19 19 14 18 18 19 19 08 08 20 16 21 10 10 20 21 21 12 12 20 17 21 13 13 20 21 21 14 14 20 21 21 08 08 16 16 22 10 23 20 22 22 12 12 17 17 22 13 23 20 22 22 14 23 20 22 22 24 23 16 16 25 26 23 27 25 25 28 23 17 17 25 29 23 27 25 25 30 23 27 25 25 24 24 27 31 32 26 26 27 32 32 28 28 27 33 32 29 29 27 32 32 30 30 27 32 32 24 34 31 31 35 26 34 34 35 35 28 34 33 33 35 29 34 34 35 35 30 34 34 35 35 24 24 36 31 37 26 26 36 37 37 28 28 36 33 37 29 29 36 37 37 30 30 36 37 37 24 24 31 31 38 26 26 36 38 38 28 28 33 33 38 29 29 36 38 38 30 30 36 38 38 39 40 31 31 41 39 40 42 41 41 39 40 33 33 41 39 40 42 41 41 39 40 42 41 41 43 43 42 43 44 39 40 42 44 44 45 45 42 45 44 39 40 42 44 44 39 40 42 44 44 43 43 43 43 43 46 47 48 49 50 45 45 45 45 45 46 47 48 49 50 46 47 48 49 50 46 47 48 49 50 46 47 48 49 50 46 47 48 49 50 46 47 48 49 50 46 47 48 49 50 
5x7x16
01 01 01 01 01 02 02 02 02 02 03 04 05 06 07 03 04 05 06 07 03 04 05 06 07 03 04 05 06 07 03 04 05 06 07 08 01 09 01 01 08 02 09 02 02 10 10 10 10 10 03 04 05 06 07 11 11 11 11 11 03 04 05 06 07 03 04 05 06 07 08 12 09 13 14 08 12 09 13 14 15 10 16 10 10 17 17 17 17 17 15 11 16 11 11 15 18 16 18 18 18 18 18 18 18 08 12 09 13 14 15 12 16 13 14 15 19 16 20 21 15 17 16 17 17 15 19 16 20 21 15 19 16 20 21 22 22 22 22 22 08 12 09 13 14 08 19 09 20 21 23 19 24 20 21 23 19 24 20 21 23 19 24 20 21 23 19 24 20 21 23 22 24 22 22 08 12 09 13 14 25 12 26 13 14 27 27 27 27 27 23 27 24 27 27 28 28 28 28 28 23 29 24 29 29 23 30 24 30 30 25 12 26 13 14 25 31 26 31 31 31 31 31 31 31 32 32 32 32 32 33 28 34 28 28 29 29 29 29 29 30 30 30 30 30 35 35 35 35 35 25 36 26 36 36 36 36 36 36 36 33 32 34 32 32 33 37 34 37 37 37 37 37 37 37 38 39 40 41 42 25 35 26 35 35 25 43 26 43 43 43 43 43 43 43 44 44 44 44 44 33 44 34 44 44 38 39 40 41 42 38 39 40 41 42 25 45 26 45 45 25 46 26 46 46 47 47 47 47 47 33 47 34 47 47 33 48 34 48 48 48 48 48 48 48 38 39 40 41 42 45 45 45 45 45 46 46 46 46 46 49 49 49 49 49 33 49 34 49 49 33 50 34 50 50 38 39 40 41 42 38 39 40 41 42 51 52 53 54 55 51 52 53 54 55 56 56 56 56 56 57 57 57 57 57 50 50 50 50 50 38 39 40 41 42 38 39 40 41 42 51 52 53 54 55 51 52 53 54 55 58 56 59 56 56 58 57 59 57 57 60 60 60 60 60 58 61 59 61 61 61 61 61 61 61 51 52 53 54 55 62 62 62 62 62 58 62 59 62 62 58 63 59 64 65 58 60 59 60 60 58 63 59 64 65 58 63 59 64 65 51 52 53 54 55 51 52 53 54 55 66 63 67 64 65 66 63 67 64 65 66 63 67 64 65 66 63 67 64 65 66 63 67 64 65 51 52 53 54 55 68 68 68 68 68 66 68 67 68 68 66 69 67 69 69 69 69 69 69 69 66 70 67 70 70 70 70 70 70 70 
5x8x8
01 01 01 01 01 02 02 02 02 02 03 03 03 03 03 04 04 04 04 04 05 05 05 05 05 06 06 06 06 06 07 06 08 06 06 09 09 09 09 09 10 01 11 01 01 10 02 11 02 02 10 03 11 03 03 10 04 11 04 04 10 05 11 05 05 12 12 12 12 12 07 12 08 12 12 07 09 08 09 09 13 13 13 13 13 10 14 11 14 14 14 14 14 14 14 10 15 11 15 15 10 16 11 16 16 17 17 17 17 17 07 17 08 17 17 18 18 18 18 18 19 13 20 13 13 19 21 20 21 21 21 21 21 21 21 15 15 15 15 15 16 16 16 16 16 22 22 22 22 22 07 22 08 22 22 07 18 08 18 18 19 23 20 23 23 19 24 20 24 24 24 24 24 24 24 25 25 25 25 25 26 26 26 26 26 27 27 27 27 27 07 27 08 27 27 07 28 08 28 28 23 23 23 23 23 19 29 20 29 29 29 29 29 29 29 30 25 31 25 25 30 26 31 26 26 32 32 32 32 32 30 32 31 32 32 28 28 28 28 28 19 33 20 33 33 19 34 20 34 34 34 34 34 34 34 30 35 31 35 35 30 36 31 36 36 30 37 31 37 37 30 38 31 38 38 30 39 31 39 39 33 33 33 33 33 19 40 20 40 40 40 40 40 40 40 35 35 35 35 35 36 36 36 36 36 37 37 37 37 37 38 38 38 38 38 39 39 39 39 39 

No.21
3x5x16
01 01 02 01 01 02 01 03 03 01 04 04 01 01 02 05 05 02 05 05 02 05 03 02 05 04 02 05 05 02 06 06 07 06 06 07 06 03 07 06 04 07 06 06 07 08 08 07 08 08 07 08 03 03 08 04 04 08 08 07 09 09 10 09 09 10 09 03 03 09 04 04 09 09 10 11 11 10 12 12 10 13 13 10 14 14 10 15 15 10 11 16 16 12 17 17 13 18 18 14 19 19 15 20 20 11 16 16 12 17 17 13 18 18 14 19 19 15 20 20 11 11 16 12 12 17 13 13 18 14 14 19 15 15 20 11 11 16 12 12 17 13 13 18 14 14 19 15 15 20 21 16 16 21 17 17 21 18 18 21 19 19 21 20 20 21 22 22 23 23 22 24 24 22 21 22 22 21 22 22 25 26 26 23 23 26 24 24 26 25 26 26 25 26 26 25 27 27 25 23 27 25 24 27 25 27 27 25 27 27 28 29 29 28 23 29 28 24 29 28 29 29 28 29 29 28 30 30 23 23 30 24 24 30 28 30 30 28 30 30 
4x5x12
01 02 03 04 01 02 03 04 01 02 03 04 01 02 03 04 01 02 03 04 01 02 03 04 05 05 06 06 07 07 08 08 01 02 03 04 01 02 03 04 09 09 10 10 05 05 06 10 07 07 08 10 11 11 10 10 12 12 10 10 09 13 13 14 05 13 06 14 07 13 08 14 11 13 13 14 12 13 13 14 09 15 15 14 05 15 06 06 07 15 08 08 11 15 15 14 12 15 15 14 09 09 16 16 05 05 06 06 07 07 08 08 11 11 17 17 12 12 18 18 09 09 16 16 19 19 20 20 21 21 22 22 11 11 17 17 12 12 18 18 23 24 24 16 19 19 24 20 21 21 24 22 23 24 24 17 23 24 24 18 23 25 25 16 23 19 25 20 23 21 25 22 23 25 25 17 23 25 25 18 26 26 16 16 26 19 20 20 26 21 22 22 26 26 17 17 26 26 18 18 27 28 29 30 19 19 20 20 21 21 22 22 27 28 29 30 27 28 29 30 27 28 29 30 27 28 29 30 27 28 29 30 27 28 29 30 27 28 29 30 
5x5x16
01 01 01 01 01 02 02 02 02 02 03 04 05 06 07 03 04 05 06 07 08 08 08 08 08 01 09 10 01 01 02 09 10 02 02 03 04 05 06 07 03 11 12 06 07 08 11 12 08 08 13 13 13 13 13 13 09 10 13 13 03 04 05 06 07 14 11 12 15 16 14 11 12 15 16 17 17 17 17 17 17 09 10 17 17 03 04 05 06 07 14 04 05 15 16 14 11 12 15 16 18 09 10 19 20 18 09 10 19 20 03 04 05 06 07 03 04 05 06 07 14 11 12 15 16 18 09 10 19 20 18 09 10 19 20 21 21 21 21 21 21 11 12 21 21 14 11 12 15 16 18 22 23 19 20 24 22 23 24 24 25 22 23 25 25 14 22 23 15 16 14 22 23 15 16 18 22 23 19 20 24 24 24 24 24 25 25 25 25 25 26 22 23 27 28 26 22 23 27 28 18 29 30 19 20 18 29 30 19 20 31 31 31 31 31 32 32 32 32 32 26 29 30 27 28 33 29 30 34 35 33 29 30 34 35 31 29 30 31 31 32 29 30 32 32 26 29 30 27 28 33 36 37 34 35 38 36 37 38 38 38 38 38 38 38 26 39 40 27 28 26 39 40 27 28 33 36 37 34 35 41 42 43 44 45 41 42 43 44 45 26 39 40 27 28 26 39 40 27 28 33 36 37 34 35 33 42 43 34 35 41 42 43 44 45 46 39 40 46 46 46 46 46 46 46 33 36 37 34 35 33 36 37 34 35 41 42 43 44 45 47 39 40 47 47 47 47 47 47 47 48 36 37 48 48 41 36 37 44 45 41 42 43 44 45 49 39 40 49 49 50 39 40 50 50 48 48 48 48 48 41 42 43 44 45 41 42 43 44 45 49 49 49 49 49 50 50 50 50 50 
5x6x8
01 01 01 01 01 02 03 04 05 06 02 03 04 05 06 02 03 04 05 06 02 03 04 05 06 02 03 04 05 06 01 07 08 01 01 02 03 04 05 06 02 03 04 05 06 09 07 08 10 11 09 07 08 10 11 02 03 04 05 06 12 07 08 13 14 12 07 08 13 14 15 07 08 16 17 15 07 08 16 17 09 07 08 10 11 18 18 18 18 18 19 19 19 19 19 12 20 21 13 14 15 20 21 16 17 15 20 21 16 17 09 20 21 10 11 18 20 21 18 18 19 22 23 19 19 12 20 21 13 14 15 20 21 16 17 09 22 23 10 11 09 22 23 10 11 24 20 21 24 24 12 22 23 13 14 12 22 23 13 14 15 22 23 16 17 09 22 23 10 11 09 22 23 10 11 24 24 24 24 24 12 25 26 13 14 12 25 26 13 14 15 25 26 16 17 15 25 26 16 17 27 25 26 27 27 27 27 27 27 27 28 25 26 28 28 28 28 28 28 28 29 29 29 29 29 29 25 26 29 29 30 25 26 30 30 30 30 30 30 30 
5x7x8
01 01 01 01 01 02 02 02 02 02 03 04 05 06 07 03 04 05 06 07 03 04 05 06 07 03 04 05 06 07 03 04 05 06 07 01 08 09 01 01 02 08 09 02 02 03 04 05 06 07 10 10 10 10 10 10 08 09 10 10 03 04 05 06 07 03 04 05 06 07 11 08 09 12 13 11 08 09 12 13 11 08 09 12 13 11 08 09 12 13 11 08 09 12 13 14 14 14 14 14 15 15 15 15 15 11 16 17 12 13 18 16 17 19 20 18 21 22 19 20 11 21 22 12 13 11 21 22 12 13 14 21 22 14 14 15 21 22 15 15 23 16 17 23 23 18 16 17 19 20 18 21 22 19 20 24 21 22 24 24 24 24 24 24 24 25 25 25 25 25 25 21 22 25 25 23 23 23 23 23 18 16 17 19 20 26 26 26 26 26 27 27 27 27 27 28 28 28 28 28 29 29 29 29 29 30 30 30 30 30 31 31 31 31 31 18 16 17 19 20 26 32 33 26 26 27 32 33 27 27 28 32 33 28 28 29 32 33 29 29 30 32 33 30 30 31 16 17 31 31 18 16 17 19 20 18 32 33 19 20 34 32 33 34 34 34 34 34 34 34 35 35 35 35 35 35 32 33 35 35 
5x8x8
01 02 03 04 05 01 02 03 04 05 06 02 03 07 08 06 02 03 07 08 09 02 03 09 09 09 09 09 09 09 06 10 11 07 08 12 10 11 12 12 01 02 03 04 05 01 13 14 04 05 06 13 14 07 08 06 02 03 07 08 06 02 03 07 08 06 13 14 07 08 06 10 11 07 08 12 12 12 12 12 15 15 15 15 15 01 13 14 04 05 16 13 14 16 16 17 13 14 17 17 18 13 14 18 18 19 13 14 19 19 20 10 11 20 20 20 20 20 20 20 15 21 22 15 15 01 21 22 04 05 16 16 16 16 16 17 17 17 17 17 18 18 18 18 18 19 19 19 19 19 23 10 11 24 25 23 10 11 24 25 01 21 22 04 05 01 21 22 04 05 26 26 26 26 26 27 27 27 27 27 28 28 28 28 28 29 29 29 29 29 23 10 11 24 25 30 10 11 30 30 31 31 31 31 31 31 21 22 31 31 26 32 33 26 26 27 32 33 27 27 28 32 33 28 28 29 32 33 29 29 23 32 33 24 25 30 30 30 30 30 34 34 34 34 34 35 21 22 36 37 35 32 33 36 37 35 38 39 36 37 35 38 39 36 37 35 32 33 36 37 23 32 33 24 25 23 38 39 24 25 34 21 22 34 34 35 21 22 36 37 40 40 40 40 40 40 38 39 40 40 35 38 39 36 37 35 38 39 36 37 23 38 39 24 25 23 38 39 24 25 

No.24
5x5x8
01 01 02 02 03 01 04 04 02 05 01 01 02 02 06 01 01 02 02 07 01 08 08 02 09 10 10 11 03 03 10 04 11 05 05 10 10 11 06 06 10 10 11 07 07 10 08 11 09 09 12 12 11 03 03 12 04 04 05 05 12 12 11 06 06 12 12 11 07 07 12 08 08 09 09 13 13 14 14 03 13 04 04 14 05 13 13 14 14 06 13 13 14 14 07 13 08 08 14 09 15 15 16 03 03 15 04 16 05 05 15 15 16 06 06 15 15 16 07 07 15 08 16 09 09 17 17 16 18 18 17 19 19 18 19 17 17 16 18 18 17 17 16 18 18 17 20 20 18 20 21 22 23 24 25 19 19 19 19 19 21 22 23 24 25 21 22 23 24 25 20 20 20 20 20 21 22 23 24 25 21 22 23 24 25 21 22 23 24 25 21 22 23 24 25 21 22 23 24 25 

No.25
3x5x16
01 01 02 01 03 03 01 01 02 01 04 04 01 01 02 05 05 02 05 03 02 05 05 02 05 04 02 05 05 02 06 06 07 06 03 03 06 06 07 06 04 04 06 06 07 08 08 07 08 03 07 08 08 07 08 04 07 08 08 07 09 09 10 09 03 03 09 09 10 09 04 04 09 09 10 11 11 10 12 12 10 13 13 10 14 14 10 15 15 10 11 16 16 12 17 17 13 18 18 14 19 19 15 20 20 11 11 16 12 12 17 13 13 18 14 14 19 15 15 20 11 16 16 12 17 17 13 18 18 14 19 19 15 20 20 11 11 16 12 12 17 13 13 18 14 14 19 15 15 20 21 16 16 21 17 17 21 18 18 21 19 19 21 20 20 21 22 22 23 23 22 21 22 22 24 24 22 21 22 22 25 26 26 25 23 26 25 26 26 25 24 26 25 26 26 25 27 27 23 23 27 25 27 27 24 24 27 25 27 27 28 29 29 28 23 29 28 29 29 28 24 29 28 29 29 28 30 30 23 23 30 28 30 30 24 24 30 28 30 30 
5x6x8
01 01 01 01 01 02 02 02 02 02 03 03 03 03 03 04 04 04 04 04 05 05 05 05 05 06 06 06 06 06 01 07 01 08 01 02 07 02 08 02 03 09 03 10 03 04 09 04 10 04 05 11 05 12 05 06 11 06 12 06 13 07 13 08 13 13 13 13 13 13 14 09 14 10 14 14 14 14 14 14 15 11 15 12 15 15 15 15 15 15 16 07 17 08 18 16 07 17 08 18 16 09 17 10 18 16 09 17 10 18 16 11 17 12 18 19 11 19 12 19 16 07 17 08 18 20 20 20 20 20 16 09 17 10 18 21 21 21 21 21 16 11 17 12 18 19 19 19 19 19 22 07 23 08 24 20 07 20 08 20 22 09 23 10 24 21 09 21 10 21 22 11 23 12 24 25 11 25 12 25 22 26 23 27 24 22 26 23 27 24 22 26 23 27 24 22 26 23 27 24 22 26 23 27 24 25 25 25 25 25 28 26 28 27 28 28 28 28 28 28 29 26 29 27 29 29 29 29 29 29 30 26 30 27 30 30 30 30 30 30 

No.33
6x6x8
01 02 02 02 02 02 01 03 03 03 03 03 01 04 04 04 04 04 01 05 05 05 05 04 01 06 06 06 06 04 07 07 07 07 07 04 08 08 08 08 08 02 08 09 09 09 09 03 08 10 11 11 11 11 08 05 12 12 12 12 01 06 13 13 13 13 07 14 14 14 14 14 15 15 15 15 16 02 17 09 18 15 16 03 19 10 18 15 16 11 20 05 18 15 16 12 01 06 18 15 21 13 07 14 18 18 18 18 22 22 22 22 23 02 17 09 24 22 25 03 19 10 24 22 26 11 20 05 24 22 16 12 01 06 24 22 21 13 07 14 24 24 24 24 27 27 27 27 23 28 17 09 29 27 25 30 19 10 29 27 26 11 20 05 29 27 16 12 31 06 29 27 21 13 32 14 29 29 29 29 33 33 33 33 23 28 17 09 34 33 25 30 19 10 34 33 26 11 20 10 34 33 16 12 31 10 34 33 21 13 32 10 34 34 34 34 23 23 23 23 23 28 17 17 17 17 25 30 19 19 19 19 26 35 20 20 20 20 16 35 31 21 21 21 21 35 32 35 35 35 35 35 36 28 28 28 28 28 36 25 25 25 25 30 36 26 26 26 26 30 36 36 36 36 36 30 31 31 31 31 31 30 32 32 32 32 32 30 

No.34
5x8x8
01 01 01 01 01 02 01 01 01 03 04 04 04 04 04 05 05 05 05 05 06 06 06 06 06 07 07 07 07 07 08 08 08 08 08 09 09 09 09 09 10 10 10 10 10 02 10 10 10 03 02 04 04 04 03 11 05 05 05 12 11 06 06 06 12 11 07 07 07 12 11 08 08 08 12 11 09 09 09 12 13 13 13 13 13 02 13 13 13 03 02 14 14 14 03 14 14 14 14 14 11 15 15 15 12 11 16 16 16 12 11 17 17 17 12 17 17 17 17 17 18 18 18 18 18 02 18 18 18 03 02 19 19 19 03 19 19 19 19 19 15 15 15 15 15 16 16 16 16 16 20 21 21 21 22 21 21 21 21 21 23 23 23 23 23 02 23 23 23 03 24 24 24 24 24 25 25 25 25 25 26 26 26 26 26 20 26 26 26 22 20 27 27 27 22 27 27 27 27 27 28 28 28 28 28 29 28 28 28 30 29 24 24 24 30 29 25 25 25 30 31 31 31 31 31 20 31 31 31 22 20 32 32 32 22 32 32 32 32 32 29 33 33 33 30 29 34 34 34 30 29 35 35 35 30 29 36 36 36 30 29 37 37 37 30 20 38 38 38 22 20 39 39 39 22 39 39 39 39 39 33 33 33 33 33 34 34 34 34 34 35 35 35 35 35 36 36 36 36 36 37 37 37 37 37 38 38 38 38 38 20 40 40 40 22 40 40 40 40 40 

No.53
4x8x17
01 01 01 01 02 02 02 02 03 03 03 03 04 04 04 04 05 05 05 05 06 06 06 06 07 07 07 07 08 08 08 08 09 01 01 01 09 02 02 02 09 03 03 03 09 04 04 04 05 05 05 10 06 06 06 10 07 07 07 10 08 08 08 10 11 11 01 12 09 13 02 12 09 14 03 12 09 14 04 12 15 05 16 10 15 06 16 10 15 07 17 10 15 08 18 18 11 11 11 19 13 13 13 12 09 14 20 12 21 14 16 12 15 14 16 22 15 23 16 10 15 17 17 17 24 18 18 18 11 11 19 19 13 13 13 13 21 14 20 12 21 14 20 22 21 23 16 22 15 23 16 22 17 17 17 17 24 24 18 18 11 19 19 19 21 25 25 26 21 14 20 26 21 23 20 22 21 23 20 22 27 23 16 22 27 28 28 22 24 24 24 18 29 29 19 19 25 25 25 26 30 31 20 26 30 31 20 26 27 23 32 33 27 23 32 33 27 28 28 28 24 24 34 34 29 29 29 35 30 25 25 26 30 31 36 26 30 31 32 37 38 31 32 33 27 39 32 33 27 28 28 33 40 34 34 34 29 29 35 35 41 42 25 26 30 31 36 37 30 31 36 37 38 39 32 33 38 39 32 33 27 28 43 44 40 40 34 34 29 35 35 35 41 42 42 37 41 31 36 37 30 39 36 37 38 39 36 33 38 39 32 44 38 43 43 44 40 40 40 34 45 45 35 35 41 42 42 42 41 46 36 37 41 46 36 37 38 39 47 44 38 39 47 44 43 43 43 44 40 40 48 48 45 45 45 49 41 42 42 50 41 46 51 50 52 46 47 50 52 46 47 50 52 53 47 44 52 43 43 44 54 48 48 48 45 45 49 49 55 55 55 55 56 46 51 50 52 46 51 50 52 53 47 50 52 53 47 57 58 58 58 58 54 54 48 48 45 49 49 49 56 55 55 55 56 46 51 59 56 53 51 50 52 53 51 57 60 53 47 57 58 58 58 57 54 54 54 48 56 61 49 49 56 62 55 59 56 63 51 59 56 64 51 59 60 53 65 57 60 53 66 57 60 58 67 57 54 54 68 57 61 61 61 59 62 62 62 59 63 63 63 59 64 64 64 59 60 65 65 65 60 66 66 66 60 67 67 67 60 68 68 68 61 61 61 61 62 62 62 62 63 63 63 63 64 64 64 64 65 65 65 65 66 66 66 66 67 67 67 67 68 68 68 68 

No.54
4x6x8
01 01 02 03 01 01 02 03 01 01 01 04 01 04 04 04 05 06 04 04 05 06 04 04 07 07 02 03 07 07 02 03 07 07 07 08 07 08 08 08 05 06 08 08 05 06 08 08 09 09 02 03 10 10 02 03 11 12 02 03 05 06 13 14 05 06 15 15 05 06 16 16 09 09 02 03 10 10 13 14 11 12 13 14 11 12 13 14 11 12 15 15 05 06 16 16 09 09 09 17 10 10 10 18 11 12 13 14 11 12 13 14 19 15 15 15 20 16 16 16 09 17 17 17 10 18 18 18 11 12 13 14 11 12 13 14 19 19 19 15 20 20 20 16 21 21 17 17 21 21 18 18 21 21 21 22 21 22 22 22 19 19 22 22 20 20 22 22 23 23 17 17 23 23 18 18 23 23 23 24 23 24 24 24 19 19 24 24 20 20 24 24 

No.58
4x6x8
01 01 02 03 01 01 02 03 01 04 04 04 01 01 01 04 05 06 04 04 05 06 04 04 07 07 02 03 07 07 02 03 07 08 08 08 07 07 07 08 05 06 08 08 05 06 08 08 09 09 02 03 10 10 11 12 13 14 11 12 13 14 11 12 13 14 15 15 05 06 16 16 09 09 02 03 10 10 02 03 13 14 02 03 05 06 11 12 05 06 15 15 05 06 16 16 09 17 17 17 10 18 18 18 13 14 11 12 13 14 11 12 19 19 19 15 20 20 20 16 09 09 09 17 10 10 10 18 13 14 11 12 13 14 11 12 19 15 15 15 20 16 16 16 21 21 17 17 21 21 18 18 21 22 22 22 21 21 21 22 19 19 22 22 20 20 22 22 23 23 17 17 23 23 18 18 23 24 24 24 23 23 23 24 19 19 24 24 20 20 24 24 

No.75
4x6x8
01 01 01 01 01 02 03 01 01 02 03 01 04 02 03 04 04 02 03 04 04 04 04 04 05 06 07 05 05 02 03 05 05 05 05 05 08 06 07 08 08 02 03 08 08 08 08 08 09 06 07 09 10 02 03 10 11 11 11 11 12 06 07 12 12 02 03 12 12 12 12 12 09 06 07 09 10 06 07 10 11 06 07 11 13 06 07 13 14 14 14 14 15 15 15 15 09 09 09 09 10 10 10 10 11 16 17 11 13 16 17 13 14 16 17 14 15 16 17 15 18 18 18 18 18 19 20 18 18 16 17 18 13 13 13 13 14 19 20 14 15 16 17 15 21 21 21 21 21 19 20 21 21 16 17 21 22 22 22 22 22 19 20 22 22 16 17 22 23 23 23 23 23 19 20 23 23 19 20 23 24 19 20 24 24 19 20 24 24 24 24 24 

No.77
4x6x8
01 01 02 03 01 04 02 03 01 04 04 04 01 01 01 04 05 06 01 04 05 06 04 04 07 07 02 03 07 08 09 10 07 08 08 08 07 07 07 08 11 12 07 08 05 06 08 08 13 13 02 03 14 14 09 10 11 12 09 10 11 12 09 10 11 12 15 15 05 06 16 16 13 17 02 03 14 18 02 03 11 12 02 03 05 06 09 10 05 06 19 15 05 06 20 16 13 17 17 17 14 18 18 18 11 12 02 03 05 06 09 10 19 19 19 15 20 20 20 16 13 13 13 17 14 14 14 18 11 12 09 10 11 12 09 10 19 15 15 15 20 16 16 16 21 21 13 17 21 22 14 18 21 22 22 22 21 21 21 22 19 15 21 22 20 16 22 22 23 23 17 17 23 24 18 18 23 24 24 24 23 23 23 24 19 19 23 24 20 20 24 24 

No.81
4x13x32
01 01 01 01 02 01 01 03 02 02 01 01 02 02 02 03 02 04 02 04 05 04 04 04 05 05 04 04 05 05 05 04 05 06 05 06 07 06 06 06 08 08 06 06 07 08 08 06 08 08 08 08 09 10 11 12 09 13 11 03 09 13 11 03 09 13 11 03 14 13 14 15 14 14 14 16 14 14 16 16 14 16 16 16 17 16 18 16 07 19 18 20 07 19 18 20 07 19 18 20 21 19 22 20 23 10 24 12 09 10 11 12 09 13 11 03 25 13 26 03 25 27 26 15 25 27 28 15 25 27 28 29 17 27 28 29 17 30 28 29 07 30 18 29 07 19 18 20 21 19 22 20 21 31 22 32 23 10 24 12 23 10 24 12 09 10 11 12 09 13 11 03 25 13 26 15 25 27 26 15 17 27 28 15 17 30 28 29 17 30 18 29 07 19 18 20 21 19 22 20 21 31 22 32 21 31 22 32 23 10 24 12 23 33 24 34 23 10 24 12 25 33 26 34 25 27 26 15 35 27 26 36 17 30 26 15 35 30 28 36 17 30 28 29 37 30 38 29 21 31 22 32 37 31 38 32 21 31 22 32 23 39 24 39 40 33 40 34 23 33 24 34 41 33 41 34 41 41 41 42 35 41 41 36 35 43 41 36 35 43 43 36 44 43 43 43 37 43 38 43 37 31 38 32 37 45 38 45 46 31 46 32 47 39 39 39 40 40 40 34 47 33 48 34 49 33 49 42 49 49 49 42 35 49 49 50 35 51 49 36 52 51 51 36 44 51 51 51 44 51 38 51 37 53 38 54 37 45 45 45 46 46 46 54 47 39 39 55 47 40 40 34 47 48 48 42 56 33 56 42 56 56 56 42 35 56 56 50 52 57 56 50 52 57 57 36 44 57 57 57 44 57 38 57 44 53 53 54 37 45 45 54 58 46 46 54 47 39 55 55 47 59 40 60 48 48 48 42 61 59 61 60 61 61 61 42 52 61 61 50 52 62 61 50 52 62 62 50 44 62 62 62 63 62 64 62 44 53 53 53 63 45 64 54 58 58 46 54 47 55 55 55 65 59 65 60 48 59 48 60 66 59 66 60 66 66 66 67 52 66 66 50 68 69 66 67 52 69 69 50 68 69 69 69 63 69 64 69 63 53 64 53 63 70 64 70 58 58 58 54 71 55 71 55 65 65 65 60 72 59 72 60 73 59 73 74 73 73 73 67 75 73 73 67 68 76 73 67 68 76 76 77 68 76 76 76 78 76 64 76 63 79 64 79 63 70 70 70 58 80 58 80 71 71 71 81 65 65 82 60 72 72 72 74 83 59 83 74 83 83 83 67 75 83 83 67 75 84 83 77 68 84 84 77 68 84 84 84 78 84 64 84 78 79 79 79 63 85 70 70 86 80 80 80 71 71 81 81 65 87 82 74 72 72 82 74 88 87 88 74 88 88 88 67 75 88 88 77 75 89 88 77 75 89 89 77 68 89 89 89 78 89 90 89 78 85 79 79 78 85 90 70 86 86 80 80 71 81 81 81 91 87 82 74 72 87 82 92 91 87 82 74 93 93 93 93 75 93 93 77 94 94 93 93 75 94 94 77 94 94 94 94 78 85 90 95 96 85 90 79 78 85 90 95 86 86 86 80 97 81 97 81 91 98 82 92 91 87 99 92 91 87 82 100 101 101 101 101 102 101 101 100 103 103 101 101 104 103 103 105 103 103 103 103 104 85 90 95 96 106 90 95 96 85 107 95 86 108 86 108 97 97 97 92 91 98 98 92 91 99 99 92 109 87 109 100 109 109 109 100 102 109 109 100 102 110 109 105 104 110 110 105 104 110 110 110 104 110 90 110 96 106 106 95 96 107 107 95 96 108 108 108 97 97 111 92 91 98 98 98 99 99 99 92 112 113 112 100 112 112 112 100 102 112 112 105 102 114 112 105 102 114 114 105 104 114 114 114 104 114 115 114 96 106 106 106 107 107 107 95 96 116 108 108 97 111 111 117 118 98 119 98 99 113 99 117 118 113 119 100 120 120 120 120 102 120 120 105 121 121 120 120 102 121 121 105 121 121 121 121 104 122 115 123 124 106 115 106 107 122 107 123 124 116 116 108 111 111 111 117 118 113 119 117 118 113 119 117 118 113 119 125 126 126 126 126 127 126 126 125 128 128 126 126 129 128 128 130 128 128 128 128 129 122 115 123 124 122 115 123 124 122 115 123 124 116 116 116 111 131 111 117 118 113 119 117 118 132 119 132 133 113 133 125 133 133 133 125 127 133 133 125 127 134 133 130 129 134 134 130 129 134 134 134 129 134 115 134 135 122 135 123 124 122 115 123 124 116 136 116 137 131 131 117 118 138 119 139 137 132 132 132 140 138 140 125 140 140 140 125 127 140 140 130 127 141 140 130 127 141 141 130 129 141 141 141 129 141 142 141 135 135 135 143 144 122 142 123 124 136 136 143 137 131 131 131 137 138 139 139 137 138 132 132 145 138 145 125 145 145 145 146 127 145 145 130 147 148 145 146 127 148 148 130 147 148 148 148 129 148 142 148 135 135 142 143 144 144 142 143 136 136 136 143 149 131 149 131 137 139 139 139 137 138 150 132 151 138 151 152 151 151 151 146 153 151 151 146 147 154 151 146 147 154 154 155 147 154 154 154 156 154 142 154 135 157 142 143 144 144 144 143 136 158 136 158 149 149 149 159 160 139 160 139 137 150 150 152 161 138 161 152 161 161 161 146 153 161 161 146 153 162 161 155 147 162 162 155 147 162 162 162 156 162 142 162 156 157 157 143 144 163 144 163 164 158 158 158 149 149 159 159 160 160 160 152 150 150 150 152 165 166 165 152 165 165 165 146 153 165 165 155 153 167 165 155 153 167 167 155 147 167 167 167 156 167 168 167 156 157 157 157 156 163 163 163 164 164 158 158 149 159 159 159 169 160 160 152 150 170 150 170 169 166 166 152 171 171 171 171 153 171 171 155 172 172 171 171 153 172 172 155 172 172 172 172 156 168 168 173 174 157 174 157 156 163 163 173 164 164 164 158 175 159 175 159 169 176 160 176 169 170 170 170 169 166 166 166 177 177 177 177 178 177 177 179 180 180 177 177 178 180 180 179 180 180 180 180 168 168 168 173 174 174 174 173 181 163 181 173 164 182 164 182 175 175 175 183 169 176 176 176 169 170 170 184 185 166 186 166 185 187 186 184 178 187 188 179 178 187 188 179 178 187 188 179 189 190 188 191 168 190 168 191 189 174 174 173 181 181 181 173 192 182 182 182 175 175 183 183 169 176 176 193 194 170 195 184 194 196 195 184 185 196 186 184 185 187 186 179 178 187 188 179 178 190 188 191 189 190 197 191 189 198 197 199 189 198 174 199 200 181 181 173 192 192 182 182 175 183 183 183 194 176 195 193 194 196 195 193 185 196 186 184 185 187 186 184 185 187 186 179 185 190 186 191 178 190 188 191 189 190 188 191 189 190 197 191 200 198 197 199 200 198 181 199 192 192 192 182 194 183 195 183 194 196 195 193 194 196 195 193 194 196 195 193 201 196 201 184 201 201 201 202 201 201 202 202 201 202 202 202 189 202 197 202 200 198 197 199 200 198 197 199 200 198 197 199 192 198 192 199 203 203 203 203 204 203 203 193 204 204 203 203 204 204 204 193 204 205 204 205 206 205 205 205 206 206 205 205 206 206 206 205 206 207 206 207 200 207 207 207 208 208 207 207 200 208 208 207 208 208 208 208 

No.82
4x14x24
01 01 01 01 02 02 02 02 03 02 02 04 03 02 02 04 03 05 05 04 03 05 05 04 05 05 05 05 06 06 06 06 07 06 06 08 07 06 06 08 07 09 09 08 07 09 09 08 09 09 09 09 10 10 10 10 11 01 01 12 13 13 13 13 14 14 14 14 03 15 15 04 03 15 15 04 15 15 15 15 16 16 16 16 17 17 17 17 18 18 18 18 07 18 18 08 07 18 18 08 19 19 19 19 20 20 20 20 21 10 10 22 11 01 01 12 11 13 13 12 11 14 14 12 03 23 23 04 03 23 23 04 23 23 23 23 24 16 16 25 26 17 17 27 28 28 28 28 07 28 28 08 07 28 28 08 21 19 19 22 21 20 20 22 21 10 10 22 11 29 29 12 11 13 13 12 11 14 14 12 30 30 30 30 24 30 30 25 24 30 30 25 24 16 16 25 26 17 17 27 26 31 31 27 26 31 31 27 31 31 31 31 21 19 19 22 21 20 20 22 21 32 32 22 11 29 29 12 33 33 33 33 34 34 34 34 35 34 34 36 24 34 34 25 24 37 38 25 24 37 38 25 26 37 38 27 26 37 38 27 26 39 39 27 40 39 39 41 39 39 39 39 42 42 42 42 21 32 32 22 29 29 29 29 35 33 33 36 35 43 43 36 35 43 43 36 43 43 43 43 44 44 44 44 24 37 38 25 26 37 38 27 45 45 45 45 46 46 46 46 40 46 46 41 40 46 46 41 40 42 42 41 32 32 32 32 47 47 47 47 35 33 33 36 35 48 48 36 35 48 48 36 48 48 48 48 49 44 44 50 49 37 38 50 49 37 38 50 49 45 45 50 51 51 51 51 40 51 51 41 40 51 51 41 40 42 42 41 52 52 52 52 53 47 47 54 55 55 55 55 56 56 56 56 35 56 56 36 57 56 56 58 57 44 44 58 49 59 60 50 49 61 62 50 63 45 45 64 63 65 65 64 40 65 65 41 65 65 65 65 66 66 66 66 67 52 52 68 53 47 47 54 53 55 55 54 53 69 69 54 70 70 70 70 57 59 60 58 57 59 60 58 49 59 60 50 49 61 62 50 63 61 62 64 63 61 62 64 71 71 71 71 67 72 72 68 67 66 66 68 67 52 52 68 53 73 73 54 53 55 55 54 53 69 69 54 57 70 70 58 57 59 60 58 57 59 60 58 57 59 60 58 63 61 62 64 63 61 62 64 63 61 62 64 63 71 71 64 67 72 72 68 67 66 66 68 67 74 74 68 53 73 73 54 75 76 77 78 69 69 69 69 79 70 70 80 79 79 79 80 79 79 79 80 79 59 60 80 81 61 62 82 81 82 82 82 81 82 82 82 81 71 71 82 72 72 72 72 83 84 85 86 67 74 74 68 73 73 73 73 75 76 77 78 75 76 77 78 75 76 77 78 87 88 88 80 87 88 88 80 88 88 88 88 89 89 89 89 81 89 89 90 81 89 89 90 83 84 85 86 83 84 85 86 83 84 85 86 74 74 74 74 91 91 91 91 75 76 77 78 75 76 77 78 75 76 77 78 87 92 92 80 87 92 92 80 92 92 92 92 93 93 93 93 81 93 93 90 81 93 93 90 83 84 85 86 83 84 85 86 83 84 85 86 94 94 94 94 95 91 91 96 75 76 77 78 97 97 97 97 87 98 98 99 87 99 99 99 87 99 99 99 87 100 101 99 102 103 104 90 102 102 102 90 102 102 102 90 102 105 105 90 106 106 106 106 83 84 85 86 107 94 94 108 95 91 91 96 95 109 109 96 95 97 97 96 110 98 98 111 110 100 101 111 110 100 101 111 110 100 101 111 112 103 104 113 112 103 104 113 112 103 104 113 112 105 105 113 107 106 106 108 107 114 114 108 107 94 94 108 95 115 115 96 95 109 109 96 95 97 97 96 98 98 98 98 110 100 101 111 110 100 101 111 116 100 101 117 116 103 104 117 112 103 104 113 112 103 104 113 105 105 105 105 107 106 106 108 107 114 114 108 107 118 118 108 95 115 115 96 109 109 109 109 119 119 119 119 120 119 119 121 110 119 119 111 110 122 122 111 116 100 101 117 116 103 104 117 112 123 123 113 112 124 124 113 125 124 124 126 124 124 124 124 114 114 114 114 107 118 118 108 115 115 115 115 120 127 127 121 120 128 128 121 120 128 128 121 128 128 128 128 116 122 122 117 116 129 130 117 116 129 130 117 116 123 123 117 131 131 131 131 125 131 131 126 125 131 131 126 125 132 132 126 118 118 118 118 133 133 133 133 120 127 127 121 120 134 134 121 120 134 134 121 134 134 134 134 122 122 122 122 135 129 130 136 137 129 130 138 123 123 123 123 139 139 139 139 125 139 139 126 125 139 139 126 125 132 132 126 140 140 140 140 141 133 133 142 127 127 127 127 143 143 143 143 120 143 143 121 135 143 143 136 135 129 130 136 135 129 130 136 137 129 130 138 137 129 130 138 137 144 144 138 125 144 144 126 144 144 144 144 132 132 132 132 145 140 140 146 141 133 133 142 141 147 147 142 141 148 148 142 149 149 149 149 135 149 149 136 135 149 149 136 135 150 150 136 137 151 151 138 137 152 152 138 137 152 152 138 152 152 152 152 145 153 153 146 145 154 154 146 145 140 140 146 141 155 155 142 141 147 147 142 141 148 148 142 156 157 157 158 156 157 157 158 157 157 157 157 135 150 150 136 137 151 151 138 159 159 159 159 160 159 159 161 160 159 159 161 145 153 153 146 145 154 154 146 145 162 162 146 141 155 155 142 147 147 147 147 148 148 148 148 156 163 163 158 156 163 163 158 163 163 163 163 150 150 150 150 151 151 151 151 164 164 164 164 160 164 164 161 160 164 164 161 153 153 153 153 154 154 154 154 145 162 162 146 155 155 155 155 165 165 165 165 156 165 165 158 156 165 165 158 156 166 166 158 156 166 166 158 166 166 166 166 167 167 167 167 160 167 167 161 160 167 167 161 160 168 168 161 160 168 168 161 168 168 168 168 162 162 162 162 
8x8x18
01 01 01 01 02 02 02 02 03 03 03 03 04 04 04 04 05 03 03 06 07 04 04 08 05 03 03 06 07 04 04 08 05 09 09 06 07 10 10 08 05 09 09 06 07 10 10 08 09 09 09 09 10 10 10 10 11 11 11 11 12 12 12 12 13 01 01 14 15 02 02 16 17 17 17 17 18 18 18 18 19 19 19 19 20 20 20 20 05 21 21 06 07 22 22 08 05 23 23 06 07 24 24 08 25 25 25 25 26 26 26 26 27 27 27 27 28 28 28 28 29 11 11 30 31 12 12 32 13 01 01 14 15 02 02 16 13 17 17 14 15 18 18 16 13 19 19 14 15 20 20 16 05 21 21 06 07 22 22 08 05 23 23 06 07 24 24 08 29 25 25 30 31 26 26 32 29 27 27 30 31 28 28 32 29 11 11 30 31 12 12 32 13 33 33 14 15 34 34 16 13 17 17 14 15 18 18 16 13 19 19 14 15 20 20 16 21 21 21 21 22 22 22 22 23 23 23 23 24 24 24 24 29 25 25 30 31 26 26 32 29 27 27 30 31 28 28 32 29 35 35 30 31 36 36 32 13 33 33 14 15 34 34 16 37 38 39 39 39 39 40 41 37 38 42 39 39 43 40 41 42 42 42 39 39 43 43 43 42 42 42 44 44 43 43 43 45 46 42 44 44 43 47 48 45 46 44 44 44 44 47 48 29 35 35 30 31 36 36 32 33 33 33 33 34 34 34 34 37 38 49 49 49 49 40 41 37 38 50 49 49 51 40 41 50 50 50 49 49 51 51 51 50 50 50 52 52 51 51 51 45 46 50 52 52 51 47 48 45 46 52 52 52 52 47 48 35 35 35 35 36 36 36 36 37 38 53 54 54 55 40 41 37 38 56 54 54 57 40 41 37 38 54 54 54 54 40 41 37 38 58 59 60 61 40 41 45 46 58 59 60 61 47 48 45 46 62 62 62 62 47 48 45 46 63 62 62 64 47 48 45 46 65 62 62 66 47 48 53 53 53 67 67 55 55 55 56 56 56 67 67 57 57 57 68 69 67 67 67 67 70 71 68 69 58 59 60 61 70 71 68 69 58 59 60 61 70 71 68 69 72 72 72 72 70 71 63 63 63 72 72 64 64 64 65 65 65 72 72 66 66 66 53 53 53 73 73 55 55 55 56 56 56 74 74 57 57 57 75 76 58 59 60 61 77 78 68 69 58 59 60 61 70 71 68 69 58 59 60 61 70 71 79 80 58 59 60 61 81 82 63 63 63 83 83 64 64 64 65 65 65 84 84 66 66 66 75 76 53 73 73 55 77 78 75 76 56 74 74 57 77 78 75 76 85 85 85 85 77 78 68 69 86 86 86 86 70 71 68 69 87 87 87 87 70 71 79 80 88 88 88 88 81 82 79 80 63 83 83 64 81 82 79 80 65 84 84 66 81 82 75 76 73 73 73 73 77 78 75 76 74 74 74 74 77 78 75 76 89 85 85 90 77 78 89 89 89 86 86 90 90 90 89 89 89 87 87 90 90 90 79 80 89 88 88 90 81 82 79 80 83 83 83 83 81 82 79 80 84 84 84 84 81 82 91 91 91 91 92 92 92 92 93 93 93 93 94 94 94 94 75 76 95 85 85 96 77 78 95 95 95 86 86 96 96 96 95 95 95 87 87 96 96 96 79 80 95 88 88 96 81 82 97 97 97 97 98 98 98 98 99 99 99 99 100 100 100 100 101 91 91 102 102 92 92 103 101 93 93 102 102 94 94 103 101 104 102 102 102 102 105 103 101 104 104 104 105 105 105 103 106 104 104 104 105 105 105 107 106 104 108 108 108 108 105 107 106 97 97 108 108 98 98 107 106 99 99 108 108 100 100 107 109 91 91 110 110 92 92 111 101 93 93 110 110 94 94 103 101 112 110 110 110 110 113 103 114 112 112 112 113 113 113 115 116 112 112 112 113 113 113 117 106 112 118 118 118 118 113 107 106 97 97 118 118 98 98 107 119 99 99 118 118 100 100 120 109 109 109 121 122 111 111 111 101 123 124 121 122 125 126 103 101 123 124 121 122 125 126 103 114 114 114 121 122 115 115 115 116 116 116 127 128 117 117 117 106 129 130 127 128 131 132 107 106 129 130 127 128 131 132 107 119 119 119 127 128 120 120 120 109 109 109 133 133 111 111 111 134 123 124 121 122 125 126 135 134 123 124 121 122 125 126 135 114 114 114 136 136 115 115 115 116 116 116 137 137 117 117 117 138 129 130 127 128 131 132 139 138 129 130 127 128 131 132 139 119 119 119 140 140 120 120 120 109 123 124 133 133 125 126 111 134 123 124 121 122 125 126 135 134 123 124 121 122 125 126 135 114 123 124 136 136 125 126 115 116 129 130 137 137 131 132 117 138 129 130 127 128 131 132 139 138 129 130 127 128 131 132 139 119 129 130 140 140 131 132 120 134 141 133 133 133 133 142 135 134 141 141 141 142 142 142 135 134 141 141 141 142 142 142 135 134 141 136 136 136 136 142 135 138 143 137 137 137 137 144 139 138 143 143 143 144 144 144 139 138 143 143 143 144 144 144 139 138 143 140 140 140 140 144 139 
8x10x12
01 02 03 03 03 03 04 05 01 01 01 03 03 05 05 05 01 01 01 03 03 05 05 05 01 06 07 08 09 10 11 05 12 06 07 08 09 10 11 13 12 06 07 08 09 10 11 13 14 06 07 08 09 10 11 15 14 14 14 16 16 15 15 15 14 14 14 16 16 15 15 15 14 17 16 16 16 16 18 15 19 02 02 02 04 04 04 20 19 19 19 21 21 20 20 20 19 19 19 21 21 20 20 20 19 22 21 21 21 21 23 20 12 06 07 08 09 10 11 13 12 06 07 08 09 10 11 13 24 25 26 26 26 26 27 28 24 24 24 26 26 28 28 28 24 24 24 26 26 28 28 28 24 17 17 17 18 18 18 28 29 02 02 02 04 04 04 30 31 31 31 31 32 32 32 32 33 33 33 33 34 34 34 34 12 22 22 22 23 23 23 13 12 06 07 08 09 10 11 13 12 06 07 08 09 10 11 13 12 25 25 25 27 27 27 13 35 35 35 35 36 36 36 36 37 37 37 37 38 38 38 38 39 17 17 17 18 18 18 40 29 02 41 41 41 41 04 30 29 31 31 41 41 32 32 30 29 33 33 41 41 34 34 30 42 22 22 22 23 23 23 43 42 44 45 46 47 48 49 43 42 44 45 46 47 48 49 43 42 25 25 25 27 27 27 43 39 35 35 50 50 36 36 40 39 37 37 50 50 38 38 40 39 17 50 50 50 50 18 40 29 51 52 53 54 55 56 30 29 31 31 57 57 32 32 30 29 33 33 57 57 34 34 30 58 22 57 57 57 57 23 59 42 44 45 46 47 48 49 43 42 44 45 46 47 48 49 43 60 25 61 61 61 61 27 62 39 35 35 61 61 36 36 40 39 37 37 61 61 38 38 40 39 63 64 65 66 67 68 40 29 51 52 53 54 55 56 30 58 51 52 53 54 55 56 59 58 51 52 53 54 55 56 59 58 44 45 46 47 48 49 59 42 44 45 46 47 48 49 43 42 44 45 46 47 48 49 43 60 44 45 46 47 48 49 62 60 63 64 65 66 67 68 62 60 63 64 65 66 67 68 62 39 63 64 65 66 67 68 40 69 51 52 53 54 55 56 70 58 51 52 53 54 55 56 59 58 51 52 53 54 55 56 59 58 71 72 73 74 75 76 59 77 71 72 73 74 75 76 78 77 71 72 73 74 75 76 78 60 71 72 73 74 75 76 62 60 63 64 65 66 67 68 62 60 63 64 65 66 67 68 62 79 63 64 65 66 67 68 80 69 51 52 53 54 55 56 70 69 81 81 82 82 83 83 70 69 84 84 82 82 85 85 70 58 86 82 82 82 82 87 59 77 71 72 73 74 75 76 78 77 71 72 73 74 75 76 78 60 88 89 89 89 89 90 62 79 91 91 89 89 92 92 80 79 93 93 89 89 94 94 80 79 63 64 65 66 67 68 80 69 95 96 96 96 96 97 70 69 81 81 96 96 83 83 70 69 84 84 96 96 85 85 70 77 86 86 86 87 87 87 78 77 71 72 73 74 75 76 78 77 71 72 73 74 75 76 78 77 88 88 88 90 90 90 78 79 91 91 98 98 92 92 80 79 93 93 98 98 94 94 80 79 99 98 98 98 98 100 80 69 95 95 95 97 97 97 70 81 81 81 81 83 83 83 83 84 84 84 84 85 85 85 85 101 86 86 86 87 87 87 102 101 103 104 105 106 107 108 102 101 103 104 105 106 107 108 102 101 88 88 88 90 90 90 102 91 91 91 91 92 92 92 92 93 93 93 93 94 94 94 94 79 99 99 99 100 100 100 80 109 95 95 95 97 97 97 110 109 109 109 111 111 110 110 110 109 109 109 111 111 110 110 110 109 86 111 111 111 111 87 110 101 103 104 105 106 107 108 102 101 103 104 105 106 107 108 102 112 88 113 113 113 113 90 114 112 112 112 113 113 114 114 114 112 112 112 113 113 114 114 114 112 99 99 99 100 100 100 114 115 95 116 116 116 116 97 117 115 115 115 116 116 117 117 117 115 115 115 116 116 117 117 117 115 103 104 105 106 107 108 117 101 103 104 105 106 107 108 102 101 103 104 105 106 107 108 102 118 103 104 105 106 107 108 119 118 118 118 120 120 119 119 119 118 118 118 120 120 119 119 119 118 99 120 120 120 120 100 119 

No.113
4x6x8
01 02 03 04 01 02 05 06 01 02 02 02 01 01 01 02 07 08 01 02 09 10 01 02 11 12 03 04 11 12 05 06 11 12 12 12 11 11 11 12 07 08 11 12 09 10 11 12 03 03 03 04 05 05 05 06 13 14 15 16 17 18 19 20 07 08 08 08 09 10 10 10 03 04 04 04 05 06 06 06 13 14 15 16 17 18 19 20 07 07 07 08 09 09 09 10 03 04 15 16 05 06 15 16 13 14 15 16 17 18 19 20 17 18 07 08 17 18 09 10 03 04 15 16 05 06 19 20 13 14 19 20 13 14 19 20 13 14 07 08 17 18 09 10 21 22 15 16 21 22 19 20 21 22 22 22 21 21 21 22 13 14 21 22 17 18 21 22 23 24 15 16 23 24 19 20 23 24 24 24 23 23 23 24 13 14 23 24 17 18 23 24 

No.122
4x7x8
01 01 01 02 03 03 03 02 03 03 04 02 03 03 04 04 05 03 04 04 05 04 04 04 05 06 06 06 01 01 01 01 07 07 07 02 07 07 08 02 07 07 08 08 05 07 08 08 05 08 08 08 06 06 06 06 01 09 09 09 10 10 10 02 10 10 11 02 10 10 11 11 05 10 11 11 05 11 11 11 12 12 12 06 09 09 09 09 13 13 13 02 13 13 14 15 13 13 14 14 16 13 14 14 05 14 14 14 12 12 12 12 17 17 17 09 16 17 17 18 16 17 17 15 16 17 19 15 16 19 19 15 20 19 19 15 12 19 19 19 21 21 21 18 22 21 21 18 16 21 21 15 16 21 23 15 16 23 23 15 20 23 23 24 20 23 23 23 25 25 25 18 22 25 25 18 22 25 25 24 22 25 26 24 22 26 26 24 20 26 26 24 20 26 26 26 27 27 27 18 22 27 27 18 22 27 27 18 22 27 28 24 20 28 28 24 20 28 28 24 20 28 28 28 

No.125
4x4x5
01 02 02 03 04 04 02 02 05 05 02 02 06 06 02 02 01 07 07 03 01 04 04 03 01 05 05 03 01 06 06 03 08 07 07 09 01 04 04 03 01 05 05 03 01 06 06 03 08 07 07 09 08 04 04 09 08 05 05 09 08 06 06 09 10 10 07 07 08 10 10 09 08 10 10 09 08 10 10 09 

No.126
4x5x8
01 01 01 02 01 01 01 02 03 01 01 02 03 04 04 04 03 05 05 05 06 07 08 02 06 07 08 02 03 07 08 02 03 04 04 04 03 05 05 05 06 07 08 02 06 07 08 02 06 07 08 09 03 04 04 09 03 05 05 09 06 07 08 10 06 07 08 10 06 11 11 09 11 11 11 09 11 11 11 09 12 12 12 10 12 12 12 10 13 12 12 10 13 14 15 09 13 14 15 09 16 17 17 10 16 18 18 10 13 14 15 10 13 14 15 19 13 14 15 19 16 17 17 17 16 18 18 18 16 14 15 19 13 14 15 19 13 14 15 19 16 17 17 17 16 18 18 18 16 20 20 19 20 20 20 19 20 20 20 19 
6x6x16
01 02 03 04 04 04 01 02 03 05 05 05 01 02 03 06 06 06 07 07 07 08 09 10 11 11 11 08 09 10 12 12 12 08 09 10 01 02 03 04 04 04 01 02 03 05 05 05 01 02 03 06 06 06 07 07 07 08 09 10 11 11 11 08 09 10 12 12 12 08 09 10 13 13 13 04 04 14 01 02 03 05 05 14 01 02 03 06 06 14 15 07 07 08 09 10 15 11 11 08 09 10 15 12 12 16 16 16 13 13 13 17 17 14 18 18 18 19 19 14 18 18 18 20 20 14 15 18 18 20 20 20 15 21 21 20 20 20 15 22 22 16 16 16 13 13 17 17 17 14 23 23 19 19 19 14 23 23 23 24 24 24 23 23 23 24 24 24 15 21 21 21 24 24 15 22 22 22 16 16 25 26 17 17 17 27 25 26 19 19 19 27 25 26 28 28 28 27 29 30 30 30 31 32 29 21 21 21 31 32 29 22 22 22 31 32 25 26 33 33 33 27 25 26 34 34 34 27 25 26 28 28 28 27 29 30 30 30 31 32 29 35 35 35 31 32 29 36 36 36 31 32 25 26 33 33 33 27 25 26 34 34 34 27 37 38 28 28 39 40 37 38 30 30 39 40 29 35 35 35 31 32 29 36 36 36 31 32 41 41 33 33 42 42 43 43 34 34 39 40 37 38 44 45 39 40 37 38 44 45 39 40 37 38 35 35 46 46 47 47 36 36 48 48 41 41 41 42 42 42 43 43 43 45 39 40 37 38 44 45 39 40 37 38 44 45 39 40 37 38 44 46 46 46 47 47 47 48 48 48 41 41 41 42 42 42 43 43 43 45 49 49 50 51 44 45 52 53 50 51 44 45 52 53 54 54 44 46 46 46 47 47 47 48 48 48 55 55 55 56 56 56 50 51 57 49 49 49 50 51 57 58 52 53 50 51 57 58 52 53 54 54 54 58 52 53 59 59 59 60 60 60 55 55 55 56 56 56 50 51 57 49 49 49 50 51 57 58 52 53 50 51 57 58 52 53 54 54 54 58 52 53 59 59 59 60 60 60 55 55 61 61 56 56 62 63 57 64 64 65 62 63 57 66 66 65 67 68 68 58 69 70 67 71 71 58 69 70 59 59 72 72 60 60 62 63 61 61 61 65 62 63 64 64 64 65 62 63 66 66 66 65 67 68 68 68 69 70 67 71 71 71 69 70 67 72 72 72 69 70 62 63 61 61 61 65 62 63 64 64 64 65 62 63 66 66 66 65 67 68 68 68 69 70 67 71 71 71 69 70 67 72 72 72 69 70 

No.129
4x4x6
01 02 02 02 01 03 04 05 01 03 04 05 06 06 06 05 01 02 02 02 01 03 04 05 01 03 04 05 06 06 06 05 02 02 04 05 07 03 04 05 01 03 04 08 01 03 06 06 09 09 04 10 07 07 07 10 11 08 08 08 11 03 12 12 11 09 09 09 11 07 07 10 11 08 08 10 12 12 12 10 11 09 09 09 11 07 07 10 11 08 08 10 12 12 12 10 
4x6x6
01 02 02 02 01 02 02 02 02 02 03 04 05 05 05 04 05 05 05 04 06 07 05 05 01 08 08 08 01 08 08 08 08 08 03 04 06 07 03 04 06 07 03 04 06 07 09 09 01 10 10 10 01 11 12 13 01 11 12 13 06 07 03 14 06 07 03 04 09 09 09 04 15 10 10 10 15 11 12 13 01 11 12 13 06 07 03 14 06 07 03 14 09 09 09 14 10 10 12 13 15 11 12 13 15 11 12 13 15 11 16 16 16 16 16 14 16 16 16 14 17 17 12 13 15 17 17 17 15 17 17 17 15 11 18 18 18 18 18 14 18 18 18 14 

No.172
4x8x8
01 02 01 02 01 01 01 01 01 03 01 04 05 03 06 04 05 03 06 04 05 07 06 07 07 07 07 07 08 07 08 07 02 02 02 02 09 10 09 10 09 09 09 09 09 03 09 04 05 11 06 11 11 11 11 11 12 11 12 11 08 08 08 08 13 02 14 02 10 10 10 10 13 03 14 04 05 03 06 04 05 03 06 04 05 15 06 16 12 12 12 12 08 15 08 16 13 17 14 18 13 10 14 10 13 17 14 18 13 03 14 04 05 15 06 16 19 15 20 16 12 15 12 16 19 15 20 16 13 17 14 18 21 17 21 18 13 17 14 18 22 17 23 18 19 24 20 25 19 15 20 16 19 26 20 26 19 15 20 16 27 17 27 18 21 21 21 21 22 17 23 18 22 24 23 25 22 24 23 25 19 24 20 25 26 26 26 26 19 28 20 28 27 27 27 27 21 29 21 29 29 29 29 29 22 29 23 29 30 24 30 25 30 30 30 30 30 26 30 26 28 28 28 28 27 31 27 31 31 31 31 31 22 31 23 31 22 24 23 25 22 24 23 25 32 24 32 25 32 32 32 32 32 28 32 28 

No.209
4x6x8
01 01 02 02 03 01 04 04 03 01 01 01 03 03 03 01 05 05 03 01 06 06 03 03 07 07 02 08 09 07 04 10 09 07 07 07 09 09 09 07 11 05 09 07 12 06 09 09 02 02 02 08 04 04 04 10 13 14 15 16 13 14 15 16 11 05 05 05 12 06 06 06 02 08 08 08 04 10 10 10 17 18 15 16 13 14 19 20 11 11 11 05 12 12 12 06 02 08 15 16 04 10 15 16 17 18 15 16 13 14 19 20 13 14 11 05 13 14 12 06 08 08 15 16 10 10 19 20 17 18 19 20 17 18 19 20 17 18 11 11 13 14 12 12 21 21 15 16 22 21 19 20 22 21 21 21 22 22 22 21 17 18 22 21 13 14 22 22 23 23 19 20 24 23 19 20 24 23 23 23 24 24 24 23 17 18 24 23 17 18 24 24 

No.211
4x6x8
01 01 01 02 03 03 01 04 03 03 01 01 05 03 01 01 05 03 03 03 05 06 07 08 09 09 09 02 10 10 09 04 10 10 09 09 05 10 09 09 11 10 10 10 12 06 07 08 02 02 02 02 04 04 04 04 05 06 07 08 05 06 07 08 11 06 07 08 12 06 07 08 02 02 13 13 04 04 14 14 05 06 07 08 05 06 07 08 11 11 11 11 12 12 12 12 13 13 13 13 14 14 14 14 15 16 17 18 15 16 17 18 19 19 11 11 20 20 12 12 13 16 17 18 14 16 17 18 15 16 17 18 15 16 17 18 19 19 19 19 20 20 20 20 13 16 17 18 14 21 21 21 15 21 22 22 21 21 22 22 21 21 22 19 22 22 22 20 15 16 17 18 15 23 23 23 15 23 24 24 23 23 24 24 23 23 24 19 24 24 24 20 
4x8x8
01 02 03 04 05 06 03 04 05 06 07 07 07 07 07 07 07 08 08 08 07 08 09 09 08 08 10 10 08 08 11 11 01 02 03 04 05 06 03 04 05 06 03 04 05 06 03 04 05 06 12 13 09 09 09 09 10 10 10 10 11 11 11 11 01 02 14 14 01 02 15 15 01 02 16 16 01 02 03 04 05 06 12 13 09 17 17 17 10 18 18 18 11 19 19 19 20 21 14 14 20 21 15 15 01 02 16 16 01 02 03 04 05 06 12 13 09 17 12 13 10 18 12 13 11 19 12 13 20 21 14 22 20 21 15 23 20 21 16 24 20 21 25 26 27 28 29 30 17 17 29 30 18 18 12 13 19 19 12 13 14 14 14 22 15 15 15 23 16 16 16 24 20 21 25 26 27 28 29 30 17 17 29 30 18 18 29 30 19 19 29 30 22 22 22 22 23 23 23 23 24 24 24 24 20 21 25 26 27 28 25 26 27 28 25 26 27 28 25 26 27 28 29 30 22 22 31 31 23 23 31 31 24 24 31 32 31 31 31 32 32 32 32 32 32 32 25 26 27 28 25 26 27 28 29 30 
6x6x24
01 01 02 02 02 03 01 01 01 01 02 03 04 04 05 01 02 02 04 04 05 01 02 02 06 04 05 05 05 05 06 04 04 04 05 05 07 07 08 08 08 03 07 07 09 09 09 03 06 07 10 10 10 03 06 07 07 07 10 03 06 11 11 11 10 10 06 12 12 12 10 10 13 13 14 14 08 15 13 13 16 16 09 15 06 13 17 17 17 15 18 13 13 13 17 03 18 11 19 19 17 17 18 12 20 20 17 17 21 21 14 14 08 08 21 21 16 16 09 09 06 21 22 22 22 15 18 21 21 21 22 03 11 11 19 19 22 22 12 12 20 20 22 22 23 23 14 24 08 08 23 23 16 25 09 09 18 23 26 26 26 15 18 23 23 23 26 15 11 11 27 19 26 26 12 12 28 20 26 26 14 14 14 24 29 29 16 16 16 25 29 29 18 30 30 30 29 15 18 30 29 29 29 15 30 30 27 19 19 19 30 30 28 20 20 20 24 24 24 24 31 31 25 25 25 25 31 31 32 33 33 33 31 34 32 33 31 31 31 34 33 33 27 27 27 27 33 33 28 28 28 28 24 24 35 35 36 34 25 25 37 37 38 34 32 39 40 41 42 34 32 39 40 41 42 34 32 43 44 44 27 27 32 45 46 46 28 28 35 35 35 35 36 34 37 37 37 37 38 47 48 39 40 41 42 47 48 39 40 41 42 47 48 43 44 44 44 44 32 45 46 46 46 46 35 36 36 36 36 34 37 38 38 38 38 47 49 50 51 41 42 52 49 39 40 53 54 52 48 43 43 43 43 44 32 45 45 45 45 46 35 36 36 41 42 47 37 38 38 41 42 47 49 50 51 41 42 52 49 39 40 53 54 52 48 39 40 43 43 44 48 39 40 45 45 46 55 56 57 53 54 47 55 56 57 53 54 47 55 50 51 53 54 52 49 50 51 53 54 58 48 50 51 59 60 58 48 50 51 59 60 58 61 56 57 53 54 52 61 56 57 53 54 52 55 56 57 59 60 52 49 56 57 59 60 58 49 50 51 59 60 62 49 50 51 59 60 62 61 63 64 65 65 66 61 63 64 67 67 68 55 63 64 59 60 58 55 56 57 69 70 58 71 72 72 69 70 62 73 74 74 69 70 62 75 65 65 65 65 66 61 67 67 67 67 68 55 63 64 59 60 58 55 56 57 69 70 58 71 72 72 72 72 62 73 74 74 74 74 76 75 65 66 66 66 66 61 67 68 68 68 68 61 63 64 69 70 62 61 63 64 69 70 62 71 71 71 71 72 62 73 73 73 73 74 76 75 65 66 66 77 77 75 67 68 68 78 78 75 63 64 69 70 76 75 63 64 69 70 76 79 79 71 71 72 76 80 80 73 73 74 76 81 81 77 77 77 77 81 81 78 78 78 78 75 81 82 82 82 76 75 81 81 81 82 76 79 79 79 79 82 82 80 80 80 80 82 82 83 83 77 84 84 84 83 83 78 85 85 85 86 83 87 87 87 88 86 83 83 83 87 88 89 89 89 79 87 87 90 90 90 80 87 87 91 91 77 84 92 92 93 93 78 85 92 92 86 94 94 94 92 88 86 94 92 92 92 88 94 94 89 79 95 95 94 94 90 80 96 96 91 91 84 84 97 97 93 93 85 85 97 97 86 98 98 98 97 99 100 98 97 97 97 88 98 98 89 89 95 95 98 98 90 90 96 96 86 91 84 84 101 101 86 93 85 85 101 101 86 102 102 102 101 99 100 102 101 101 101 88 102 102 89 89 95 88 102 102 90 90 96 88 100 91 91 91 103 103 100 93 93 93 103 103 100 104 104 104 103 99 100 104 103 103 103 99 104 104 95 95 95 99 104 104 96 96 96 99 100 105 105 105 106 106 100 105 106 106 106 106 105 105 106 107 108 108 105 105 106 107 108 108 107 107 107 107 108 99 107 107 108 108 108 99 

No.217
4x6x8
01 01 02 01 02 02 02 02 02 02 03 02 04 04 03 04 04 04 04 04 05 05 04 05 01 01 01 01 06 07 08 09 08 08 08 08 08 08 03 08 10 10 03 10 05 05 05 05 06 07 01 09 06 07 11 09 06 07 03 09 06 07 03 09 10 10 10 10 12 12 05 12 06 07 13 09 11 11 11 11 06 07 03 09 06 07 03 09 14 15 10 16 12 12 12 12 13 13 13 13 11 11 17 11 14 15 18 16 14 15 18 16 14 15 19 16 14 15 12 16 13 13 20 13 17 17 17 17 14 15 18 16 14 15 18 16 19 19 19 19 14 15 21 16 20 20 20 20 17 17 22 17 22 22 22 22 22 22 18 22 19 19 18 19 21 21 21 21 20 20 23 20 23 23 23 23 23 23 18 23 24 24 18 24 24 24 24 24 21 21 24 21 

No.245
4x6x8
01 01 02 02 01 01 03 03 04 01 01 01 04 04 04 01 05 05 04 04 06 06 04 04 07 07 02 02 07 07 03 03 08 07 07 07 08 08 08 07 05 05 08 08 06 06 08 08 02 02 02 09 03 03 03 10 11 12 13 14 11 12 13 14 15 05 05 05 16 06 06 06 02 09 09 09 03 10 10 10 11 12 13 14 11 12 13 14 15 15 15 05 16 16 16 06 09 09 13 14 10 10 13 14 17 18 13 14 11 12 19 20 11 12 15 15 11 12 16 16 09 09 13 14 10 10 19 20 17 18 19 20 17 18 19 20 17 18 15 15 11 12 16 16 21 21 19 20 21 21 19 20 22 21 21 21 22 22 22 21 17 18 22 22 17 18 22 22 23 23 19 20 23 23 19 20 24 23 23 23 24 24 24 23 17 18 24 24 17 18 24 24 

No.275
4x7x8
01 02 01 02 02 02 02 02 02 03 02 03 03 03 03 03 03 04 03 04 04 04 04 04 04 05 04 05 01 01 01 01 06 07 06 07 07 07 07 07 07 08 07 08 08 08 08 08 08 09 08 09 05 05 05 05 10 01 11 01 06 06 06 06 10 12 11 12 12 12 12 12 12 13 12 14 09 09 09 09 05 13 05 14 10 15 11 15 10 06 11 06 10 16 11 16 10 13 11 14 17 13 17 14 09 13 09 14 18 13 18 14 15 15 15 15 10 19 11 19 16 16 16 16 10 13 11 14 17 17 17 17 20 13 20 14 18 18 18 18 15 21 15 21 19 19 19 19 16 22 16 22 22 22 22 22 22 17 22 17 20 20 20 20 23 18 23 18 21 21 21 21 19 24 19 24 24 24 24 24 24 25 24 25 25 25 25 25 25 20 25 20 23 23 23 23 21 26 21 26 26 26 26 26 26 27 26 27 27 27 27 27 27 28 27 28 28 28 28 28 28 23 28 23 

No.279
4x4x4
01 02 02 03 01 04 04 03 04 04 04 04 04 05 05 04 06 06 02 02 01 06 06 03 01 06 06 03 06 06 05 05 07 07 02 02 01 07 07 03 01 07 07 03 07 07 05 05 01 02 02 03 01 08 08 03 08 08 08 08 08 05 05 08 

No.285
4x15x16
01 02 03 04 01 01 03 05 06 01 01 05 06 06 01 01 07 06 06 01 07 07 06 06 08 07 07 06 08 08 07 07 09 08 08 07 09 09 08 08 10 09 09 08 10 10 09 09 11 10 10 09 11 12 10 10 13 12 14 10 15 02 04 04 16 02 03 17 16 16 03 05 18 16 16 05 18 18 16 16 19 18 18 16 19 20 18 18 21 20 22 18 21 21 22 23 24 21 21 23 24 24 21 21 11 24 24 21 11 12 24 24 25 12 14 24 13 13 14 26 15 04 04 27 15 02 17 17 28 02 03 29 28 28 03 05 30 28 28 05 30 31 28 28 19 31 22 28 19 20 22 23 32 20 33 23 32 32 33 34 11 32 32 34 11 12 32 32 35 12 14 32 25 25 14 26 36 13 13 26 04 04 27 27 15 17 17 37 15 02 29 29 38 02 03 39 38 40 03 05 30 40 22 05 30 31 22 23 19 31 33 23 19 20 33 34 11 20 41 34 11 12 41 42 43 12 14 42 35 35 14 26 44 25 25 26 36 36 13 13 04 27 27 45 17 17 37 37 15 29 29 46 15 02 47 39 38 48 22 39 38 40 22 23 30 40 33 23 30 31 33 34 19 31 41 34 19 20 41 42 43 20 49 42 43 50 14 26 51 35 35 26 44 44 25 25 52 36 36 13 27 27 45 45 17 37 37 53 29 29 54 46 15 55 47 46 56 48 47 39 38 48 33 39 38 40 33 34 30 40 41 34 30 31 41 42 43 31 49 42 43 50 49 57 51 50 58 26 51 59 35 35 60 44 44 25 52 52 36 36 27 45 45 61 37 37 62 53 29 63 54 53 56 55 54 46 56 55 47 46 64 48 47 39 38 48 41 39 38 40 41 42 43 40 49 42 43 50 49 65 51 50 58 57 51 59 58 57 60 59 66 35 60 67 44 44 68 52 52 36 45 45 61 61 37 69 62 70 56 63 62 53 56 63 54 53 64 55 54 46 64 55 47 46 71 48 47 39 72 48 49 73 43 50 49 74 51 50 58 65 51 59 58 65 60 59 66 57 60 67 66 57 75 67 76 44 68 68 52 52 45 61 61 77 56 69 70 70 56 69 62 78 64 63 62 53 64 63 54 53 71 55 54 46 71 55 47 73 72 48 49 73 72 50 58 74 51 59 58 74 60 59 66 65 60 67 66 65 79 67 76 57 75 75 76 57 80 68 68 52 61 61 77 77 56 70 70 81 64 69 78 78 64 69 62 82 71 63 62 53 71 63 54 73 83 55 84 73 83 85 84 86 72 85 58 86 72 59 66 74 60 67 66 74 87 67 76 65 79 79 76 65 88 75 75 57 80 80 68 68 61 77 77 89 70 70 81 81 64 78 78 82 71 69 90 82 71 69 62 73 83 63 91 73 83 85 91 92 93 85 84 92 93 94 84 86 72 94 66 86 72 67 76 74 87 95 76 74 87 79 79 65 88 88 75 75 96 80 80 68 77 77 89 89 70 81 81 82 78 78 90 82 71 97 90 98 83 69 99 73 83 85 99 100 93 85 91 100 93 94 91 92 101 94 84 92 101 102 84 86 72 102 76 86 103 95 104 74 87 95 79 79 87 88 88 75 96 96 80 80 77 89 89 82 81 81 90 82 78 97 90 98 83 97 105 98 83 85 105 106 93 85 99 106 93 94 99 100 101 94 91 100 101 102 91 92 107 102 84 92 107 108 84 86 103 108 104 86 103 95 104 79 87 95 88 88 87 96 96 80 89 89 90 82 81 97 90 98 109 97 105 98 109 109 105 106 93 109 109 106 93 94 109 109 101 94 99 109 101 102 99 100 110 102 91 100 110 110 91 92 107 110 110 92 107 108 110 110 103 108 104 110 103 95 104 88 87 95 96 96 89 97 90 98 111 97 105 98 111 111 105 106 112 111 111 106 112 112 111 111 101 112 112 111 101 102 112 112 113 102 99 112 113 113 99 100 114 113 113 100 114 114 113 113 107 114 114 113 107 108 114 114 103 108 104 114 103 95 104 96 115 97 105 98 115 115 105 106 116 115 115 106 116 116 115 115 117 116 116 115 117 117 116 116 118 117 117 116 118 118 117 117 119 118 118 117 119 119 118 118 120 119 119 118 120 120 119 119 107 120 120 119 107 108 120 120 103 108 104 120 
8x11x16
01 02 02 03 03 04 04 05 01 01 02 02 06 06 07 07 08 01 01 02 02 09 09 10 08 08 01 01 02 02 11 12 13 08 08 01 14 15 16 12 13 17 08 08 14 14 16 18 19 17 20 08 21 14 14 18 19 22 23 23 21 21 14 14 24 25 25 23 23 21 21 14 26 26 27 27 23 23 21 21 28 29 29 30 30 23 23 21 31 31 03 03 04 04 05 05 32 31 31 06 06 07 07 33 32 32 31 31 09 09 34 10 13 32 32 31 31 35 11 10 13 17 32 32 36 15 11 12 19 17 20 32 37 15 16 12 19 22 20 38 37 37 16 18 24 22 39 40 40 37 37 18 24 41 25 25 40 40 37 37 42 26 26 27 27 40 40 37 28 28 29 29 30 30 40 40 43 03 03 04 04 05 05 44 43 43 06 06 07 07 45 33 13 43 43 09 09 46 34 33 13 17 43 43 36 35 34 10 19 17 20 43 36 35 11 10 19 22 20 47 48 15 11 12 24 22 39 38 49 15 16 12 24 41 39 38 49 49 16 18 42 41 50 25 25 49 49 18 42 51 26 26 27 27 49 49 52 28 28 29 29 30 30 49 03 03 04 04 05 05 44 44 13 06 06 07 07 53 45 54 13 17 09 09 36 46 45 33 19 17 20 55 36 46 34 33 19 22 20 55 48 35 34 10 24 22 39 47 48 35 11 10 24 41 39 47 56 15 11 12 42 41 50 38 56 15 16 12 42 51 50 38 25 25 16 18 57 51 58 26 26 27 27 18 52 52 28 28 29 29 30 30 59 60 61 62 05 44 44 63 64 60 62 62 36 53 54 54 64 62 62 65 36 53 45 66 62 62 20 65 48 46 45 33 62 22 39 55 48 46 34 33 24 41 39 55 56 35 34 10 42 41 50 47 56 35 11 67 42 51 50 47 68 15 67 67 69 51 58 38 68 67 67 70 57 57 58 38 67 67 71 70 72 52 52 28 67 73 71 74 59 75 61 76 44 44 63 63 59 60 61 77 36 54 54 78 64 60 77 77 48 53 66 66 64 77 77 65 48 53 45 79 77 77 39 65 56 46 45 33 77 41 50 55 56 46 34 80 42 51 50 55 68 35 80 80 81 51 58 47 68 80 80 70 69 69 58 47 80 80 71 70 82 57 57 38 80 73 71 74 72 72 52 52 83 73 84 74 85 75 76 76 44 63 63 86 59 75 61 87 54 54 78 78 59 60 61 88 48 66 66 79 64 60 88 88 56 53 89 79 64 88 88 65 56 53 45 90 88 88 50 65 68 46 90 90 88 51 58 55 68 90 90 70 81 91 58 55 90 90 71 70 81 69 69 47 90 73 71 74 82 82 57 57 92 73 84 74 93 72 72 52 83 83 84 94 85 76 76 95 63 63 86 86 85 75 87 87 54 78 78 79 59 75 61 96 66 66 89 79 59 60 61 97 97 98 89 99 64 60 97 97 68 53 100 100 64 97 97 65 68 100 100 70 97 97 58 65 100 100 71 70 101 91 102 100 100 73 71 74 81 91 69 69 103 73 84 74 81 82 82 57 92 92 84 94 93 93 72 72 104 83 83 94 76 76 95 95 63 86 86 79 85 87 87 105 78 78 89 79 85 75 96 96 66 98 89 99 59 75 61 106 106 98 107 99 108 108 109 110 106 106 107 111 112 108 108 110 113 106 106 111 112 114 108 108 113 115 106 106 101 114 102 108 108 73 84 74 101 91 102 69 103 103 84 94 81 91 82 82 116 92 92 94 81 93 93 72 104 104 83 83 76 95 95 117 86 86 89 79 87 87 105 105 78 98 89 99 85 96 96 118 119 98 107 99 85 75 109 120 119 119 107 111 121 122 109 120 113 119 119 111 121 121 123 110 113 124 119 119 112 121 121 110 125 115 126 119 112 114 121 121 125 115 84 94 101 114 102 121 127 103 103 94 101 91 102 82 116 116 92 92 81 91 93 93 128 104 104 83 95 95 117 117 86 98 89 99 87 105 105 129 130 98 107 99 96 96 109 118 130 130 107 111 85 122 109 118 113 130 130 111 131 122 123 120 113 132 130 130 133 134 123 120 125 124 135 130 133 133 136 110 125 124 126 137 112 133 133 110 127 115 126 94 112 114 133 133 127 115 103 103 101 114 102 133 138 116 116 92 101 91 102 93 128 128 104 104 95 117 117 139 140 98 107 99 105 105 109 129 140 140 107 111 96 122 109 129 113 140 140 111 131 122 123 118 113 141 140 140 131 134 123 118 125 132 142 140 143 134 136 120 125 132 135 144 145 146 136 120 127 124 135 137 145 145 147 110 127 124 126 137 112 145 145 110 138 115 126 103 112 114 145 145 138 115 116 116 101 114 102 145 148 128 128 104 117 117 139 139 149 149 150 150 105 122 109 151 151 152 152 153 131 122 123 129 154 154 155 153 131 134 123 129 125 141 155 156 143 134 136 118 125 141 142 156 143 146 136 118 127 132 142 144 157 146 147 120 127 132 135 144 157 158 147 120 138 124 135 137 159 158 160 160 138 124 126 137 159 161 161 162 162 115 126 116 163 163 164 164 148 148 128 128 117 139 139 149 149 150 150 165 131 122 151 151 152 152 165 165 131 134 123 154 154 165 165 153 143 134 136 129 165 165 155 153 143 146 136 129 165 141 155 156 157 146 147 118 127 141 142 156 157 158 147 166 138 132 142 144 159 158 166 166 138 132 135 144 159 166 166 160 160 124 135 137 166 166 161 161 162 162 126 137 166 163 163 164 164 148 148 128 139 139 149 149 150 150 167 167 131 151 151 152 152 167 167 168 143 134 154 154 167 167 168 168 143 146 136 167 167 168 168 153 157 146 147 129 168 168 155 153 157 158 147 169 168 141 155 156 159 158 169 169 138 141 142 156 159 169 169 170 170 132 142 144 169 169 170 170 160 160 135 144 169 170 170 161 161 162 162 137 170 170 163 163 164 164 148 148 139 149 149 150 150 171 171 172 151 151 152 152 171 171 172 172 143 154 154 171 171 172 172 173 157 146 171 171 172 172 173 173 157 158 147 174 172 173 173 153 159 158 174 174 173 173 155 153 159 174 174 175 173 141 155 156 174 174 175 175 176 176 142 156 174 175 175 176 176 160 160 144 175 175 176 176 161 161 162 162 175 176 176 163 163 164 164 148 























