Prime boxes of the P-Pentomino  Toshihiro Shirakawa 2015.04.16

Prime
2x5
7x15
3x3x5

Number of solutions
2x5:1
7x15:33631
3x3x5:306

Solutions
7x15
01 01 02 02 03 03 03 01 01 02 02 03 03 04 01 05 02 06 06 04 04 05 05 06 06 06 04 04 05 05 07 07 08 08 08 09 09 07 07 08 08 10 09 09 07 11 11 10 10 09 12 12 11 11 10 10 12 12 12 11 13 13 13 14 14 15 15 15 13 13 14 14 14 15 15 16 16 17 17 18 18 18 16 16 17 17 18 18 19 16 20 17 21 21 19 19 20 20 21 21 21 19 19 20 20 
3x3x5
01 02 02 01 02 02 03 03 02 01 04 04 01 04 04 03 03 04 01 05 06 07 07 07 03 07 07 08 05 06 08 05 06 09 09 09 08 05 06 08 05 06 08 09 09 

One-sided

Prime
2x5

Number of solutions
2x5:1
