Prime boxes of 13-Pentomino  Toshihiro Shirakawa 2015.04.09

Complete

minimal 24
4x5x6

minimal 12
2x2x3x5

Prime
2x 8x10
2x 9x15
2x10x[10,12,14]
2x11x30
2x12x15
2x13x30
2x15x15

3x 4x[30,45]
3x 5x[6,9]
3x 7x15
3x 8x15

4x 4x10
4x 5x6
5x 5x6


2x2x3x5
2x2x4x5
2x2x5x5
2x3x3x5
3x3x3x5

2x2x2x2x10

Solutions
2x8x10
01 02 02 02 03 03 04 03 04 05 04 04 06 06 06 07 01 01 01 02 01 03 08 08 08 05 04 07 06 07 07 07 09 09 09 02 10 03 08 05 05 05 11 12 06 12 12 12 09 13 14 14 10 14 08 14 15 15 11 15 16 16 16 12 09 13 17 14 10 10 10 18 11 15 11 11 16 19 19 19 13 13 17 13 20 20 20 18 21 15 21 21 16 22 23 19 17 24 17 17 20 18 18 18 25 22 21 22 22 22 23 19 24 24 26 24 20 24 27 27 25 27 21 28 23 29 23 23 30 30 26 30 31 30 25 27 25 25 32 28 32 29 32 32 26 30 26 26 31 31 31 27 31 28 28 28 29 29 32 29 
2x9x15
01 02 02 02 03 03 04 03 05 03 05 06 05 05 07 07 07 08 01 01 01 02 01 03 04 06 09 06 06 06 05 08 07 08 08 08 10 10 10 02 04 11 04 04 09 09 09 12 09 13 07 13 13 13 10 11 14 11 11 11 15 16 15 15 17 12 17 18 17 17 19 13 10 20 14 16 21 16 16 16 15 12 12 12 18 18 17 18 19 18 14 20 14 14 21 22 22 22 15 23 23 23 24 24 19 24 19 19 20 20 25 20 21 21 21 22 26 26 26 23 26 24 27 27 28 27 29 29 25 29 30 29 31 22 26 32 33 23 28 24 28 27 28 28 25 29 25 25 30 32 31 32 32 32 33 34 34 34 35 27 35 35 36 36 30 36 30 30 31 31 31 37 33 33 33 34 38 38 35 38 39 36 39 40 39 39 41 41 41 37 42 42 42 34 42 38 35 43 44 36 40 40 39 40 41 40 37 37 42 37 45 45 45 38 45 43 44 44 44 46 44 47 41 47 47 47 48 48 45 48 49 43 43 43 50 50 50 46 50 51 52 52 52 47 52 48 53 54 49 54 54 54 50 46 46 46 51 51 52 51 53 51 53 48 53 53 49 49 49 54 
2x10x10
01 01 02 01 03 03 04 03 04 03 04 04 05 06 05 05 07 07 07 08 09 01 02 02 02 03 02 10 11 06 04 06 06 06 05 08 07 08 08 08 09 01 12 12 13 12 10 10 11 10 14 10 14 14 05 15 07 15 15 15 09 09 09 12 13 16 16 16 11 11 11 17 14 17 17 17 18 18 18 15 19 19 19 12 13 13 13 16 20 20 21 20 14 22 23 17 18 24 24 24 19 25 26 25 25 25 21 16 21 20 21 21 22 22 23 22 18 22 27 24 19 28 26 26 26 25 26 29 30 20 30 31 30 30 23 23 23 32 27 24 28 28 33 28 34 28 35 29 35 35 31 31 30 31 36 31 27 32 27 27 37 37 33 37 34 37 29 29 35 29 36 38 36 39 36 36 32 32 40 32 33 37 33 33 34 34 34 38 35 38 38 38 39 39 40 39 40 39 40 40 
2x10x12
01 01 02 01 03 03 03 04 03 05 05 05 06 07 07 07 08 08 09 08 10 01 02 04 03 04 04 04 06 11 06 05 06 06 09 07 09 08 09 09 10 01 02 02 02 11 12 11 11 11 13 05 13 13 14 07 14 08 14 14 10 10 10 15 16 16 12 16 17 18 17 17 13 19 19 19 20 20 14 20 21 21 21 15 12 16 12 12 18 18 17 18 13 18 22 19 22 20 22 22 21 15 15 15 23 16 23 24 23 23 17 25 26 26 26 19 26 20 22 27 21 28 29 24 30 24 24 24 23 31 25 25 26 25 32 25 33 33 33 27 28 28 29 28 30 28 34 35 34 31 34 34 36 36 32 36 33 27 27 27 29 37 29 29 30 30 30 35 31 31 34 31 32 36 32 32 33 38 38 38 37 37 39 37 40 37 35 35 41 35 42 42 42 36 42 43 43 43 44 38 45 45 39 45 40 45 46 46 41 46 42 46 47 47 47 48 47 43 44 38 39 45 39 39 40 40 40 46 41 41 41 48 47 48 48 48 44 43 44 44 
2x10x14
01 02 02 02 03 03 04 03 04 03 04 04 05 06 05 05 07 07 07 08 01 01 01 02 01 03 09 09 09 06 04 06 06 06 05 08 07 08 08 08 10 10 10 02 10 11 09 11 11 11 12 12 13 12 05 12 07 14 14 14 10 15 15 15 16 16 09 16 13 11 13 12 13 13 17 17 18 17 19 14 20 20 20 15 20 16 21 22 23 22 22 22 18 24 18 17 18 18 19 14 20 25 21 15 21 16 21 21 23 23 23 22 23 24 26 17 19 27 19 19 28 25 28 28 29 29 30 29 30 31 30 30 24 24 26 24 32 27 32 32 25 25 28 25 33 29 33 33 31 31 30 31 26 31 26 26 27 27 32 27 34 34 28 34 35 29 33 36 37 36 36 36 38 38 39 38 40 38 32 41 42 34 43 43 35 43 33 43 37 37 37 36 37 38 39 41 40 41 41 41 42 34 35 43 35 35 44 44 45 44 46 44 39 47 39 39 40 40 40 48 42 42 42 49 45 50 45 44 45 45 46 46 46 47 46 48 51 48 48 48 52 52 52 49 52 50 53 53 53 54 53 47 47 47 55 56 51 56 56 56 52 49 49 49 50 50 53 50 54 54 55 54 55 54 55 55 51 51 51 56 
2x11x30
01 01 02 01 02 01 02 02 03 04 03 03 05 05 05 06 06 06 07 07 08 07 09 01 09 09 10 04 02 04 04 04 03 11 05 11 11 11 08 06 08 07 08 08 12 12 09 12 10 12 13 13 14 13 03 13 05 15 16 11 17 06 18 07 18 18 19 12 09 20 10 10 10 13 14 21 21 21 15 15 16 15 17 15 22 22 18 22 19 19 19 20 19 23 23 23 14 14 14 21 16 24 16 16 17 17 17 22 18 25 26 20 20 20 27 28 27 23 27 27 29 21 29 24 29 29 30 30 30 22 30 25 26 26 26 31 26 28 32 23 27 33 33 33 24 24 29 24 30 34 35 25 25 25 36 36 36 31 28 28 32 28 37 37 37 33 37 34 38 34 34 34 35 39 39 39 36 31 31 31 32 40 32 32 37 41 38 33 38 42 38 38 35 43 35 35 44 39 36 40 45 40 40 40 46 46 46 41 47 47 47 42 48 48 48 43 48 49 44 39 50 50 45 50 51 50 46 41 41 41 47 42 42 42 48 43 43 43 44 49 44 44 45 50 45 45 51 52 46 52 52 52 47 53 53 53 54 54 55 54 49 49 56 49 57 57 57 58 51 51 51 59 60 52 60 60 55 53 55 54 55 55 61 61 56 61 57 62 63 58 63 63 59 59 64 59 60 59 65 53 65 54 65 65 56 61 56 56 57 62 58 58 63 58 66 66 64 66 60 66 67 67 68 67 65 69 70 61 70 70 62 62 71 62 63 72 64 66 64 64 68 73 68 67 68 68 74 69 74 74 70 75 76 76 71 76 72 72 77 72 78 72 79 73 79 67 79 79 69 69 74 69 70 75 71 76 71 71 80 80 77 80 78 80 73 73 81 73 79 82 82 82 74 75 75 75 83 76 83 83 77 80 77 77 78 78 78 84 81 81 81 85 81 82 86 86 87 86 88 88 83 88 89 89 89 90 91 91 91 84 92 92 92 85 87 82 87 86 87 87 93 88 83 90 89 90 90 90 91 84 84 84 92 85 85 85 94 94 94 86 94 95 93 88 96 96 89 96 97 97 91 97 98 97 92 99 100 100 94 100 101 101 101 95 93 93 93 96 102 102 102 97 102 99 98 99 99 99 103 100 103 103 101 95 95 95 104 104 104 96 102 105 106 107 106 106 98 98 98 108 109 100 103 110 101 110 110 110 104 105 111 105 105 105 107 107 106 107 112 107 108 108 109 108 103 108 113 113 113 110 104 114 111 115 115 115 116 116 106 116 112 117 117 117 109 109 109 118 113 118 118 118 111 114 111 111 119 115 119 116 119 119 112 112 112 117 120 121 121 121 113 122 123 118 114 114 124 114 125 115 126 116 119 127 120 128 120 117 120 120 123 121 123 122 123 123 129 129 124 129 125 129 126 126 126 127 126 128 130 130 130 131 130 121 122 122 132 122 124 129 124 124 125 125 125 127 127 127 128 128 130 128 131 131 132 131 132 131 132 132 
2x12x15
01 02 01 01 03 03 03 04 05 05 05 06 05 06 06 06 07 08 08 08 09 09 10 09 02 02 01 02 03 02 04 04 05 04 11 04 07 12 07 06 07 07 10 08 10 09 10 10 13 13 01 13 03 13 11 14 11 15 11 11 12 12 16 12 17 12 18 08 18 09 18 18 19 13 19 20 19 19 21 14 21 15 21 21 22 22 16 22 17 22 23 23 24 23 18 23 25 25 25 20 19 14 14 14 15 15 21 15 16 22 16 16 17 17 17 23 24 26 26 26 25 20 20 20 27 27 28 27 29 29 29 30 29 30 30 30 31 32 31 31 24 24 24 26 25 33 33 33 34 27 28 35 29 35 35 35 36 36 36 30 36 32 31 37 38 38 38 26 39 39 39 33 34 27 28 28 28 40 41 35 36 42 43 32 32 32 31 37 38 44 44 44 39 45 34 33 34 34 41 46 41 40 41 41 42 42 43 42 47 42 37 37 38 37 48 44 39 45 49 46 50 46 46 46 40 40 51 40 43 52 43 43 47 47 47 53 47 54 48 44 45 45 49 45 50 55 55 55 56 56 51 56 57 52 57 57 58 58 58 53 48 54 48 48 49 59 49 49 50 50 50 55 51 56 51 51 52 52 57 52 58 53 53 53 54 54 60 54 59 59 61 59 62 59 63 55 63 56 63 63 64 64 57 64 58 64 60 65 60 66 60 60 67 67 61 67 62 67 68 68 69 68 63 68 70 64 70 71 70 70 72 65 72 66 72 72 61 67 61 61 62 62 62 68 69 69 69 71 69 71 71 71 70 65 65 65 66 66 72 66 
2x13x30
01 01 02 01 02 02 03 03 03 04 03 05 05 05 06 07 08 07 07 07 09 09 10 09 10 10 11 01 11 11 02 04 03 04 04 04 06 12 06 05 06 06 08 08 08 07 08 09 13 13 10 13 14 01 11 15 02 15 15 15 16 16 16 12 16 05 17 18 17 17 19 19 19 09 19 13 10 20 14 21 11 21 21 21 22 15 16 23 12 12 24 12 18 18 17 18 19 18 25 25 25 13 25 20 14 14 14 26 27 21 22 22 22 23 22 28 24 28 28 28 17 29 30 30 25 30 31 20 20 20 32 32 32 26 27 33 33 33 23 23 24 23 24 24 34 28 35 29 35 30 35 35 31 36 36 36 32 26 26 26 27 27 27 33 37 37 38 37 38 38 34 29 29 29 39 30 35 40 31 31 31 36 32 41 41 41 42 42 42 33 42 37 43 43 38 43 34 34 34 40 39 40 40 40 44 44 44 36 45 45 45 41 42 46 47 47 47 37 47 43 38 48 49 48 48 48 39 39 39 50 44 50 50 50 45 51 52 41 46 46 47 46 53 46 54 43 54 54 49 49 49 48 49 55 55 55 44 56 57 50 45 51 52 52 52 58 52 59 53 59 59 59 54 60 60 60 61 61 62 61 57 55 57 56 57 57 51 51 63 51 63 58 63 63 53 53 53 59 54 64 62 60 62 61 62 62 65 55 56 56 66 56 67 67 67 68 58 58 63 58 69 64 70 64 64 64 71 60 65 61 65 72 65 65 73 73 66 73 67 74 75 68 75 75 76 76 69 76 70 76 77 77 71 77 78 77 78 72 78 78 66 73 66 66 67 74 68 68 75 68 69 76 69 69 70 70 70 77 71 71 71 72 72 72 78 79 80 73 80 80 74 74 81 74 75 82 83 83 83 84 84 84 85 86 86 86 87 87 88 87 89 79 89 89 80 90 91 91 81 91 82 82 83 82 85 82 85 84 85 85 88 86 88 87 88 88 79 79 89 79 80 90 81 91 81 81 92 92 83 92 93 92 94 84 95 95 95 86 95 87 96 97 96 96 89 90 90 90 98 91 98 98 99 92 100 100 93 100 94 100 95 101 102 103 103 103 97 97 96 97 104 97 104 104 105 105 98 105 99 105 93 100 93 93 94 94 94 101 102 102 102 103 102 106 96 106 106 106 104 107 108 105 98 109 99 99 99 110 111 110 110 110 101 101 112 101 113 103 113 114 113 113 115 106 104 107 108 108 108 109 108 116 116 116 111 111 111 110 111 117 112 114 118 114 114 114 113 119 115 107 107 107 120 109 109 109 121 121 121 116 121 122 122 122 112 117 112 112 118 119 123 119 119 119 115 115 115 124 120 125 125 125 121 126 127 116 128 128 128 122 117 117 118 117 118 118 123 129 129 129 130 130 130 124 120 120 120 125 126 126 127 126 128 126 131 122 132 132 133 132 133 133 123 123 123 129 130 124 124 124 134 134 134 125 127 135 127 127 128 136 131 131 131 132 131 137 133 137 137 137 138 129 130 139 139 139 134 135 140 135 135 135 141 142 141 136 141 141 143 132 143 143 133 144 145 137 138 138 138 146 138 139 134 147 140 142 148 142 142 142 136 136 141 136 149 144 143 144 144 144 145 145 145 150 145 146 151 139 140 147 140 140 148 152 153 152 152 152 154 154 149 154 143 154 155 155 155 156 155 150 146 146 151 146 147 147 148 147 148 148 153 153 153 152 153 154 149 149 149 156 155 156 156 156 150 150 151 150 151 151 
2x15x15
01 02 01 01 03 03 03 04 03 04 04 04 05 05 06 05 07 07 08 07 09 07 09 10 09 09 11 11 11 12 02 02 01 02 03 02 13 14 13 13 06 04 06 05 06 06 15 07 08 08 08 16 08 10 09 12 11 12 12 12 17 18 01 18 18 18 14 14 13 14 19 14 19 05 19 19 15 15 15 20 15 16 10 10 21 10 11 22 22 22 17 17 17 23 17 18 24 24 13 24 25 25 25 26 19 20 27 20 20 20 16 16 28 16 21 21 21 29 21 22 30 30 30 23 31 31 31 24 31 26 25 26 26 26 32 32 27 32 28 32 28 33 28 28 34 34 34 29 34 22 30 23 23 23 31 35 36 24 37 37 25 37 38 38 38 32 27 27 27 39 33 33 40 33 34 33 29 29 41 29 30 35 42 35 35 35 36 36 36 37 36 43 38 43 43 43 44 44 44 39 44 45 40 45 45 45 46 46 41 46 47 47 42 47 48 49 49 49 50 37 50 50 38 51 52 43 44 53 39 39 54 39 40 40 40 45 41 46 41 41 42 47 42 42 48 48 48 49 48 51 50 51 51 51 52 52 52 53 52 55 54 55 55 55 56 56 56 46 56 57 58 47 58 58 59 60 59 49 59 59 50 61 61 61 62 53 53 53 54 63 54 54 64 55 56 65 66 66 66 57 67 60 58 60 60 60 68 68 59 68 62 68 62 61 62 62 69 69 69 63 69 65 64 65 65 65 66 57 57 57 67 70 58 70 70 70 71 68 71 71 72 72 72 61 72 73 69 63 63 63 64 74 64 64 75 76 66 76 76 76 67 67 67 77 78 70 78 78 71 79 72 79 79 79 73 73 80 73 81 73 81 74 81 81 75 75 75 82 75 76 83 83 83 77 83 84 78 85 71 85 85 85 86 79 87 87 80 87 88 87 74 74 81 74 89 90 89 82 89 89 83 77 77 77 84 84 78 84 86 84 86 85 86 86 80 87 80 80 88 88 88 90 88 90 90 90 82 82 89 82 

3x4x30
01 02 03 01 03 03 01 01 04 05 04 04 06 02 07 06 06 03 01 08 08 05 08 04 02 02 07 06 02 03 05 08 09 05 05 04 10 07 07 06 11 07 12 08 09 12 12 12 10 10 10 10 11 13 14 09 09 12 15 09 16 11 17 11 11 13 14 14 14 14 15 18 16 16 17 16 13 13 16 15 13 15 15 18 19 17 17 20 20 17 20 21 18 20 18 18 19 21 22 20 21 23 24 21 21 24 24 24 19 19 22 19 23 23 25 25 23 24 25 23 26 22 22 27 27 22 27 25 28 27 28 28 26 29 30 27 29 29 31 25 32 31 31 28 26 26 30 26 29 32 32 32 32 31 33 28 34 30 30 35 29 30 36 36 36 31 33 36 34 37 37 35 35 37 35 33 36 35 33 33 34 34 37 34 38 38 39 40 38 40 40 38 41 42 37 42 42 38 39 39 39 39 40 43 41 44 44 45 42 44 45 45 45 46 40 43 41 41 44 41 42 47 45 48 43 46 43 43 49 49 44 49 47 47 46 48 47 46 46 47 49 50 50 51 51 50 51 48 48 51 48 52 49 53 50 51 53 54 53 53 52 52 52 52 55 55 50 55 54 54 56 53 54 56 56 54 55 57 57 58 57 59 58 58 59 56 59 59 55 57 60 60 60 60 58 61 61 56 61 59 62 57 63 62 62 60 58 61 64 64 64 64 63 63 63 62 65 63 66 61 67 66 66 64 68 69 69 62 65 69 70 71 67 66 71 71 68 65 69 65 65 72 70 67 67 66 71 67 68 68 69 68 72 72 70 70 72 70 71 72 
3x4x45
01 02 03 01 03 03 01 01 04 05 04 04 06 02 07 06 06 03 01 08 08 05 08 04 02 02 07 06 02 03 05 08 09 05 05 04 10 07 07 06 11 07 12 08 09 12 12 12 10 10 10 10 11 13 14 09 09 12 15 09 16 11 17 11 11 13 14 14 14 14 15 18 16 16 17 16 13 13 16 15 13 15 15 18 19 17 17 19 20 17 19 19 18 21 18 18 22 22 22 22 20 20 19 20 23 21 20 24 22 25 23 25 25 23 21 23 23 21 21 24 26 27 27 26 25 27 26 26 24 28 24 24 29 29 27 29 25 30 26 31 32 28 32 32 29 33 27 30 30 30 28 31 30 28 28 32 29 33 34 34 34 34 35 31 31 36 31 32 35 33 33 35 33 34 35 35 37 36 37 37 38 38 39 40 38 39 36 39 39 36 36 37 40 38 41 40 40 40 42 42 39 43 42 37 44 38 41 45 45 45 45 42 46 43 46 46 44 41 41 45 47 41 43 42 48 43 43 46 44 44 48 44 47 48 49 48 48 49 49 46 50 47 51 50 47 47 50 50 52 49 52 52 51 51 51 53 53 51 50 53 54 49 53 52 55 55 54 55 53 54 56 54 54 56 56 52 55 57 57 58 57 59 58 58 59 56 59 59 55 57 60 60 60 60 58 61 61 56 61 59 62 57 63 62 62 60 58 61 64 64 64 64 63 63 63 62 65 63 66 61 67 66 66 64 68 68 68 62 65 68 67 67 67 66 69 67 70 65 68 71 65 65 72 72 72 66 69 72 70 73 73 71 71 73 71 69 72 71 69 69 70 70 73 70 74 74 75 76 74 76 76 74 77 78 73 78 78 74 75 75 75 75 76 79 77 80 80 81 78 80 81 81 81 82 76 79 77 77 80 77 78 83 81 84 79 82 79 79 85 85 80 85 83 83 82 84 83 82 82 83 85 86 86 87 87 86 87 84 84 87 84 88 85 89 86 87 89 90 89 89 88 88 88 88 91 91 86 91 90 90 92 89 90 92 92 90 91 93 93 94 93 95 94 94 95 92 95 95 91 93 96 96 96 96 94 97 97 92 97 95 98 93 99 98 98 96 94 97 100 100 100 100 99 99 99 98 101 99 102 97 103 102 102 100 104 105 105 98 101 105 106 107 103 102 107 107 104 101 105 101 101 108 106 103 103 102 107 103 104 104 105 104 108 108 106 106 108 106 107 108 
3x5x6
01 01 01 02 02 01 02 03 04 03 03 04 05 04 04 06 07 01 02 07 07 05 08 08 05 03 08 05 05 04 06 09 09 02 07 09 10 10 08 10 03 11 10 11 11 06 06 09 06 07 12 10 13 08 14 13 15 13 13 11 16 17 09 14 17 12 14 17 17 14 14 15 18 13 11 16 16 16 16 12 12 18 17 12 18 15 15 18 18 15 
3x5x9
01 01 01 02 03 01 02 03 03 02 02 04 04 04 04 05 05 01 05 06 06 07 03 06 02 08 06 08 08 04 05 09 09 10 09 06 07 03 11 12 12 12 13 08 12 05 09 14 10 14 14 07 07 11 07 15 12 13 08 16 10 09 17 10 10 14 18 11 11 13 15 11 13 13 16 19 19 17 19 20 14 18 15 21 15 15 16 22 16 16 19 17 17 23 20 17 18 18 21 18 24 25 22 25 25 19 20 26 23 20 20 27 21 21 22 24 21 22 22 25 23 26 26 23 23 26 27 27 26 27 24 24 27 24 25 
3x7x15
01 02 02 01 02 03 01 01 04 05 05 05 05 06 06 07 06 08 08 08 08 09 02 03 03 03 03 01 04 04 05 10 04 11 06 04 07 07 07 07 12 08 09 02 13 13 13 13 14 15 15 16 10 15 11 06 15 17 17 17 18 12 17 09 09 19 09 20 13 14 10 15 16 10 10 11 11 21 11 12 17 18 12 12 19 19 19 14 20 19 14 14 22 16 16 23 16 21 21 18 24 21 18 18 21 25 25 25 20 20 25 26 20 22 26 23 23 26 26 23 27 24 23 27 27 27 28 28 25 28 29 22 28 22 22 30 30 30 26 24 30 24 24 31 27 31 31 28 32 32 29 29 32 33 29 32 34 29 30 35 36 37 35 37 37 35 35 31 38 38 32 38 39 39 33 36 39 34 36 39 36 36 40 41 41 37 35 41 31 38 42 42 33 42 39 33 33 40 34 34 40 34 40 40 43 41 37 43 43 43 38 42 44 45 45 44 45 44 44 45 46 46 47 47 46 47 41 48 43 48 48 49 42 50 45 50 50 51 52 44 52 52 46 47 53 53 54 55 53 55 55 48 49 49 49 49 56 50 51 51 51 51 52 46 47 57 53 54 54 54 54 55 48 58 58 58 58 56 50 59 59 60 59 52 61 59 57 53 62 62 62 62 55 63 58 56 60 56 56 60 59 60 60 61 61 61 57 57 61 62 57 63 63 63 63 
3x8x15
01 01 02 03 01 02 03 02 02 03 03 04 05 06 06 07 07 06 07 08 06 07 08 08 09 01 10 11 10 10 12 12 02 03 12 04 05 13 06 07 13 13 14 14 15 14 08 16 09 01 17 11 11 10 11 12 04 11 04 04 05 05 15 05 13 15 14 15 15 18 08 16 09 09 17 09 19 10 20 12 21 22 22 21 22 21 21 22 13 23 14 24 16 18 16 16 20 17 17 20 19 17 20 20 25 22 25 25 26 26 21 26 23 23 18 24 23 18 18 23 27 28 28 19 19 28 29 19 28 29 29 25 26 30 30 31 24 30 31 24 24 31 31 32 27 27 28 27 33 34 27 34 34 29 35 25 26 36 30 37 37 32 37 38 32 31 32 32 39 40 40 41 33 40 41 41 34 29 35 42 43 36 30 37 44 44 45 38 44 45 45 46 39 33 40 33 33 47 41 35 34 35 35 42 43 36 36 37 36 44 48 38 38 45 38 46 39 39 40 39 49 47 41 49 49 43 42 42 43 43 42 50 50 44 48 50 46 45 46 46 51 51 52 51 47 47 51 49 47 53 54 54 53 53 54 48 50 55 48 48 55 56 55 55 51 52 52 57 58 52 57 49 52 57 57 54 53 59 59 56 50 59 56 60 59 56 56 55 61 61 61 61 58 62 63 62 62 57 64 54 53 65 59 66 66 67 66 60 68 68 68 68 61 58 69 70 58 58 63 63 62 63 64 67 63 65 67 66 67 67 60 60 71 72 60 68 69 69 69 70 70 69 70 64 62 70 64 64 65 65 71 66 65 71 72 71 71 72 72 72 

4x4x10
01 02 02 02 01 01 01 02 03 04 04 04 03 03 03 04 05 05 06 02 01 05 07 08 09 05 07 04 03 10 07 07 11 05 06 08 12 08 08 08 09 09 09 13 09 10 07 14 11 06 06 13 12 12 06 13 12 10 13 13 12 10 10 14 11 11 15 15 11 16 15 17 18 16 15 14 16 16 14 14 19 19 15 17 19 17 17 17 18 18 18 20 18 16 20 20 19 21 21 22 23 23 21 22 23 24 22 22 23 24 24 20 19 25 21 26 23 26 26 26 27 27 27 22 27 24 28 20 25 25 21 29 30 25 28 26 27 25 28 31 32 24 28 28 30 29 29 29 30 30 30 29 32 31 31 31 32 32 32 31 
4x5x6
01 01 01 02 01 03 04 04 05 03 04 06 03 03 04 07 08 07 07 07 01 02 02 02 09 09 04 02 05 09 10 06 08 03 10 10 08 08 08 07 11 12 12 12 05 09 13 12 05 05 06 06 14 15 10 06 14 14 14 16 11 11 11 12 11 09 13 17 18 18 17 17 18 15 10 16 14 16 16 16 19 19 19 20 19 21 13 13 18 15 13 17 15 15 22 23 24 23 23 23 19 20 20 20 21 21 22 20 18 21 22 17 24 21 22 22 24 24 24 23 
5x5x6
01 02 02 02 03 04 02 05 05 06 04 04 05 07 06 08 09 10 06 06 09 09 10 10 11 01 02 03 03 03 12 12 05 13 03 04 12 14 07 07 08 08 08 07 06 08 09 10 07 11 01 01 15 15 15 01 12 05 13 15 04 16 14 14 14 16 16 14 17 11 18 09 10 11 11 19 19 20 21 15 19 12 22 13 13 22 22 22 13 23 18 16 24 17 25 18 18 18 25 25 19 26 20 21 27 28 26 27 27 27 26 26 22 17 23 29 16 24 17 17 29 29 29 30 25 19 20 20 21 21 28 28 20 21 27 28 26 24 23 23 28 24 24 30 23 29 30 30 30 25 


2x2x3x5
01 02 01 01 03 02 03 02 03 04 04 04 05 06 01 06 03 02 07 06 07 08 07 04 05 09 01 06 03 02 10 11 12 08 07 04 05 09 05 06 05 08 10 11 12 08 07 08 09 09 10 09 10 11 10 11 12 12 12 11 
2x2x4x5
01 01 02 02 03 01 04 02 03 01 04 02 03 03 04 04 05 01 06 02 05 07 07 07 05 05 05 07 03 08 04 07 06 09 06 09 10 08 06 09 10 08 06 09 10 08 10 08 11 12 13 09 14 14 13 14 13 14 13 13 10 14 15 16 11 12 11 12 11 12 15 16 11 12 15 16 15 16 15 16 
2x2x5x5
01 01 02 02 03 01 03 02 03 01 04 02 03 05 06 07 06 05 06 05 08 01 04 02 03 09 04 07 04 10 04 07 11 11 07 07 11 05 06 12 08 08 13 13 08 09 13 14 08 10 13 14 11 14 14 14 15 05 06 12 16 09 13 17 09 09 18 18 10 10 18 10 11 19 18 12 15 12 20 12 16 16 17 17 16 19 18 17 16 19 20 17 15 19 20 19 15 15 20 20 
2x3x3x5
01 02 01 03 04 04 01 02 05 05 04 05 06 02 07 02 04 08 01 09 07 03 04 08 09 09 07 05 10 08 06 02 07 07 08 08 01 03 03 03 11 11 06 09 12 05 10 11 06 06 13 13 13 14 15 16 15 16 17 11 15 09 12 16 10 10 15 18 13 16 10 14 15 18 17 16 17 11 12 18 12 12 17 14 18 18 13 14 17 14 
3x3x3x5
01 01 01 02 02 01 03 03 03 04 04 04 02 05 06 03 05 07 04 08 06 02 05 06 07 07 07 09 08 01 02 10 11 03 12 12 04 08 11 13 05 11 14 15 12 08 08 16 13 13 06 14 14 07 09 09 16 17 10 18 17 19 12 09 20 16 21 05 11 17 15 22 09 16 16 13 23 06 14 22 22 24 24 25 10 10 18 17 19 12 24 20 25 21 10 11 26 15 15 24 25 25 13 23 25 14 15 22 24 20 18 21 19 18 17 19 19 20 20 27 21 21 18 26 26 26 27 27 27 23 23 27 26 23 22 
2x2x2x2x10
01 02 03 04 01 01 03 04 05 02 05 04 05 02 03 06 07 07 07 04 01 08 03 08 05 02 09 09 10 08 09 06 07 11 12 04 01 08 03 06 05 02 09 06 10 13 14 06 07 11 12 15 10 08 16 16 10 15 09 15 10 13 14 16 11 11 12 12 17 11 14 16 18 13 12 15 13 13 14 14 19 19 20 19 17 21 20 16 18 21 20 15 22 21 22 22 17 19 20 23 17 24 17 25 18 18 26 25 18 21 22 25 27 19 20 23 28 24 29 30 28 31 26 32 28 21 22 25 27 23 23 23 24 24 29 30 26 31 26 32 28 24 26 25 27 27 27 32 29 30 29 30 31 31 32 32 28 31 29 30 

