Prime boxes of 31-Pentominoes  Toshihiro Shirakawa 2015.04.13

minimal 8
2x2x2x5

Possible
2x2x2x5
2x2x3x5
2x3x3x5
3x3x3x10

Prime
2x2x2x5
2x2x3x5
2x3x3x5

Possible?
3x3x3x5

Solutions
2x2x2x5
01 01 02 02 01 02 01 02 03 03 03 02 01 04 04 04 03 05 06 04 03 05 06 04 05 05 07 05 06 08 06 06 08 08 07 07 07 08 07 08 
2x2x3x5
01 02 01 02 01 03 04 02 04 03 04 03 01 01 02 02 05 06 05 05 03 03 04 04 07 08 07 08 07 06 05 08 06 06 05 06 07 07 08 08 09 10 11 10 09 12 09 12 11 10 11 11 10 10 11 12 09 09 12 12 
2x3x3x5
01 02 03 02 03 03 01 04 01 02 05 03 04 04 04 05 05 05 06 06 02 02 03 07 01 01 08 07 07 07 08 04 08 08 05 09 06 10 06 10 11 07 06 10 12 09 12 12 08 13 09 09 12 09 10 10 14 15 11 11 13 13 11 16 11 16 17 13 18 13 12 16 14 14 14 15 15 15 14 17 18 15 16 16 17 17 18 17 18 18 
3x3x3x10
01 02 03 01 04 03 04 04 05 01 02 06 07 02 03 04 08 09 10 10 06 10 08 06 08 08 09 01 01 11 12 03 03 04 05 05 10 02 02 07 13 05 07 13 05 10 06 06 07 07 09 08 09 09 14 15 11 12 11 11 12 13 16 17 18 11 12 12 19 20 13 13 17 18 18 17 18 19 20 20 19 14 15 15 14 15 16 21 21 16 14 14 22 23 15 22 21 16 16 17 17 18 20 19 19 20 24 24 25 25 22 21 26 27 21 26 26 28 22 22 23 23 29 23 24 26 28 29 29 28 24 29 23 24 30 25 27 27 25 31 27 32 31 26 25 33 33 32 32 27 32 31 30 28 28 33 34 30 29 34 30 30 35 36 36 35 37 36 38 31 31 35 36 33 32 37 33 34 37 39 40 40 41 40 39 39 34 34 39 35 35 36 42 38 43 38 38 43 40 41 44 37 37 44 38 45 43 40 41 41 46 45 41 45 45 39 47 47 44 42 48 49 42 43 43 46 44 44 42 42 50 51 52 52 46 46 53 46 54 50 45 50 50 47 49 49 47 48 49 48 48 52 47 53 49 51 54 52 51 48 52 54 53 53 54 54 53 51 51 50 
