Prime boxes of 30-Pentomino  Toshihiro Shirakawa 2015.04.13

minimal 24
2x2x2x3x5

Possible
2x2x2x3x5
2x2x2x4x5
2x2x2x5x5
2x2x3x3x5
2x3x3x3x5

2x2x2x2x2x5

Prime
2x2x2x3x5
2x2x2x4x5
2x2x2x5x5
2x2x3x3x5
2x3x3x3x5

2x2x2x2x2x5

Possible?
3x3x3x3x10

Impossible
XxYxZxN if X*Y*Z < 80
2xXxYxZ
3x3xYxZ

2x2x2x2xN

Solutions
2x2x2x3x5
01 02 02 02 01 01 01 02 03 04 03 03 01 05 03 06 04 04 03 06 07 04 06 06 08 08 09 02 08 05 09 09 08 05 10 11 07 05 09 05 07 04 10 10 07 07 10 06 08 12 13 14 12 12 09 12 13 11 13 11 15 12 13 11 15 16 10 11 15 15 15 17 18 19 14 14 19 19 20 14 21 16 13 14 21 19 21 17 16 16 22 17 21 16 17 17 18 18 20 23 18 19 20 20 18 23 23 23 21 24 20 23 22 24 22 22 24 24 22 24 
2x2x2x4x5
01 01 01 02 01 02 02 02 01 03 03 03 04 05 06 03 04 07 08 03 04 04 04 09 10 10 10 09 10 09 09 09 11 11 11 12 11 05 06 02 11 05 06 13 06 05 06 05 08 07 08 07 14 07 08 15 10 07 08 15 16 15 15 15 17 12 12 12 17 17 17 12 18 13 13 13 18 18 18 13 14 19 19 19 14 14 14 19 16 20 20 20 16 16 16 20 21 22 23 24 17 24 24 24 23 22 23 22 18 22 23 24 25 26 27 19 27 26 27 26 25 25 25 20 25 26 27 28 21 21 21 29 21 29 29 29 30 22 23 31 30 30 30 29 32 31 31 31 30 26 27 31 32 32 32 28 32 28 28 28 
2x2x2x5x5
01 02 03 04 03 04 03 04 01 02 01 02 01 02 03 04 05 06 06 06 05 05 05 06 07 08 09 10 09 10 09 10 07 08 07 08 07 08 09 10 11 11 11 12 11 13 03 04 01 02 12 12 14 15 16 12 17 17 16 06 05 17 16 16 18 17 19 20 18 18 09 10 07 08 21 22 18 22 22 22 11 13 23 23 13 13 23 13 14 15 23 12 14 15 14 15 24 17 19 20 14 15 16 25 19 20 19 20 18 26 19 20 21 26 21 21 26 26 21 22 27 28 23 29 30 29 29 29 28 28 31 32 31 28 31 25 24 33 24 25 24 25 31 25 24 33 34 33 35 33 34 34 36 36 36 37 36 26 34 38 27 27 27 32 30 30 30 29 27 28 32 32 30 39 31 32 40 39 40 40 39 39 40 39 35 33 40 37 35 35 34 38 36 37 37 37 35 38 38 38 
2x2x3x3x5
01 02 01 03 01 04 05 05 04 04 06 05 01 02 07 02 08 02 09 05 09 04 09 10 08 11 07 07 08 08 07 10 12 10 09 10 01 03 03 03 13 14 06 05 06 04 06 06 13 02 15 03 13 16 13 16 12 17 09 16 11 11 07 11 08 11 18 16 12 12 12 10 19 14 15 20 14 14 21 14 21 22 21 21 15 23 15 15 13 24 25 16 17 17 21 17 23 23 26 23 18 23 18 18 27 17 18 28 19 20 19 20 19 29 25 20 22 22 30 22 19 24 26 20 25 24 25 24 27 22 25 28 26 31 26 26 27 24 32 28 27 28 27 28 33 33 33 34 33 29 30 29 30 29 30 30 33 34 34 34 35 29 32 34 35 35 35 36 31 31 32 31 32 31 32 36 35 36 36 36 
2x3x3x3x5
01 02 01 02 03 03 01 02 04 05 03 05 06 07 06 06 08 05 01 02 04 09 03 10 11 12 04 12 04 05 13 14 06 12 15 16 11 17 09 09 18 09 11 14 11 12 15 16 14 14 15 16 15 16 01 02 19 19 03 10 20 20 19 20 08 05 07 07 06 07 08 08 21 17 19 10 18 10 13 20 04 12 22 10 13 07 13 23 08 24 17 17 18 09 18 18 11 17 22 23 22 22 13 14 23 23 15 16 25 26 19 26 27 28 29 20 30 26 30 30 29 29 29 31 30 24 21 32 21 26 27 27 21 33 34 35 27 24 33 33 36 24 37 24 21 38 39 40 40 40 38 38 36 38 22 40 41 33 36 23 36 42 25 25 25 26 28 28 43 44 34 31 30 28 29 45 31 31 37 31 25 32 34 32 27 28 34 32 34 35 37 35 41 33 37 35 37 42 39 32 39 39 46 40 41 38 39 35 47 48 41 41 36 42 42 42 43 44 49 50 50 50 43 44 43 44 51 50 45 45 51 45 51 51 49 52 49 49 46 50 43 44 49 53 47 48 54 45 53 53 51 53 52 52 46 52 46 46 54 52 47 48 47 48 54 54 54 53 47 48 

2x2x2x2x2x5
01 02 03 03 04 02 03 05 06 02 03 05 07 08 09 05 01 02 03 10 01 08 09 11 01 08 09 12 08 08 09 05 13 02 14 10 04 04 04 11 06 06 06 12 07 07 07 05 01 10 10 10 04 11 11 11 06 12 12 12 07 15 09 16 13 17 14 18 13 17 14 18 13 17 14 18 19 15 20 16 13 17 14 18 19 15 20 16 19 15 20 16 19 15 20 16 21 17 22 18 21 23 24 24 21 25 26 27 23 23 24 28 21 25 22 22 29 30 24 28 25 25 22 28 19 23 20 28 21 31 31 31 29 30 24 31 26 27 26 27 32 23 26 27 29 30 22 31 29 30 29 30 32 25 26 27 32 32 32 28 
