Prime boxes of 22-Pentomino  Toshihiro Shirakawa 2015.03.29

Complete

minimal 4
2x2x5

Prime
2x2x5
2x3x5
3x7x25
3x9x15
5x5x9
5x7x7
3x3x3x5

Solutions
2x2x5
01 01 01 01 02 02 02 01 02 03 02 03 04 03 03 03 04 04 04 04 
2x3x5
01 01 01 01 02 02 03 03 01 02 02 02 03 03 04 03 04 04 05 05 05 06 04 04 05 05 06 06 06 06 
3x7x25
01 01 02 03 02 02 03 04 04 05 05 04 05 05 06 07 08 08 07 08 08 01 01 02 03 01 02 03 03 04 09 09 04 05 06 06 07 06 06 07 07 08 10 11 11 10 12 11 12 12 13 09 09 13 09 14 14 15 15 16 15 15 16 10 10 11 10 12 11 17 12 13 18 13 13 18 14 14 15 14 16 19 16 16 20 21 21 17 17 21 17 17 22 18 18 22 18 23 23 19 19 23 19 19 24 20 20 21 20 20 21 25 25 22 26 22 22 26 23 23 27 24 24 27 24 24 28 29 29 25 29 29 25 25 30 26 26 30 26 31 31 27 27 32 27 32 32 28 28 33 28 28 29 34 34 30 34 30 30 35 31 31 36 31 32 36 36 32 37 33 33 37 33 33 34 38 38 34 39 39 35 35 39 35 35 40 36 36 40 37 41 41 37 37 41 42 38 38 43 38 39 43 43 39 44 40 40 44 44 40 45 41 41 45 46 46 42 42 46 42 42 47 43 43 47 48 48 49 44 44 49 45 50 50 45 45 46 51 51 46 51 51 47 48 47 47 48 48 49 52 49 49 53 50 50 53 50 54 51 54 54 55 55 56 55 55 56 52 52 57 52 52 57 53 58 58 53 53 54 59 59 54 59 59 56 55 56 56 60 60 57 60 57 57 61 58 58 61 58 62 59 62 62 63 63 64 63 63 64 60 65 65 60 65 65 61 66 66 61 61 66 67 62 62 67 67 64 63 64 64 68 65 69 68 69 69 70 66 66 70 70 71 67 71 71 67 72 72 73 73 72 68 73 69 68 68 69 74 75 75 70 70 75 76 71 71 76 76 72 73 73 72 77 77 78 77 77 78 74 74 75 74 74 75 76 79 79 76 79 80 81 81 80 81 81 78 77 78 78 82 83 83 82 82 83 84 79 79 84 84 80 81 80 80 85 86 86 85 85 86 82 83 83 82 87 87 84 87 87 84 88 88 89 89 88 89 89 86 85 85 86 90 91 91 90 90 91 92 93 87 92 92 88 89 94 88 95 95 96 95 95 96 90 91 91 90 93 93 92 93 93 92 97 97 94 94 97 94 94 96 95 96 96 98 99 99 100 100 99 100 100 101 102 97 97 102 102 103 104 104 105 104 105 105 98 98 99 98 98 99 100 101 101 102 101 101 102 103 103 104 103 103 104 105 105 
3x9x15
01 01 02 01 01 02 03 03 04 03 03 04 05 05 06 05 05 06 07 08 08 09 08 08 09 09 10 01 11 02 12 02 02 12 12 04 03 04 04 05 06 06 07 07 06 07 07 08 09 10 10 09 10 10 13 11 11 13 11 11 12 12 14 15 14 14 15 16 16 17 17 16 17 17 18 19 19 20 19 20 20 13 13 21 13 21 21 22 22 14 15 23 14 15 15 16 24 24 16 17 18 18 19 18 18 19 20 20 25 25 21 25 25 21 22 22 26 22 23 23 27 23 23 24 24 28 24 28 28 29 30 30 29 30 30 25 31 31 32 26 26 32 26 26 33 34 34 27 27 34 27 27 28 35 35 28 29 30 36 29 29 36 37 31 31 32 31 38 32 32 38 33 33 34 33 33 34 35 39 39 35 35 39 40 40 36 40 36 36 37 37 41 37 37 38 42 38 38 43 44 44 43 43 44 45 39 39 45 46 46 40 40 47 48 47 47 49 41 41 49 41 41 42 42 50 42 42 44 43 43 44 45 45 46 45 46 46 48 48 47 48 48 47 49 49 51 49 50 50 52 50 50 52 52 53 54 54 55 54 54 55 56 57 57 58 58 57 58 59 59 60 51 51 60 51 51 52 53 53 52 53 53 54 55 55 56 56 55 56 56 57 58 59 57 58 59 59 60 61 61 60 60 61 62 62 63 62 63 63 64 64 65 64 64 65 66 67 67 68 67 67 68 68 69 70 70 61 70 70 61 62 71 71 62 63 63 64 65 65 66 66 65 66 66 67 68 69 69 68 69 69 70 72 72 73 71 72 74 71 71 74 74 75 76 76 77 76 76 77 78 79 79 80 80 79 80 81 81 73 73 72 73 73 72 74 75 75 74 75 75 76 77 77 78 78 77 78 78 79 80 81 79 80 81 81 
5x5x9
01 01 02 03 03 01 01 02 03 03 04 04 05 06 06 04 07 05 08 08 07 07 09 09 08 10 01 02 02 11 10 10 02 03 06 04 12 05 06 06 04 05 05 09 08 07 07 09 09 08 10 13 13 11 11 10 13 14 11 11 12 12 14 15 15 12 12 16 15 15 17 16 16 18 18 19 13 20 21 21 19 13 14 14 21 22 22 14 15 23 17 17 16 18 23 17 17 16 18 18 19 19 20 20 21 19 22 20 20 21 22 22 24 24 23 25 25 26 23 23 25 25 26 26 27 28 29 29 30 30 28 28 29 24 30 31 31 24 24 32 31 31 26 27 27 25 33 26 27 27 28 29 29 30 30 28 34 34 32 32 31 34 34 32 32 35 33 33 36 36 35 33 33 36 36 37 37 38 39 39 37 37 34 40 40 41 41 42 42 40 35 35 43 36 44 35 45 43 43 44 37 38 38 39 39 41 38 38 39 40 41 41 42 42 40 45 45 42 44 44 45 45 43 43 44 
5x7x7
01 01 02 02 03 04 04 02 03 03 04 04 05 05 06 07 08 05 05 06 07 08 08 09 09 10 10 11 09 09 10 11 11 12 12 01 01 02 02 03 01 13 13 14 03 04 15 15 06 06 07 07 05 16 06 07 08 08 16 09 10 17 18 18 12 10 11 11 12 12 19 19 13 20 20 19 13 13 14 14 21 15 15 14 14 21 21 15 16 22 17 17 16 16 22 17 17 18 18 23 24 24 18 23 23 19 25 25 20 20 19 26 25 27 20 21 28 28 29 29 21 30 30 29 22 31 31 30 22 22 24 32 33 34 23 24 24 33 33 23 26 26 25 27 27 26 26 25 27 27 35 28 28 29 29 31 28 30 36 36 31 31 30 36 36 32 32 33 34 34 32 32 33 34 34 37 37 38 38 39 35 35 40 38 39 35 35 40 41 41 42 43 44 44 36 43 43 45 46 46 47 48 45 46 46 47 48 48 49 49 37 37 38 38 39 37 40 40 39 39 42 42 40 41 41 42 42 44 44 41 43 43 45 44 46 47 47 45 45 49 47 48 48 49 49 
3x3x3x5
01 01 02 03 04 02 03 04 04 01 01 02 03 05 02 03 06 06 07 07 08 09 07 08 09 06 06 01 10 02 05 05 11 03 04 04 12 10 08 05 05 11 09 13 13 12 07 08 09 07 08 09 06 13 10 10 11 14 15 11 14 15 15 12 10 16 17 15 11 17 15 13 12 12 16 17 18 18 17 17 13 19 19 20 14 21 20 14 21 22 19 19 16 14 21 16 23 22 22 24 18 16 23 18 18 23 25 25 19 20 20 26 21 20 26 26 22 24 24 27 26 21 27 26 25 22 24 24 27 23 27 27 23 25 25 
