Prime boxes of 51-Pentominoes  Toshihiro Shirakawa 2015.04.29

2D Complete
3D Complete

minimal 96
16x30
20x24

minimal 18
3x3x10
3x5x6

Possible
16x30
18x[40,50]
20x[24,30,36,42]
22x[90,120,150]
24x30
26x30
28x30
30x[34,38]


3x3x[10,15]
3x4x[10,15]
3x5x[6,14-17,19]

4x4x15
4x5x[6,9]

5x5x[6,9]
5x7x9


3x3x3x5
3x3x4x5
3x3x5x5
3x4x4x5


Prime
16x30
18x[40,50]
20x[24,30,36,42]
22x[90,120,150]
24x30
26x30
28x30
30x[34,38]

3x3x[10,15]
3x4x[10,15]
3x5x[6,14-17,19]
4x4x15
4x5x[6,9]
5x5x[6,9]
5x7x9

3x3x3x5
3x3x4x5
3x3x5x5
3x4x4x5

Impossible
[-14]xN
18x[20,30,60,70]
22x[30,60]
30x30

3x3x5
3x4x5
3x5x[5,7-13]


Solutions
16x30
01 01 02 02 03 03 04 04 05 05 06 06 07 07 08 08 01 01 02 02 03 03 04 04 05 05 06 06 07 07 08 08 09 09 01 03 02 10 10 05 04 11 11 07 06 08 12 12 09 09 13 14 14 10 10 15 16 11 11 17 17 18 12 12 13 13 09 14 14 15 15 10 11 16 16 17 17 12 18 18 13 13 14 19 20 15 15 21 22 16 16 23 24 17 18 18 25 25 20 20 19 19 22 22 21 21 24 24 23 23 26 26 25 25 20 20 19 19 22 22 21 21 24 24 23 23 26 26 27 27 25 28 28 29 29 30 30 31 31 32 32 26 33 33 27 27 34 28 28 29 29 30 30 31 31 32 32 35 33 33 34 34 27 36 36 28 37 29 31 30 32 35 35 33 38 38 34 34 39 36 36 40 40 37 37 41 41 35 35 42 38 38 39 39 36 43 43 40 40 37 37 41 41 42 42 38 44 44 39 39 45 43 43 46 46 40 41 47 47 42 42 48 44 44 45 45 43 49 49 46 46 50 51 47 47 48 48 44 52 52 45 45 53 49 49 50 50 46 47 51 51 48 48 54 52 52 53 53 49 55 55 50 50 56 57 51 51 54 54 52 58 58 53 53 59 55 55 56 56 60 60 57 57 54 54 61 58 58 59 59 55 62 62 56 56 60 60 57 57 61 61 58 63 63 59 59 64 62 62 65 66 67 68 60 69 61 61 70 63 63 64 64 62 65 65 67 67 66 66 68 68 69 69 63 70 70 64 64 71 65 65 67 67 66 66 68 68 69 69 72 70 70 71 71 73 73 74 74 75 75 76 76 77 77 78 78 72 72 71 71 73 73 74 74 75 75 76 76 77 77 78 78 72 72 79 79 80 74 73 81 81 76 75 82 82 78 77 83 84 84 79 79 85 80 80 81 81 86 87 82 82 83 83 88 84 84 85 85 79 80 80 86 86 81 82 87 87 83 83 84 88 88 85 85 89 90 91 86 86 92 93 87 87 94 95 96 88 88 89 89 91 91 90 90 93 93 92 92 95 95 94 94 96 96 89 89 91 91 90 90 93 93 92 92 95 95 94 94 96 96 

18x40
01 01 02 02 03 03 04 04 05 05 06 06 07 07 08 08 09 09 01 01 02 02 03 03 04 04 05 05 06 06 07 07 08 08 09 09 10 10 01 03 02 11 12 12 04 06 05 13 13 08 07 09 14 14 10 10 15 11 11 16 12 12 17 17 18 13 13 19 19 20 14 14 15 15 10 11 11 12 16 16 17 17 13 18 18 19 19 14 20 20 15 15 21 21 22 22 16 16 23 23 17 18 18 24 24 19 20 20 25 25 21 21 22 22 26 26 23 23 27 28 28 24 24 29 30 30 25 25 31 22 21 32 26 26 27 27 23 28 28 29 29 24 30 30 31 31 25 33 34 26 32 32 27 27 28 35 35 29 29 30 36 36 31 31 34 34 33 33 32 32 37 37 38 35 35 39 39 40 36 36 41 41 34 34 33 33 42 42 37 37 35 38 38 39 39 36 40 40 41 41 43 44 44 45 42 42 46 46 37 38 38 47 47 39 40 40 43 43 41 44 44 42 45 45 46 46 48 49 49 47 47 50 51 51 43 43 52 53 53 44 45 45 48 48 46 49 49 50 50 47 51 51 52 52 54 53 53 55 55 56 48 48 49 57 57 50 50 51 58 58 52 52 53 54 54 55 55 59 56 56 60 57 57 61 61 62 58 58 63 63 64 54 54 59 59 55 56 56 57 60 60 61 61 58 62 62 63 63 65 64 64 59 59 66 66 67 67 60 60 68 68 61 62 62 65 65 63 64 64 69 69 66 66 67 67 70 70 68 68 71 72 72 65 65 73 74 74 69 69 75 67 66 76 70 70 71 71 68 72 72 73 73 77 74 74 75 75 69 78 79 70 76 76 71 71 72 80 80 73 73 74 77 77 75 75 79 79 78 78 76 76 81 81 82 80 80 83 83 84 77 77 85 85 79 79 78 78 86 86 81 81 80 82 82 83 83 87 84 84 85 85 88 89 89 90 86 86 91 91 81 82 82 87 87 83 84 84 88 88 85 89 89 86 90 90 91 91 92 93 93 87 87 94 95 95 88 88 96 97 97 89 90 90 92 92 91 93 93 94 94 98 95 95 96 96 99 97 97 100 100 101 92 92 93 102 102 94 94 95 98 98 96 96 97 99 99 100 100 103 101 101 104 102 102 105 105 106 98 98 107 107 108 99 99 103 103 100 101 101 102 104 104 105 105 109 106 106 107 107 110 108 108 103 103 111 111 112 112 104 104 109 109 105 106 106 110 110 107 108 108 113 113 111 111 112 112 114 114 109 109 115 116 116 110 110 117 118 118 113 113 119 112 111 120 114 114 115 115 121 116 116 117 117 122 118 118 119 119 113 123 124 114 120 120 115 115 116 121 121 117 117 118 122 122 119 119 124 124 123 123 120 120 125 125 126 121 121 127 127 128 122 122 129 129 124 124 123 123 130 130 125 125 131 126 126 127 127 132 128 128 129 129 133 134 134 135 130 130 131 131 125 126 126 132 132 127 128 128 133 133 129 134 134 130 135 135 131 131 136 137 138 132 132 139 140 141 133 133 134 142 143 144 135 135 136 136 138 138 137 137 140 140 139 139 141 141 143 143 142 142 144 144 136 136 138 138 137 137 140 140 139 139 141 141 143 143 142 142 144 144 
18x50
01 01 02 02 03 03 04 04 05 05 06 06 07 07 08 08 09 09 01 01 02 02 03 03 04 04 05 05 06 06 07 07 08 08 09 09 10 10 01 03 02 11 11 12 04 06 05 13 13 08 07 09 14 14 10 10 15 16 16 11 11 17 12 12 18 13 13 19 19 20 14 14 15 15 10 16 16 17 17 11 12 12 13 18 18 19 19 14 20 20 15 15 16 21 21 17 17 22 22 23 23 18 18 24 24 19 20 20 25 25 26 21 21 27 27 22 22 23 23 28 28 24 24 29 30 30 25 25 21 26 26 27 27 31 23 22 32 28 28 29 29 24 30 30 33 33 25 26 26 31 31 27 34 35 28 32 32 29 29 30 36 36 33 33 37 38 38 31 31 35 35 34 34 32 32 39 39 40 36 36 37 37 33 38 38 41 41 35 35 34 34 42 42 39 39 36 40 40 37 37 38 43 43 41 41 44 45 45 46 42 42 47 47 39 40 40 48 48 49 43 43 44 44 41 45 45 42 46 46 47 47 50 51 51 48 48 43 49 49 44 44 52 53 53 45 46 46 50 50 47 51 51 54 54 48 49 49 52 52 55 53 53 56 56 57 50 50 51 58 58 54 54 59 60 60 52 52 53 55 55 56 56 61 57 57 62 58 58 59 59 54 60 60 63 63 64 55 55 61 61 56 57 57 58 62 62 59 59 60 65 65 63 63 66 64 64 61 61 67 67 68 68 62 62 69 69 70 65 65 66 66 63 64 64 71 71 67 67 68 68 72 72 69 69 65 70 70 66 66 73 74 74 71 71 75 68 67 76 72 72 77 77 69 70 70 73 73 78 74 74 75 75 71 79 80 72 76 76 77 77 81 82 82 73 73 74 78 78 75 75 80 80 79 79 76 76 81 81 77 82 82 83 84 85 78 78 86 87 80 80 79 79 88 88 81 81 82 83 83 85 85 84 84 87 87 86 86 89 89 90 88 88 91 91 92 83 83 85 85 84 84 87 87 86 86 89 89 88 90 90 91 91 93 92 92 94 94 95 95 96 96 97 97 98 98 89 90 90 93 93 91 92 92 94 94 95 95 96 96 97 97 98 98 99 100 100 93 93 101 101 102 102 95 94 103 103 97 96 98 99 99 104 100 100 105 105 101 101 102 102 106 106 103 103 107 108 108 99 99 100 104 104 105 105 109 102 101 110 106 106 107 107 103 108 108 111 111 112 104 104 109 109 105 113 114 106 110 110 107 107 108 115 115 111 111 116 112 112 109 109 114 114 113 113 110 110 117 117 118 115 115 116 116 111 112 112 119 119 114 114 113 113 120 120 117 117 115 118 118 116 116 121 122 122 119 119 123 124 124 125 120 120 126 126 117 118 118 121 121 127 122 122 123 123 119 124 124 120 125 125 126 126 128 129 129 121 121 122 127 127 123 123 130 131 131 124 125 125 128 128 126 129 129 132 132 133 127 127 130 130 134 131 131 135 135 136 128 128 129 137 137 132 132 138 133 133 130 130 131 134 134 135 135 139 136 136 140 137 137 138 138 132 133 133 141 141 142 134 134 139 139 135 136 136 137 140 140 138 138 143 144 144 141 141 145 142 142 139 139 146 146 147 147 140 140 143 143 148 144 144 145 145 141 142 142 149 149 146 146 147 147 150 150 143 143 144 148 148 145 145 151 152 152 149 149 153 147 146 154 150 150 155 155 156 148 148 151 151 157 152 152 153 153 149 158 159 150 154 154 155 155 160 156 156 151 151 152 157 157 153 153 159 159 158 158 154 154 160 160 155 156 156 161 161 162 157 157 163 163 159 159 158 158 164 164 160 160 165 166 166 161 161 167 162 162 163 163 168 169 169 170 164 164 165 165 171 166 166 167 167 161 162 162 168 168 163 169 169 164 170 170 165 165 166 171 171 167 167 172 173 174 168 168 175 176 177 169 170 170 178 179 180 171 171 172 172 174 174 173 173 176 176 175 175 177 177 179 179 178 178 180 180 172 172 174 174 173 173 176 176 175 175 177 177 179 179 178 178 180 180 

20x24
01 01 02 02 03 03 04 04 05 05 06 06 07 07 08 08 09 09 10 10 01 01 02 02 03 03 04 04 05 05 06 06 07 07 08 08 09 09 10 10 11 11 01 03 02 12 13 13 04 06 05 07 14 14 15 09 08 10 16 16 11 11 17 12 12 18 13 13 19 19 20 20 14 14 21 15 15 22 16 16 17 17 11 12 12 13 18 18 19 19 20 20 21 21 14 15 15 16 22 22 17 17 23 23 24 24 18 18 25 20 19 26 21 21 27 27 28 28 22 22 29 29 23 23 24 24 25 25 30 30 31 31 26 26 27 27 28 28 32 32 29 29 33 24 23 34 25 25 30 30 31 31 26 26 35 28 27 36 32 32 33 33 29 34 34 37 37 30 38 38 39 39 31 40 40 35 35 32 36 36 33 33 41 34 34 37 37 42 38 38 39 39 43 40 40 35 35 44 36 36 41 41 45 45 37 42 42 46 46 39 38 47 47 43 43 40 48 48 44 44 41 41 45 45 49 42 42 46 46 50 51 47 47 43 43 52 48 48 44 44 53 53 49 49 45 54 54 50 50 46 47 51 51 55 55 48 52 52 56 56 53 53 49 49 57 54 54 50 50 58 59 51 51 55 55 60 52 52 56 56 61 61 53 62 62 57 57 54 59 59 58 58 55 60 60 63 63 56 64 64 61 61 65 62 62 57 57 66 59 59 58 58 67 60 60 63 63 68 64 64 65 65 61 69 70 62 71 71 66 66 67 67 72 72 63 73 74 64 68 68 65 65 70 70 69 69 71 71 66 66 67 67 72 72 74 74 73 73 68 68 75 75 70 70 69 69 76 76 71 77 78 72 79 79 74 74 73 73 80 80 75 75 81 82 82 83 76 76 78 78 77 77 79 79 84 85 85 86 80 80 81 81 75 82 82 76 83 83 78 78 77 77 84 84 79 85 85 80 86 86 81 81 87 88 89 82 83 83 90 91 92 93 84 84 85 94 95 96 86 86 87 87 89 89 88 88 90 90 92 92 91 91 93 93 95 95 94 94 96 96 87 87 89 89 88 88 90 90 92 92 91 91 93 93 95 95 94 94 96 96 
20x30
01 01 02 02 03 03 04 04 05 05 06 06 07 07 08 08 09 09 10 10 01 01 02 02 03 03 04 04 05 05 06 06 07 07 08 08 09 09 10 10 11 11 01 03 02 12 13 13 04 06 05 07 14 14 15 09 08 10 16 16 11 11 17 12 12 18 13 13 19 19 20 20 14 14 21 15 15 22 16 16 17 17 11 12 12 13 18 18 19 19 20 20 21 21 14 15 15 16 22 22 17 17 23 23 24 24 18 18 25 20 19 26 21 21 27 27 28 28 22 22 29 29 23 23 24 24 25 25 30 30 31 31 26 26 27 27 28 28 32 32 29 29 33 24 23 34 25 25 30 30 31 31 26 26 35 28 27 36 32 32 33 33 29 34 34 37 37 38 38 31 30 39 39 40 40 35 35 32 36 36 33 33 41 34 34 37 37 38 38 42 43 39 39 40 40 35 35 44 36 36 41 41 45 45 37 46 46 42 42 38 39 43 43 47 47 40 48 48 44 44 41 41 45 45 49 46 46 42 42 50 51 43 43 47 47 52 48 48 44 44 53 53 49 49 45 54 54 46 51 51 50 50 47 55 55 48 52 52 56 56 53 53 49 49 57 54 54 58 51 51 50 50 59 55 55 60 52 52 56 56 61 61 53 62 62 57 57 54 58 58 59 59 55 60 60 63 63 56 64 64 61 61 65 62 62 57 57 66 58 58 59 59 67 60 60 63 63 68 64 64 65 65 61 69 70 62 71 71 66 66 67 67 72 72 63 73 74 64 68 68 65 65 70 70 69 69 71 71 66 66 67 67 72 72 74 74 73 73 68 68 75 75 70 70 69 69 76 76 71 77 78 72 79 79 74 74 73 73 80 80 75 75 81 82 82 83 76 76 78 78 77 77 79 79 84 85 85 86 80 80 81 81 75 82 82 76 83 83 78 78 77 77 84 84 79 85 85 80 86 86 81 81 87 88 88 82 83 83 89 89 90 90 84 84 85 91 91 92 86 86 87 87 93 88 88 94 94 95 89 89 90 90 96 97 97 91 91 98 92 92 87 87 88 93 93 94 94 89 95 95 96 96 90 97 97 98 98 91 92 92 99 99 100 93 93 101 101 94 95 95 96 96 97 102 102 98 98 103 104 104 99 99 105 100 100 101 101 106 107 107 108 108 109 102 102 103 103 110 104 104 105 105 99 100 100 106 106 101 107 107 108 108 102 109 109 103 103 104 110 110 105 105 111 112 113 106 106 114 115 116 107 117 108 109 109 118 119 120 110 110 111 111 113 113 112 112 115 115 114 114 116 116 117 117 119 119 118 118 120 120 111 111 113 113 112 112 115 115 114 114 116 116 117 117 119 119 118 118 120 120 
20x36
01 01 02 02 03 03 04 04 05 05 06 06 07 07 08 08 09 09 10 10 01 01 02 02 03 03 04 04 05 05 06 06 07 07 08 08 09 09 10 10 11 11 01 03 02 12 12 13 04 14 05 07 06 15 15 09 08 10 16 16 11 11 17 18 18 12 12 19 13 13 14 14 20 15 15 21 21 22 16 16 17 17 11 18 18 19 19 12 13 13 14 14 15 20 20 21 21 16 22 22 17 17 18 23 23 19 19 24 25 25 26 26 27 20 20 28 28 21 22 22 29 29 30 23 23 24 24 31 25 25 26 26 32 27 27 28 28 33 34 34 29 29 23 30 30 24 24 25 31 31 32 32 26 27 27 33 33 28 34 34 35 35 29 30 30 36 37 37 31 31 32 32 38 38 39 33 33 34 40 40 35 35 41 36 36 42 37 37 43 43 44 44 38 38 45 39 39 46 40 40 41 41 35 36 36 37 42 42 43 43 44 44 45 45 38 39 39 40 46 46 41 41 47 47 48 48 42 42 49 44 43 50 45 45 51 51 52 52 46 46 53 53 47 47 48 48 49 49 54 54 55 55 50 50 51 51 52 52 56 56 53 53 57 48 47 58 49 49 54 54 55 55 50 50 59 52 51 60 56 56 57 57 53 58 58 61 61 54 62 62 63 63 55 64 64 59 59 56 60 60 57 57 65 58 58 61 61 66 62 62 63 63 67 64 64 59 59 68 60 60 65 65 69 69 61 66 66 70 70 63 62 71 71 67 67 64 72 72 68 68 65 65 69 69 73 66 66 70 70 74 75 71 71 67 67 76 72 72 68 68 77 77 73 73 69 78 78 74 74 70 71 75 75 79 79 72 76 76 80 80 77 77 73 73 81 78 78 74 74 82 83 75 75 79 79 84 76 76 80 80 85 85 77 86 86 81 81 78 83 83 82 82 79 84 84 87 87 80 88 88 85 85 89 86 86 81 81 90 83 83 82 82 91 84 84 87 87 92 88 88 89 89 85 93 94 86 95 95 90 90 91 91 96 96 87 97 98 88 92 92 89 89 94 94 93 93 95 95 90 90 91 91 96 96 98 98 97 97 92 92 99 99 94 94 93 93 100 100 95 101 102 96 103 103 98 98 97 97 104 104 99 99 105 106 106 107 100 100 102 102 101 101 103 103 108 109 109 110 104 104 105 105 99 106 106 100 107 107 102 102 101 101 108 108 103 109 109 104 110 110 105 105 111 112 112 106 107 107 113 113 114 114 108 108 109 115 115 116 110 110 111 111 117 112 112 118 118 119 113 113 114 114 120 121 121 115 115 122 116 116 111 111 112 117 117 118 118 113 119 119 120 120 114 121 121 122 122 115 116 116 123 123 124 117 117 125 125 118 119 119 120 120 121 126 126 122 122 127 128 128 123 123 129 124 124 125 125 130 131 131 132 132 133 126 126 127 127 134 128 128 129 129 123 124 124 130 130 125 131 131 132 132 126 133 133 127 127 128 134 134 129 129 135 136 137 130 130 138 139 140 131 141 132 133 133 142 143 144 134 134 135 135 137 137 136 136 139 139 138 138 140 140 141 141 143 143 142 142 144 144 135 135 137 137 136 136 139 139 138 138 140 140 141 141 143 143 142 142 144 144 
20x42
01 01 02 02 03 03 04 04 05 05 06 06 07 07 08 08 09 09 10 10 01 01 02 02 03 03 04 04 05 05 06 06 07 07 08 08 09 09 10 10 11 11 01 03 02 12 12 13 04 14 05 07 06 15 15 09 08 10 16 16 11 11 17 18 18 12 12 19 13 13 14 14 20 15 15 21 21 22 16 16 17 17 11 18 18 19 19 12 13 13 14 14 15 20 20 21 21 16 22 22 17 17 18 23 23 19 19 24 25 25 26 26 27 20 20 28 28 21 22 22 29 29 30 23 23 24 24 31 25 25 26 26 32 27 27 28 28 33 34 34 29 29 23 30 30 24 24 25 31 31 32 32 26 27 27 33 33 28 34 34 35 35 29 30 30 36 37 37 31 31 32 32 38 38 39 33 33 34 40 40 35 35 41 36 36 42 37 37 43 43 44 44 38 38 45 39 39 46 40 40 41 41 35 36 36 37 42 42 43 43 44 44 45 45 38 39 39 40 46 46 41 41 47 47 48 48 42 42 49 44 43 50 45 45 51 51 52 52 46 46 53 53 47 47 48 48 49 49 54 54 55 55 50 50 51 51 52 52 56 56 53 53 57 48 47 58 49 49 54 54 55 55 50 50 59 52 51 60 56 56 57 57 53 58 58 61 61 62 62 55 54 63 63 64 64 59 59 56 60 60 57 57 65 58 58 61 61 62 62 66 67 63 63 64 64 59 59 68 60 60 65 65 69 69 61 70 70 66 66 62 63 67 67 71 71 64 72 72 68 68 65 65 69 69 73 70 70 66 66 74 75 67 67 71 71 76 72 72 68 68 77 77 73 73 69 78 78 70 75 75 74 74 71 79 79 72 76 76 80 80 77 77 73 73 81 78 78 82 75 75 74 74 83 79 79 84 76 76 80 80 85 85 77 86 86 81 81 78 82 82 83 83 79 84 84 87 87 80 88 88 85 85 89 86 86 81 81 90 82 82 83 83 91 84 84 87 87 92 88 88 89 89 85 93 94 86 95 95 90 90 91 91 96 96 87 97 98 88 92 92 89 89 94 94 93 93 95 95 90 90 91 91 96 96 98 98 97 97 92 92 99 99 94 94 93 93 100 100 95 101 102 96 103 103 98 98 97 97 104 104 99 99 105 106 106 107 100 100 102 102 101 101 103 103 108 109 109 110 104 104 105 105 99 106 106 100 107 107 102 102 101 101 108 108 103 109 109 104 110 110 105 105 111 112 112 106 107 107 113 113 114 114 108 108 109 115 115 116 110 110 111 111 117 112 112 118 118 119 113 113 114 114 120 121 121 115 115 122 116 116 111 111 112 117 117 118 118 113 119 119 120 120 114 121 121 122 122 115 116 116 123 123 124 117 117 125 125 118 119 119 120 120 121 126 126 122 122 127 128 128 123 123 129 124 124 125 125 130 131 131 132 132 133 126 126 127 127 134 128 128 129 129 123 124 124 130 130 125 131 131 132 132 126 133 133 127 127 128 134 134 129 129 135 136 136 130 130 131 137 137 138 138 132 133 133 139 139 140 134 134 135 135 141 136 136 142 142 143 137 137 138 138 144 145 145 139 139 146 140 140 135 135 136 141 141 142 142 137 143 143 144 144 138 145 145 146 146 139 140 140 147 147 148 141 141 149 149 142 143 143 144 144 145 150 150 146 146 151 152 152 147 147 153 148 148 149 149 154 155 155 156 156 157 150 150 151 151 158 152 152 153 153 147 148 148 154 154 149 155 155 156 156 150 157 157 151 151 152 158 158 153 153 159 160 161 154 154 162 163 164 155 165 156 157 157 166 167 168 158 158 159 159 161 161 160 160 163 163 162 162 164 164 165 165 167 167 166 166 168 168 159 159 161 161 160 160 163 163 162 162 164 164 165 165 167 167 166 166 168 168 

22x90
01 01 02 02 03 03 04 04 05 05 06 06 07 07 08 08 09 09 10 10 11 11 01 01 02 02 03 03 04 04 05 05 06 06 07 07 08 08 09 09 10 10 11 11 12 12 01 03 02 13 13 05 04 14 14 07 06 15 16 17 08 10 09 11 18 18 12 12 19 20 20 13 13 21 22 14 14 15 15 17 17 16 16 23 23 24 18 18 19 19 12 20 20 21 21 13 14 22 22 15 15 17 17 16 16 23 23 18 24 24 19 19 20 25 25 21 21 26 27 22 22 28 28 29 29 30 30 31 31 23 24 24 32 32 33 25 25 26 26 34 34 27 27 28 28 29 29 30 30 31 31 35 36 36 32 32 25 33 33 26 26 34 34 27 27 37 29 28 30 38 38 35 35 31 36 36 39 39 32 33 33 40 40 41 41 34 42 42 37 37 43 38 38 35 35 36 44 44 39 39 45 46 46 40 40 41 41 47 42 42 37 37 38 43 43 48 48 49 44 44 45 45 39 46 46 50 41 40 51 51 47 47 42 52 53 43 43 48 48 44 49 49 45 45 54 55 56 46 50 50 51 51 47 47 53 53 52 52 48 57 58 59 49 49 54 54 56 56 55 55 50 50 60 61 51 62 53 53 52 52 58 58 57 57 59 59 54 54 56 56 55 55 60 60 63 63 61 61 62 62 64 64 58 58 57 57 59 59 65 65 66 66 67 67 60 60 63 63 61 61 62 62 64 64 68 68 69 69 70 70 65 65 66 66 67 67 71 71 72 72 63 73 73 64 74 74 68 68 69 69 70 70 75 75 65 67 66 76 71 71 72 72 77 73 73 78 74 74 79 69 68 70 80 80 75 75 81 76 76 71 82 82 77 77 72 83 84 73 78 78 74 79 79 85 80 80 81 81 75 76 76 86 82 82 77 77 84 84 83 83 78 78 87 79 79 80 85 85 81 81 88 88 89 89 86 86 82 90 84 84 83 83 87 87 91 91 92 92 85 85 93 93 88 88 89 89 86 86 94 94 90 90 95 95 87 87 91 91 92 92 96 96 93 93 97 89 88 98 98 99 94 94 90 90 95 95 100 101 101 92 91 102 96 96 97 97 93 103 103 98 98 104 99 99 94 95 100 100 105 101 101 102 102 96 106 106 97 97 107 103 103 104 104 98 99 99 108 109 100 100 101 105 105 102 102 110 106 106 107 107 103 111 112 104 104 113 113 109 109 108 108 114 114 105 105 115 116 106 110 110 107 107 112 112 111 111 117 113 113 109 109 108 108 114 114 118 116 116 115 115 110 110 119 119 112 112 111 111 113 117 117 120 120 121 121 118 118 114 116 116 115 115 122 122 119 119 123 124 124 125 125 117 117 120 120 121 121 118 118 126 126 127 127 128 122 122 123 123 119 124 124 125 125 129 130 130 121 120 131 131 132 126 126 127 127 122 128 128 123 123 124 133 133 129 129 125 130 130 134 135 131 131 126 132 132 136 136 127 128 128 137 137 138 133 133 129 129 130 134 134 139 139 135 135 131 132 132 136 136 140 141 141 137 137 142 138 138 133 143 144 134 134 139 139 135 135 145 146 146 140 140 136 141 141 142 142 137 138 138 144 144 143 143 139 147 147 145 145 148 146 146 140 140 141 149 149 142 142 150 151 152 144 144 143 143 153 147 147 145 145 146 148 148 154 154 155 149 149 150 150 152 152 151 151 156 156 157 157 153 153 147 158 159 148 148 154 154 149 155 155 150 150 152 152 151 151 156 156 157 157 153 153 159 159 158 158 154 160 161 162 155 155 163 163 164 164 165 165 166 166 156 167 157 168 159 159 158 158 161 161 160 160 162 162 163 163 164 164 165 165 166 166 169 169 167 167 168 168 170 170 161 161 160 160 162 162 171 171 163 165 164 166 172 172 169 169 167 167 168 168 170 170 173 173 174 174 175 175 171 171 176 177 177 178 172 172 179 179 169 180 180 170 181 181 173 173 174 174 175 175 176 176 171 177 177 172 178 178 179 179 182 180 180 183 181 181 184 174 173 175 185 185 176 176 186 187 188 177 178 178 182 182 179 183 183 180 189 190 181 184 184 191 185 185 186 186 188 188 187 187 192 192 182 182 193 183 183 190 190 189 189 184 184 185 191 191 186 186 188 188 187 187 192 192 194 195 195 193 193 190 190 189 189 196 197 198 191 191 199 199 200 200 201 201 194 194 192 195 195 193 193 202 203 203 197 197 196 196 198 198 199 199 200 200 201 201 194 194 195 204 204 202 202 205 203 203 197 197 196 196 198 198 206 206 199 201 200 207 207 208 208 204 204 202 202 203 205 205 209 209 210 210 211 211 206 206 212 213 213 207 207 208 208 214 214 204 215 215 205 205 209 209 210 210 211 211 212 212 206 213 213 216 208 207 217 214 214 218 215 215 219 219 220 210 209 211 221 221 212 212 222 223 224 213 216 216 214 217 217 215 218 218 219 219 225 220 220 226 221 221 222 222 224 224 223 223 216 216 227 217 217 228 218 218 225 225 219 220 220 221 226 226 222 222 224 224 223 223 227 227 229 229 230 230 228 228 225 225 231 232 233 234 226 226 235 235 236 236 237 237 227 227 229 229 230 230 228 228 231 231 233 233 232 232 234 234 235 235 236 236 237 237 238 238 239 239 229 240 230 241 231 231 233 233 232 232 234 234 242 242 235 237 236 243 238 238 239 239 244 244 240 240 241 241 245 245 246 246 247 247 242 242 248 243 243 249 249 239 238 250 244 244 240 240 241 241 245 245 246 246 247 247 248 248 242 243 243 249 249 251 252 252 250 250 244 253 253 254 254 246 245 247 255 255 248 248 256 257 257 251 251 249 252 252 250 250 258 253 253 254 254 259 259 260 255 255 256 256 261 257 257 251 251 252 262 262 258 258 263 263 254 253 264 259 259 255 260 260 256 256 257 261 261 265 265 266 262 262 258 258 263 263 267 268 268 264 264 259 260 260 269 269 270 261 261 265 265 271 266 266 262 263 267 267 272 268 268 264 264 273 274 274 269 269 275 270 270 271 271 265 266 266 276 277 267 267 268 272 272 273 273 278 274 274 275 275 269 270 270 271 271 279 279 277 277 276 276 280 280 272 272 273 273 274 278 278 275 275 281 281 282 282 283 279 279 277 277 276 276 280 280 284 285 285 286 286 278 278 287 287 281 281 282 282 279 283 283 288 288 289 289 284 284 280 285 285 286 286 290 290 287 287 291 282 281 292 292 283 283 288 288 289 289 284 284 293 293 286 285 294 290 290 291 291 287 295 295 292 292 296 297 297 289 288 298 298 299 293 293 294 294 290 300 300 291 291 301 295 295 296 296 292 297 297 302 303 298 298 293 299 299 294 294 304 300 300 301 301 295 305 306 296 296 297 302 302 307 307 303 303 298 299 299 308 309 300 304 304 301 301 306 306 305 305 310 310 302 302 307 307 303 303 311 311 309 309 308 308 304 304 312 312 306 306 305 305 310 310 313 313 314 314 307 315 311 311 309 309 308 308 316 316 312 312 317 318 318 310 319 319 313 313 314 314 320 320 315 315 311 321 321 322 316 316 317 317 312 318 318 323 319 319 324 314 313 325 320 320 315 315 326 321 321 316 322 322 317 317 327 328 329 318 323 323 319 324 324 320 325 325 326 326 321 330 331 332 322 322 327 327 329 329 328 328 323 323 333 324 324 334 325 325 326 326 331 331 330 330 332 332 327 327 329 329 328 328 333 333 335 335 336 336 334 334 337 337 331 331 330 330 332 332 338 338 339 339 340 340 333 333 335 335 336 336 334 334 337 337 341 341 342 342 343 343 338 338 339 339 340 340 344 344 345 345 335 346 336 337 347 347 341 341 342 342 343 343 348 348 338 340 339 349 344 344 345 345 350 350 346 346 347 347 351 342 341 343 352 352 348 348 353 349 349 354 354 345 344 355 350 350 346 346 356 357 347 351 351 358 352 352 353 353 348 349 349 354 354 359 360 360 355 355 350 357 357 356 356 351 351 352 358 358 353 353 361 362 362 359 359 354 360 360 355 355 363 357 357 356 356 364 364 365 358 358 361 361 366 362 362 359 359 367 368 369 360 370 370 363 363 371 371 364 364 372 365 365 361 361 362 366 366 367 367 369 369 368 368 370 370 363 363 371 371 372 372 364 365 365 373 373 374 366 366 367 367 369 369 368 368 375 375 370 371 376 376 372 372 377 378 378 373 373 379 374 374 380 380 381 381 382 382 375 375 383 384 376 376 377 377 385 378 378 379 379 373 374 374 380 380 381 381 382 382 383 383 375 376 384 384 377 377 378 385 385 379 379 386 387 388 389 381 380 382 390 391 383 383 392 393 384 384 394 395 396 385 385 386 386 388 388 387 387 389 389 391 391 390 390 393 393 392 392 395 395 394 394 396 396 386 386 388 388 387 387 389 389 391 391 390 390 393 393 392 392 395 395 394 394 396 396 
22x120
01 01 02 02 03 03 04 04 05 05 06 06 07 07 08 08 09 09 10 10 11 11 01 01 02 02 03 03 04 04 05 05 06 06 07 07 08 08 09 09 10 10 11 11 12 12 01 03 02 13 13 05 04 14 14 07 06 15 16 17 08 10 09 11 18 18 12 12 19 20 20 13 13 21 22 14 14 15 15 17 17 16 16 23 23 24 18 18 19 19 12 20 20 21 21 13 14 22 22 15 15 17 17 16 16 23 23 18 24 24 19 19 20 25 25 21 21 26 27 22 22 28 28 29 29 30 30 31 31 23 24 24 32 32 33 25 25 26 26 34 34 27 27 28 28 29 29 30 30 31 31 35 36 36 32 32 25 33 33 26 26 34 34 27 27 37 29 28 30 38 38 35 35 31 36 36 39 39 32 33 33 40 40 41 41 34 42 42 37 37 43 38 38 35 35 36 44 44 39 39 45 46 46 40 40 41 41 47 42 42 37 37 38 43 43 48 48 49 44 44 45 45 39 46 46 50 41 40 51 51 47 47 42 52 53 43 43 48 48 44 49 49 45 45 54 55 56 46 50 50 51 51 47 47 53 53 52 52 48 57 58 59 49 49 54 54 56 56 55 55 50 50 60 61 51 62 53 53 52 52 58 58 57 57 59 59 54 54 56 56 55 55 60 60 63 63 61 61 62 62 64 64 58 58 57 57 59 59 65 65 66 66 67 67 60 60 63 63 61 61 62 62 64 64 68 68 69 69 70 70 65 65 66 66 67 67 71 71 72 72 63 73 73 64 74 74 68 68 69 69 70 70 75 75 65 67 66 76 71 71 72 72 77 73 73 78 74 74 79 69 68 70 80 80 75 75 81 76 76 71 82 82 77 77 72 83 84 73 78 78 74 79 79 85 80 80 81 81 75 76 76 86 82 82 77 77 84 84 83 83 78 78 87 79 79 80 85 85 81 81 88 88 89 89 86 86 82 90 84 84 83 83 87 87 91 91 92 92 85 85 93 93 88 88 89 89 86 86 94 94 90 90 95 95 87 87 91 91 92 92 96 96 93 93 97 89 88 98 99 99 94 94 90 90 95 95 100 100 101 92 91 102 96 96 97 97 93 98 98 103 99 99 104 104 94 95 105 105 100 100 106 101 101 96 102 102 97 97 107 98 98 99 103 103 104 104 108 109 105 105 106 106 100 101 101 110 102 102 107 107 111 111 112 112 103 103 108 108 104 105 109 109 106 106 113 113 114 114 110 110 107 107 111 111 112 112 115 116 108 108 117 118 109 109 119 120 113 113 114 114 110 110 121 121 122 112 111 116 116 115 115 118 118 117 117 120 120 119 119 114 113 123 124 124 121 121 125 122 122 116 116 115 115 118 118 117 117 120 120 119 119 123 123 126 124 124 125 125 121 122 122 127 127 128 128 129 129 130 130 131 131 132 132 123 123 124 126 126 125 125 133 134 135 127 127 128 128 129 129 130 130 131 131 132 132 136 137 138 126 126 133 133 135 135 134 134 128 127 129 139 139 140 140 130 132 131 137 137 136 136 138 138 133 133 135 135 134 134 141 141 142 139 139 140 140 143 144 144 137 137 136 136 138 138 145 145 146 146 147 147 141 141 139 142 142 143 143 140 144 144 148 148 149 149 150 150 145 145 146 146 147 147 151 152 141 142 142 143 143 144 153 154 148 148 149 149 150 150 155 155 145 147 146 152 152 151 151 156 156 157 157 154 154 153 153 149 148 150 158 158 155 155 159 160 160 152 152 151 151 156 156 157 157 154 154 153 153 161 161 162 158 158 159 159 155 160 160 163 164 165 156 166 166 167 167 157 168 169 170 161 161 158 162 162 159 159 160 163 163 165 165 164 164 166 166 167 167 169 169 168 168 170 170 161 162 162 171 171 172 163 163 165 165 164 164 173 167 166 174 169 169 168 168 170 170 175 176 176 171 171 177 172 172 178 178 173 173 179 179 180 180 174 174 181 181 175 175 182 176 176 177 177 171 172 172 178 178 173 173 179 179 180 180 174 174 181 181 175 175 176 182 182 177 177 183 184 184 185 185 178 186 186 180 179 187 187 181 188 188 189 189 190 182 182 183 183 191 184 184 185 185 192 186 186 193 194 187 187 195 188 188 189 189 196 190 190 183 183 184 191 191 192 192 185 193 193 186 187 194 194 188 195 195 196 196 189 190 190 197 197 198 191 191 192 192 199 193 193 200 201 194 194 202 195 195 196 196 203 204 204 197 197 205 198 198 199 199 206 206 201 201 200 200 207 207 202 202 203 203 208 204 204 205 205 197 198 198 199 199 206 206 201 201 200 200 207 207 202 202 203 203 204 208 208 205 205 209 209 210 210 206 211 211 212 212 213 213 214 214 207 215 215 216 216 208 208 217 217 209 209 210 210 218 211 211 212 212 213 213 214 214 219 215 215 216 216 220 220 217 217 221 210 209 222 222 218 218 211 213 212 214 219 219 223 223 216 215 224 220 220 221 221 217 225 225 222 222 218 218 226 226 227 227 219 219 223 223 224 224 220 228 228 221 221 229 225 225 230 230 222 231 226 226 227 227 232 223 233 233 224 224 234 228 228 229 229 225 235 235 230 230 236 226 231 231 232 232 227 237 233 233 234 234 228 238 238 229 229 239 235 235 236 236 230 240 231 231 232 232 241 233 237 237 234 234 242 238 238 239 239 235 243 244 236 236 245 245 240 240 241 241 246 246 237 237 247 248 238 242 242 239 239 244 244 243 243 249 245 245 240 240 241 241 246 246 250 248 248 247 247 242 242 251 251 244 244 243 243 245 249 249 252 252 253 253 250 250 246 248 248 247 247 254 254 251 251 255 256 256 257 257 249 249 252 252 253 253 250 250 258 258 259 259 260 254 254 255 255 251 256 256 257 257 261 262 262 253 252 263 263 264 258 258 259 259 254 260 260 255 255 256 265 265 261 261 257 262 262 266 267 263 263 258 264 264 268 268 259 260 260 269 269 270 265 265 261 261 262 266 266 271 271 267 267 263 264 264 268 268 272 273 273 269 269 274 270 270 265 275 276 266 266 271 271 267 267 277 278 278 272 272 268 273 273 274 274 269 270 270 276 276 275 275 271 279 279 277 277 280 278 278 272 272 273 281 281 274 274 282 283 284 276 276 275 275 285 279 279 277 277 278 280 280 286 286 287 281 281 282 282 284 284 283 283 288 288 289 289 285 285 279 290 291 280 280 286 286 281 287 287 282 282 284 284 283 283 288 288 289 289 285 285 291 291 290 290 286 292 293 294 287 287 295 295 296 296 297 297 298 298 288 299 289 300 291 291 290 290 293 293 292 292 294 294 295 295 296 296 297 297 298 298 301 301 299 299 300 300 302 302 293 293 292 292 294 294 303 303 295 297 296 298 304 304 301 301 299 299 300 300 302 302 305 305 306 306 307 307 303 303 308 309 309 310 304 304 311 311 301 312 312 302 313 313 305 305 306 306 307 307 308 308 303 309 309 304 310 310 311 311 314 312 312 315 313 313 316 306 305 307 317 317 308 308 318 319 320 309 310 310 314 314 311 315 315 312 321 322 313 316 316 323 317 317 318 318 320 320 319 319 324 324 314 314 325 315 315 322 322 321 321 316 316 317 323 323 318 318 320 320 319 319 324 324 326 327 327 325 325 322 322 321 321 328 329 330 323 323 331 331 332 332 333 333 326 326 324 327 327 325 325 334 335 335 329 329 328 328 330 330 331 331 332 332 333 333 326 326 327 336 336 334 334 337 335 335 329 329 328 328 330 330 338 338 331 333 332 339 339 340 340 336 336 334 334 335 337 337 341 341 342 342 343 343 338 338 344 345 345 339 339 340 340 346 346 336 347 347 337 337 341 341 342 342 343 343 344 344 338 345 345 348 340 339 349 346 346 350 347 347 351 351 352 342 341 343 353 353 344 344 354 355 356 345 348 348 346 349 349 347 350 350 351 351 357 352 352 358 353 353 354 354 356 356 355 355 348 348 359 349 349 360 350 350 357 357 351 352 352 353 358 358 354 354 356 356 355 355 359 359 361 361 362 362 360 360 357 357 363 364 365 366 358 358 367 367 368 368 369 369 359 359 361 361 362 362 360 360 363 363 365 365 364 364 366 366 367 367 368 368 369 369 370 370 371 371 361 372 362 373 363 363 365 365 364 364 366 366 374 374 367 369 368 375 370 370 371 371 376 376 372 372 373 373 377 377 378 378 379 379 374 374 380 375 375 381 381 371 370 382 376 376 372 372 373 373 377 377 378 378 379 379 380 380 374 375 375 381 381 383 384 384 382 382 376 385 385 386 386 378 377 379 387 387 380 380 388 389 389 383 383 381 384 384 382 382 390 385 385 386 386 391 391 392 387 387 388 388 393 389 389 383 383 384 394 394 390 390 395 395 386 385 396 391 391 387 392 392 388 388 389 393 393 397 397 398 394 394 390 390 395 395 399 400 400 396 396 391 392 392 401 401 402 393 393 397 397 403 398 398 394 395 399 399 404 400 400 396 396 405 406 406 401 401 407 402 402 403 403 397 398 398 408 409 399 399 400 404 404 405 405 410 406 406 407 407 401 402 402 403 403 411 411 409 409 408 408 412 412 404 404 405 405 406 410 410 407 407 413 413 414 414 415 411 411 409 409 408 408 412 412 416 417 417 418 418 410 410 419 419 413 413 414 414 411 415 415 420 420 421 421 416 416 412 417 417 418 418 422 422 419 419 423 414 413 424 424 415 415 420 420 421 421 416 416 425 425 418 417 426 422 422 423 423 419 427 427 424 424 428 429 429 421 420 430 430 431 425 425 426 426 422 432 432 423 423 433 427 427 428 428 424 429 429 434 435 430 430 425 431 431 426 426 436 432 432 433 433 427 437 438 428 428 429 434 434 439 439 435 435 430 431 431 440 441 432 436 436 433 433 438 438 437 437 442 442 434 434 439 439 435 435 443 443 441 441 440 440 436 436 444 444 438 438 437 437 442 442 445 445 446 446 439 447 443 443 441 441 440 440 448 448 444 444 449 450 450 442 451 451 445 445 446 446 452 452 447 447 443 453 453 454 448 448 449 449 444 450 450 455 451 451 456 446 445 457 452 452 447 447 458 453 453 448 454 454 449 449 459 460 461 450 455 455 451 456 456 452 457 457 458 458 453 462 463 464 454 454 459 459 461 461 460 460 455 455 465 456 456 466 457 457 458 458 463 463 462 462 464 464 459 459 461 461 460 460 465 465 467 467 468 468 466 466 469 469 463 463 462 462 464 464 470 470 471 471 472 472 465 465 467 467 468 468 466 466 469 469 473 473 474 474 475 475 470 470 471 471 472 472 476 476 477 477 467 478 468 469 479 479 473 473 474 474 475 475 480 480 470 472 471 481 476 476 477 477 482 482 478 478 479 479 483 474 473 475 484 484 480 480 485 481 481 486 486 477 476 487 482 482 478 478 488 489 479 483 483 490 484 484 485 485 480 481 481 486 486 491 492 492 487 487 482 489 489 488 488 483 483 484 490 490 485 485 493 494 494 491 491 486 492 492 487 487 495 489 489 488 488 496 496 497 490 490 493 493 498 494 494 491 491 499 500 501 492 502 502 495 495 503 503 496 496 504 497 497 493 493 494 498 498 499 499 501 501 500 500 502 502 495 495 503 503 504 504 496 497 497 505 505 506 498 498 499 499 501 501 500 500 507 507 502 503 508 508 504 504 509 510 510 505 505 511 506 506 512 512 513 513 514 514 507 507 515 516 508 508 509 509 517 510 510 511 511 505 506 506 512 512 513 513 514 514 515 515 507 508 516 516 509 509 510 517 517 511 511 518 519 520 521 513 512 514 522 523 515 515 524 525 516 516 526 527 528 517 517 518 518 520 520 519 519 521 521 523 523 522 522 525 525 524 524 527 527 526 526 528 528 518 518 520 520 519 519 521 521 523 523 522 522 525 525 524 524 527 527 526 526 528 528 
22x150
01 01 02 02 03 03 04 04 05 05 06 06 07 07 08 08 09 09 10 10 11 11 01 01 02 02 03 03 04 04 05 05 06 06 07 07 08 08 09 09 10 10 11 11 12 12 01 03 02 13 13 05 04 14 14 07 06 15 16 17 08 10 09 11 18 18 12 12 19 20 20 13 13 21 22 14 14 15 15 17 17 16 16 23 23 24 18 18 19 19 12 20 20 21 21 13 14 22 22 15 15 17 17 16 16 23 23 18 24 24 19 19 20 25 25 21 21 26 27 22 22 28 28 29 29 30 30 31 31 23 24 24 32 32 33 25 25 26 26 34 34 27 27 28 28 29 29 30 30 31 31 35 36 36 32 32 25 33 33 26 26 34 34 27 27 37 29 28 30 38 38 35 35 31 36 36 39 39 32 33 33 40 40 41 41 34 42 42 37 37 43 38 38 35 35 36 44 44 39 39 45 46 46 40 40 41 41 47 42 42 37 37 38 43 43 48 48 49 44 44 45 45 39 46 46 50 41 40 51 51 47 47 42 52 53 43 43 48 48 44 49 49 45 45 54 55 56 46 50 50 51 51 47 47 53 53 52 52 48 57 58 59 49 49 54 54 56 56 55 55 50 50 60 61 51 62 53 53 52 52 58 58 57 57 59 59 54 54 56 56 55 55 60 60 63 63 61 61 62 62 64 64 58 58 57 57 59 59 65 65 66 66 67 67 60 60 63 63 61 61 62 62 64 64 68 68 69 69 70 70 65 65 66 66 67 67 71 71 72 72 63 73 73 64 74 74 68 68 69 69 70 70 75 75 65 67 66 76 71 71 72 72 77 73 73 78 74 74 79 69 68 70 80 80 75 75 81 76 76 71 82 82 77 77 72 83 84 73 78 78 74 79 79 85 80 80 81 81 75 76 76 86 82 82 77 77 84 84 83 83 78 78 87 79 79 80 85 85 81 81 88 88 89 89 86 86 82 90 84 84 83 83 87 87 91 91 92 92 85 85 93 93 88 88 89 89 86 86 94 94 90 90 95 95 87 87 91 91 92 92 96 96 93 93 97 89 88 98 98 99 94 94 90 90 95 95 100 101 101 92 91 102 96 96 97 97 93 103 103 98 98 104 99 99 94 95 100 100 105 101 101 102 102 96 106 106 97 97 107 103 103 104 104 98 99 99 108 109 100 100 101 105 105 102 102 110 106 106 107 107 103 111 112 104 104 113 113 109 109 108 108 114 114 105 105 115 116 106 110 110 107 107 112 112 111 111 117 113 113 109 109 108 108 114 114 118 116 116 115 115 110 110 119 119 112 112 111 111 113 117 117 120 120 121 121 118 118 114 116 116 115 115 122 122 119 119 123 124 124 125 125 117 117 120 120 121 121 118 118 126 126 127 127 128 122 122 123 123 119 124 124 125 125 129 130 130 121 120 131 131 132 126 126 127 127 122 128 128 123 123 124 133 133 129 129 125 130 130 134 135 131 131 126 132 132 136 136 127 128 128 137 137 138 133 133 129 129 130 134 134 139 139 135 135 131 132 132 136 136 140 141 141 137 137 142 138 138 133 143 144 134 134 139 139 135 135 145 146 146 140 140 136 141 141 142 142 137 138 138 144 144 143 143 139 147 147 145 145 148 146 146 140 140 141 149 149 142 142 150 151 152 144 144 143 143 153 147 147 145 145 146 148 148 154 154 155 149 149 150 150 152 152 151 151 156 156 157 157 153 153 147 158 159 148 148 154 154 149 155 155 150 150 152 152 151 151 156 156 157 157 153 153 159 159 158 158 154 160 161 162 155 155 163 163 164 164 165 165 166 166 156 167 157 168 159 159 158 158 161 161 160 160 162 162 163 163 164 164 165 165 166 166 169 169 167 167 168 168 170 170 161 161 160 160 162 162 171 171 163 165 164 166 172 172 169 169 167 167 168 168 170 170 173 173 174 174 175 175 171 171 176 177 177 178 172 172 179 179 169 180 180 170 181 181 173 173 174 174 175 175 176 176 171 177 177 172 178 178 179 179 182 180 180 183 181 181 184 174 173 175 185 185 176 176 186 187 188 177 178 178 182 182 179 183 183 180 189 190 181 184 184 191 185 185 186 186 188 188 187 187 192 192 182 182 193 183 183 190 190 189 189 184 184 185 191 191 186 186 188 188 187 187 192 192 194 195 195 193 193 190 190 189 189 196 197 198 191 191 199 199 200 200 201 201 194 194 192 195 195 193 193 202 203 203 197 197 196 196 198 198 199 199 200 200 201 201 194 194 195 204 204 202 202 205 203 203 197 197 196 196 198 198 206 206 199 201 200 207 207 208 208 204 204 202 202 203 205 205 209 209 210 210 211 211 206 206 212 213 213 207 207 208 208 214 214 204 215 215 205 205 209 209 210 210 211 211 212 212 206 213 213 216 208 207 217 214 214 218 215 215 219 219 220 210 209 211 221 221 212 212 222 223 224 213 216 216 214 217 217 215 218 218 219 219 225 220 220 226 221 221 222 222 224 224 223 223 216 216 227 217 217 228 218 218 225 225 219 220 220 221 226 226 222 222 224 224 223 223 227 227 229 229 230 230 228 228 225 225 231 232 233 234 226 226 235 235 236 236 237 237 227 227 229 229 230 230 228 228 231 231 233 233 232 232 234 234 235 235 236 236 237 237 238 238 239 239 229 240 230 241 231 231 233 233 232 232 234 234 242 242 235 237 236 243 238 238 239 239 244 244 240 240 241 241 245 245 246 246 247 247 242 242 248 243 243 249 249 239 238 250 244 244 240 240 241 241 245 245 246 246 247 247 248 248 242 243 243 249 249 251 252 252 250 250 244 253 253 254 254 246 245 247 255 255 248 248 256 257 257 251 251 249 252 252 250 250 258 253 253 254 254 259 259 260 255 255 256 256 261 257 257 251 251 252 262 262 258 258 263 263 254 253 264 259 259 255 260 260 256 256 257 261 261 265 265 266 262 262 258 258 263 263 267 268 268 264 264 259 260 260 269 269 270 261 261 265 265 271 266 266 262 263 267 267 272 268 268 264 264 273 274 274 269 269 275 270 270 271 271 265 266 266 276 277 267 267 268 272 272 273 273 278 274 274 275 275 269 270 270 271 271 279 279 277 277 276 276 280 280 272 272 273 273 274 278 278 275 275 281 281 282 282 283 279 279 277 277 276 276 280 280 284 285 285 286 286 278 278 287 287 281 281 282 282 279 283 283 288 288 289 289 284 284 280 285 285 286 286 290 290 287 287 291 282 281 292 292 283 283 288 288 289 289 284 284 293 293 286 285 294 290 290 291 291 287 295 295 292 292 296 288 297 297 298 298 289 299 293 293 294 294 290 300 300 291 291 301 295 295 296 296 292 302 297 297 298 298 303 293 299 299 294 294 304 300 300 301 301 295 305 305 296 296 306 297 302 302 303 303 298 307 299 299 304 304 300 308 308 301 301 309 305 305 306 306 310 310 302 302 303 303 311 311 307 307 304 304 312 308 308 309 309 305 313 313 306 306 310 310 314 315 315 316 311 311 307 307 312 312 308 317 317 309 309 318 313 313 319 319 314 314 310 315 315 311 316 316 320 320 312 312 321 317 317 318 318 313 322 322 319 319 314 314 323 324 325 315 316 316 320 320 321 321 317 326 326 318 318 327 322 322 328 328 319 324 324 323 323 325 325 320 329 329 321 321 330 326 326 327 327 322 331 331 328 328 332 324 324 323 323 325 325 333 329 329 330 330 326 334 334 327 327 335 331 331 332 332 328 336 336 337 337 338 338 329 333 333 330 330 339 334 334 335 335 331 340 340 332 332 341 336 336 337 337 338 338 342 333 333 339 339 334 343 343 335 335 344 340 340 341 341 345 345 346 336 338 337 347 347 342 342 339 339 348 343 343 344 344 340 349 349 341 341 345 345 350 346 346 351 347 347 342 342 348 348 343 352 352 344 344 353 349 349 354 354 350 350 345 346 346 347 351 351 355 355 348 348 356 352 352 353 353 349 357 357 354 354 350 350 358 358 359 359 351 351 355 355 356 356 352 360 360 353 353 361 357 357 362 362 354 363 358 358 359 359 364 355 365 365 356 356 366 360 360 361 361 357 367 367 362 362 368 358 363 363 364 364 359 369 365 365 366 366 360 370 370 361 361 371 367 367 368 368 362 372 363 363 364 364 373 365 369 369 366 366 374 370 370 371 371 367 375 376 368 368 377 377 372 372 373 373 378 378 369 369 379 380 370 374 374 371 371 376 376 375 375 381 377 377 372 372 373 373 378 378 382 380 380 379 379 374 374 383 383 376 376 375 375 377 381 381 384 384 385 385 382 382 378 380 380 379 379 386 386 383 383 387 388 388 389 389 381 381 384 384 385 385 382 382 390 390 391 391 392 386 386 387 387 383 388 388 389 389 393 394 394 385 384 395 395 396 390 390 391 391 386 392 392 387 387 388 397 397 393 393 389 394 394 398 399 395 395 390 396 396 400 400 391 392 392 401 401 402 397 397 393 393 394 398 398 403 403 399 399 395 396 396 400 400 404 405 405 401 401 406 402 402 397 407 408 398 398 403 403 399 399 409 410 410 404 404 400 405 405 406 406 401 402 402 408 408 407 407 403 411 411 409 409 412 410 410 404 404 405 413 413 406 406 414 415 416 408 408 407 407 417 411 411 409 409 410 412 412 418 418 419 413 413 414 414 416 416 415 415 420 420 421 421 417 417 411 422 423 412 412 418 418 413 419 419 414 414 416 416 415 415 420 420 421 421 417 417 423 423 422 422 418 424 425 426 419 419 427 427 428 428 429 429 430 430 420 431 421 432 423 423 422 422 425 425 424 424 426 426 427 427 428 428 429 429 430 430 433 433 431 431 432 432 434 434 425 425 424 424 426 426 435 435 427 429 428 430 436 436 433 433 431 431 432 432 434 434 437 437 438 438 439 439 435 435 440 441 441 442 436 436 443 443 433 444 444 434 445 445 437 437 438 438 439 439 440 440 435 441 441 436 442 442 443 443 446 444 444 447 445 445 448 438 437 439 449 449 440 440 450 451 452 441 442 442 446 446 443 447 447 444 453 454 445 448 448 455 449 449 450 450 452 452 451 451 456 456 446 446 457 447 447 454 454 453 453 448 448 449 455 455 450 450 452 452 451 451 456 456 458 459 459 457 457 454 454 453 453 460 461 462 455 455 463 463 464 464 465 465 458 458 456 459 459 457 457 466 467 467 461 461 460 460 462 462 463 463 464 464 465 465 458 458 459 468 468 466 466 469 467 467 461 461 460 460 462 462 470 470 463 465 464 471 471 472 472 468 468 466 466 467 469 469 473 473 474 474 475 475 470 470 476 477 477 471 471 472 472 478 478 468 479 479 469 469 473 473 474 474 475 475 476 476 470 477 477 480 472 471 481 478 478 482 479 479 483 483 484 474 473 475 485 485 476 476 486 487 488 477 480 480 478 481 481 479 482 482 483 483 489 484 484 490 485 485 486 486 488 488 487 487 480 480 491 481 481 492 482 482 489 489 483 484 484 485 490 490 486 486 488 488 487 487 491 491 493 493 494 494 492 492 489 489 495 496 497 498 490 490 499 499 500 500 501 501 491 491 493 493 494 494 492 492 495 495 497 497 496 496 498 498 499 499 500 500 501 501 502 502 503 503 493 504 494 505 495 495 497 497 496 496 498 498 506 506 499 501 500 507 502 502 503 503 508 508 504 504 505 505 509 509 510 510 511 511 506 506 512 507 507 513 513 503 502 514 508 508 504 504 505 505 509 509 510 510 511 511 512 512 506 507 507 513 513 515 516 516 514 514 508 517 517 518 518 510 509 511 519 519 512 512 520 521 521 515 515 513 516 516 514 514 522 517 517 518 518 523 523 524 519 519 520 520 525 521 521 515 515 516 526 526 522 522 527 527 518 517 528 523 523 519 524 524 520 520 521 525 525 529 529 530 526 526 522 522 527 527 531 532 532 528 528 523 524 524 533 533 534 525 525 529 529 535 530 530 526 527 531 531 536 532 532 528 528 537 538 538 533 533 539 534 534 535 535 529 530 530 540 541 531 531 532 536 536 537 537 542 538 538 539 539 533 534 534 535 535 543 543 541 541 540 540 544 544 536 536 537 537 538 542 542 539 539 545 545 546 546 547 543 543 541 541 540 540 544 544 548 549 549 550 550 542 542 551 551 545 545 546 546 543 547 547 552 552 553 553 548 548 544 549 549 550 550 554 554 551 551 555 546 545 556 556 547 547 552 552 553 553 548 548 557 557 550 549 558 554 554 555 555 551 559 559 556 556 560 561 561 553 552 562 562 563 557 557 558 558 554 564 564 555 555 565 559 559 560 560 556 561 561 566 567 562 562 557 563 563 558 558 568 564 564 565 565 559 569 570 560 560 561 566 566 571 571 567 567 562 563 563 572 573 564 568 568 565 565 570 570 569 569 574 574 566 566 571 571 567 567 575 575 573 573 572 572 568 568 576 576 570 570 569 569 574 574 577 577 578 578 571 579 575 575 573 573 572 572 580 580 576 576 581 582 582 574 583 583 577 577 578 578 584 584 579 579 575 585 585 586 580 580 581 581 576 582 582 587 583 583 588 578 577 589 584 584 579 579 590 585 585 580 586 586 581 581 591 592 593 582 587 587 583 588 588 584 589 589 590 590 585 594 595 596 586 586 591 591 593 593 592 592 587 587 597 588 588 598 589 589 590 590 595 595 594 594 596 596 591 591 593 593 592 592 597 597 599 599 600 600 598 598 601 601 595 595 594 594 596 596 602 602 603 603 604 604 597 597 599 599 600 600 598 598 601 601 605 605 606 606 607 607 602 602 603 603 604 604 608 608 609 609 599 610 600 601 611 611 605 605 606 606 607 607 612 612 602 604 603 613 608 608 609 609 614 614 610 610 611 611 615 606 605 607 616 616 612 612 617 613 613 618 618 609 608 619 614 614 610 610 620 621 611 615 615 622 616 616 617 617 612 613 613 618 618 623 624 624 619 619 614 621 621 620 620 615 615 616 622 622 617 617 625 626 626 623 623 618 624 624 619 619 627 621 621 620 620 628 628 629 622 622 625 625 630 626 626 623 623 631 632 633 624 634 634 627 627 635 635 628 628 636 629 629 625 625 626 630 630 631 631 633 633 632 632 634 634 627 627 635 635 636 636 628 629 629 637 637 638 630 630 631 631 633 633 632 632 639 639 634 635 640 640 636 636 641 642 642 637 637 643 638 638 644 644 645 645 646 646 639 639 647 648 640 640 641 641 649 642 642 643 643 637 638 638 644 644 645 645 646 646 647 647 639 640 648 648 641 641 642 649 649 643 643 650 651 652 653 645 644 646 654 655 647 647 656 657 648 648 658 659 660 649 649 650 650 652 652 651 651 653 653 655 655 654 654 657 657 656 656 659 659 658 658 660 660 650 650 652 652 651 651 653 653 655 655 654 654 657 657 656 656 659 659 658 658 660 660 

24x30
01 01 02 02 03 03 04 04 05 05 06 06 07 07 08 08 09 09 10 10 11 11 12 12 01 01 02 02 03 03 04 04 05 05 06 06 07 07 08 08 09 09 10 10 11 11 12 12 13 13 01 03 02 04 14 14 15 15 05 07 06 08 16 16 17 17 09 11 10 12 18 18 13 13 19 20 20 21 14 14 15 15 22 23 23 24 16 16 17 17 25 26 26 27 18 18 19 19 13 20 20 14 21 21 22 22 15 23 23 16 24 24 25 25 17 26 26 18 27 27 19 19 28 29 30 20 21 21 22 22 31 32 32 23 24 24 25 25 26 33 33 34 27 27 28 28 30 30 29 29 35 35 31 31 36 32 32 37 37 38 38 39 39 33 33 40 34 34 28 28 30 30 29 29 35 35 31 31 32 36 36 37 37 38 38 39 39 40 40 33 34 34 41 41 42 42 43 43 44 44 35 45 46 36 36 47 38 37 39 48 48 40 40 49 50 50 41 41 42 42 43 43 44 44 46 46 45 45 51 51 47 47 52 48 48 49 49 53 50 50 54 54 41 43 42 44 55 55 46 46 45 45 51 51 47 47 48 52 52 49 49 50 53 53 54 54 56 57 57 58 55 55 59 59 60 60 61 61 51 62 63 52 52 64 65 66 53 53 56 56 54 57 57 55 58 58 59 59 60 60 61 61 63 63 62 62 65 65 64 64 66 66 56 56 67 68 69 57 58 58 70 71 59 61 60 72 63 63 62 62 65 65 64 64 66 66 67 67 69 69 68 68 70 70 73 73 71 71 74 74 72 72 75 75 76 76 77 77 78 78 67 67 69 69 68 68 70 70 73 73 71 71 74 74 72 72 75 75 76 76 77 77 78 78 79 79 80 80 81 81 82 82 83 83 73 84 85 86 74 75 87 87 88 77 76 78 89 89 79 79 80 80 81 81 82 82 83 83 85 85 84 84 86 86 87 87 90 88 88 91 89 89 92 92 79 81 80 93 93 83 82 94 85 85 84 84 86 86 90 90 87 88 88 89 91 91 92 92 95 96 96 93 93 97 98 98 94 94 99 99 100 100 90 90 101 102 103 104 91 91 95 95 92 96 96 97 97 93 98 98 94 94 99 99 100 100 101 101 103 103 102 102 104 104 95 95 96 105 105 97 97 106 107 108 98 109 109 100 99 110 101 101 103 103 102 102 104 104 111 111 112 105 105 106 106 108 108 107 107 109 109 113 114 114 110 110 115 115 116 116 117 117 111 111 105 112 112 106 106 108 108 107 107 113 113 109 114 114 110 110 115 115 116 116 117 117 118 118 111 112 112 119 120 120 121 121 122 113 113 114 123 123 124 124 125 116 115 117 126 126 118 118 127 119 119 128 120 120 121 121 129 122 122 130 123 123 124 124 131 125 125 132 126 126 127 127 118 119 119 120 128 128 129 129 121 122 122 123 130 130 131 131 124 125 125 126 132 132 127 127 133 134 135 136 128 128 129 129 137 138 139 140 130 130 131 131 141 142 143 144 132 132 133 133 135 135 134 134 136 136 137 137 139 139 138 138 140 140 141 141 143 143 142 142 144 144 133 133 135 135 134 134 136 136 137 137 139 139 138 138 140 140 141 141 143 143 142 142 144 144 

26x30
01 01 02 02 03 03 04 04 05 05 06 06 07 07 08 08 09 09 10 10 11 11 12 12 13 13 01 01 02 02 03 03 04 04 05 05 06 06 07 07 08 08 09 09 10 10 11 11 12 12 13 13 14 14 01 03 02 15 16 17 04 06 05 07 18 18 19 19 08 10 09 20 21 12 11 13 22 22 14 14 23 15 15 17 17 16 16 24 24 25 18 18 19 19 26 20 20 27 27 21 21 28 22 22 23 23 14 15 15 17 17 16 16 24 24 18 25 25 26 26 19 20 20 27 27 21 21 22 28 28 23 23 29 30 30 31 31 32 32 33 33 24 25 25 26 26 34 34 27 35 35 36 36 37 28 28 29 29 38 30 30 31 31 32 32 33 33 39 39 40 40 41 34 34 42 35 35 36 36 43 37 37 29 29 30 38 38 44 44 31 33 32 45 39 39 40 40 34 41 41 35 42 42 43 43 36 37 37 46 46 47 38 38 44 44 48 49 49 39 45 45 50 50 40 41 41 51 42 42 43 43 52 53 53 46 46 54 47 47 48 48 44 49 49 55 45 45 50 50 56 56 57 57 51 51 52 52 58 53 53 54 54 46 47 47 48 48 49 55 55 59 59 50 60 60 56 56 57 57 51 51 52 52 53 58 58 54 54 61 61 62 62 63 63 55 55 59 59 64 60 60 65 57 56 66 66 67 67 68 68 58 58 69 69 61 61 62 62 63 63 70 70 64 64 59 65 65 60 71 71 66 66 67 67 68 68 72 72 69 69 73 62 61 63 74 74 70 70 64 64 75 65 65 76 71 71 77 77 66 68 67 78 72 72 73 73 69 79 79 80 74 74 81 81 70 82 82 75 75 71 76 76 77 77 83 78 78 72 84 84 73 73 85 79 79 74 80 80 81 81 86 82 82 75 75 87 76 76 83 83 77 78 78 88 84 84 85 85 79 89 90 91 80 80 86 86 81 92 92 82 93 93 87 87 83 83 94 95 96 84 88 88 85 85 90 90 89 89 91 91 86 86 97 92 92 98 93 93 87 87 94 94 96 96 95 95 88 88 99 99 90 90 89 89 91 91 100 101 92 97 97 93 98 98 102 102 94 94 96 96 95 95 103 103 99 99 104 105 105 106 106 101 101 100 100 97 97 107 98 98 102 102 108 109 109 110 110 111 103 103 104 104 99 105 105 106 106 101 101 100 100 107 107 112 112 102 108 108 113 109 109 110 110 103 111 111 104 104 105 114 114 115 115 106 116 116 117 107 107 112 112 118 108 108 109 113 113 119 119 110 111 111 120 120 121 114 114 115 115 122 116 116 123 117 117 118 118 112 124 125 126 113 113 119 119 127 128 128 120 120 114 121 121 122 122 115 123 123 116 117 117 118 118 125 125 124 124 126 126 127 127 119 128 128 129 129 120 121 121 122 122 130 123 123 131 131 132 132 133 125 125 124 124 126 126 127 127 128 134 134 129 129 135 136 136 130 130 137 137 138 131 131 132 132 139 133 133 140 140 141 141 142 142 143 134 134 135 135 129 136 136 130 130 137 137 131 138 138 139 139 132 133 133 140 140 141 141 142 142 134 143 143 135 135 144 145 146 136 137 147 148 149 138 138 139 139 150 151 152 153 141 140 142 154 155 156 143 143 144 144 146 146 145 145 148 148 147 147 149 149 150 150 152 152 151 151 153 153 155 155 154 154 156 156 144 144 146 146 145 145 148 148 147 147 149 149 150 150 152 152 151 151 153 153 155 155 154 154 156 156 

28x30
01 01 02 02 03 03 04 04 05 05 06 06 07 07 08 08 09 09 10 10 11 11 12 12 13 13 14 14 01 01 02 02 03 03 04 04 05 05 06 06 07 07 08 08 09 09 10 10 11 11 12 12 13 13 14 14 15 15 01 03 02 16 16 17 04 18 05 19 06 20 07 21 08 22 09 11 10 23 23 13 12 14 24 24 15 15 25 26 26 16 16 27 17 17 18 18 19 19 20 20 21 21 22 22 28 23 23 29 29 30 24 24 25 25 15 26 26 27 27 16 17 17 18 18 19 19 20 20 21 21 22 22 23 28 28 29 29 24 30 30 25 25 26 31 31 27 27 32 33 33 34 34 35 35 36 36 37 37 38 38 39 28 28 40 40 29 30 30 41 41 42 31 31 32 32 43 33 33 34 34 35 35 36 36 37 37 38 38 44 39 39 40 40 45 46 46 41 41 31 42 42 32 32 33 43 43 47 47 34 36 35 37 48 48 44 44 38 39 39 45 45 40 46 46 49 49 41 42 42 50 51 52 43 43 47 47 53 54 55 56 48 48 44 44 57 58 59 45 45 46 60 60 49 49 61 50 50 52 52 51 51 47 53 53 55 55 54 54 56 56 48 58 58 57 57 59 59 62 60 60 61 61 49 50 50 52 52 51 51 63 53 53 55 55 54 54 56 56 64 58 58 57 57 59 59 60 62 62 61 61 65 65 66 66 67 67 68 68 63 63 69 69 70 70 64 64 71 71 72 72 73 73 74 74 62 62 75 75 65 65 66 66 67 67 68 68 63 63 69 69 70 70 64 64 71 71 72 72 73 73 74 74 76 76 75 75 77 66 65 78 78 68 67 79 79 80 80 70 69 81 81 82 82 72 71 83 83 74 73 84 76 76 77 77 75 85 85 78 78 86 87 79 79 80 80 88 89 81 81 82 82 90 91 83 83 84 84 76 92 92 77 77 93 85 85 86 86 78 79 87 87 88 88 80 81 89 89 90 90 82 83 91 91 84 84 94 92 92 93 93 85 95 96 86 86 97 98 87 87 88 88 99 100 89 89 90 90 101 102 91 91 103 104 92 94 94 93 93 96 96 95 95 98 98 97 97 105 105 100 100 99 99 106 106 102 102 101 101 104 104 103 103 94 94 107 107 96 96 95 95 98 98 97 97 105 105 100 100 99 99 106 106 102 102 101 101 104 104 103 103 108 108 107 107 109 110 110 111 111 112 112 105 113 113 114 114 115 115 116 116 106 117 117 118 118 119 119 120 108 108 109 109 107 110 110 111 111 112 112 121 113 113 114 114 115 115 116 116 122 117 117 118 118 119 119 108 120 120 109 109 123 124 124 110 112 111 125 125 121 121 113 115 114 116 122 122 126 126 118 117 119 127 127 128 120 120 123 123 129 124 124 130 130 131 125 125 121 121 132 133 134 135 122 122 126 126 136 137 137 127 127 138 128 128 123 123 124 129 129 130 130 125 131 131 132 132 134 134 133 133 135 135 136 136 126 137 137 138 138 127 128 128 139 139 140 129 129 141 141 130 131 131 132 132 134 134 133 133 135 135 136 136 137 142 142 138 138 143 144 144 139 139 145 140 140 141 141 146 147 147 148 148 149 149 150 150 151 151 152 152 153 142 142 143 143 154 144 144 145 145 139 140 140 146 146 141 147 147 148 148 149 149 150 150 151 151 152 152 142 153 153 143 143 144 154 154 145 145 155 156 157 146 146 158 159 160 147 161 148 162 149 163 150 164 151 165 152 153 153 166 167 168 154 154 155 155 157 157 156 156 159 159 158 158 160 160 161 161 162 162 163 163 164 164 165 165 167 167 166 166 168 168 155 155 157 157 156 156 159 159 158 158 160 160 161 161 162 162 163 163 164 164 165 165 167 167 166 166 168 168 

30x34
01 01 02 02 03 03 04 04 05 05 06 06 07 07 08 08 09 09 10 10 11 11 12 12 13 13 14 14 15 15 01 01 02 02 03 03 04 04 05 05 06 06 07 07 08 08 09 09 10 10 11 11 12 12 13 13 14 14 15 15 16 16 01 03 02 17 18 19 04 06 05 20 21 22 07 09 08 23 24 11 10 12 25 26 27 14 13 15 28 28 16 16 29 17 17 19 19 18 18 20 20 22 22 21 21 23 23 30 30 24 24 26 26 25 25 27 27 31 28 28 29 29 16 17 17 19 19 18 18 20 20 22 22 21 21 23 23 30 30 24 24 26 26 25 25 27 27 28 31 31 29 29 32 33 33 34 34 35 35 36 36 37 37 38 38 39 39 40 40 30 41 41 42 42 43 43 44 44 31 31 32 32 45 33 33 34 34 35 35 36 36 37 37 38 38 39 39 40 40 46 41 41 42 42 43 43 44 44 47 47 32 32 33 45 45 48 48 34 36 35 37 49 49 50 50 38 40 39 51 41 46 46 52 52 42 44 43 53 47 47 54 54 55 45 45 48 48 56 57 57 58 49 49 50 50 59 51 51 60 60 46 46 52 52 61 62 63 47 53 53 54 54 64 55 55 56 56 48 57 57 49 58 58 59 59 50 51 51 60 60 65 52 61 61 63 63 62 62 53 53 64 64 54 55 55 56 56 66 67 68 57 58 58 59 59 69 70 60 65 65 71 71 61 61 63 63 62 62 72 72 64 64 73 73 74 74 67 67 66 66 68 68 75 75 70 70 69 69 65 65 71 71 76 77 77 78 78 79 72 72 80 80 73 73 74 74 67 67 66 66 68 68 75 75 70 70 69 69 81 71 76 76 82 77 77 78 78 72 79 79 80 80 83 74 73 84 84 85 85 86 86 75 87 87 88 88 81 81 89 89 76 76 77 82 82 90 90 78 79 79 83 83 80 91 92 84 84 85 85 86 86 93 87 87 88 88 81 81 89 89 94 95 96 82 82 90 90 97 98 98 83 83 92 92 91 91 85 84 86 93 93 99 99 100 87 101 88 89 94 94 96 96 95 95 90 97 97 102 98 98 103 103 92 92 91 91 104 105 106 93 93 99 99 107 100 100 101 101 94 94 96 96 95 95 108 97 97 98 102 102 103 103 109 110 110 105 105 104 104 106 106 107 107 99 100 100 101 101 111 111 112 112 108 108 113 113 114 114 102 102 109 109 103 110 110 105 105 104 104 106 106 107 107 115 115 116 116 117 111 111 112 112 108 108 113 113 114 114 118 118 109 109 110 119 119 120 120 121 121 122 122 123 123 115 115 116 116 111 117 117 124 124 112 125 125 114 113 126 118 118 127 127 128 119 119 120 120 121 121 122 122 123 123 129 116 115 130 130 117 117 124 124 131 125 125 126 126 118 132 132 127 127 119 128 128 133 133 120 122 121 134 135 136 123 129 129 130 130 137 124 138 139 125 131 131 126 126 140 132 132 141 141 127 128 128 133 133 142 134 134 136 136 135 135 129 129 137 137 130 139 139 138 138 131 131 140 140 132 143 143 141 141 144 145 145 142 142 133 134 134 136 136 135 135 146 146 137 137 147 139 139 138 138 148 148 140 140 149 143 143 144 144 141 145 145 142 142 150 150 151 151 152 152 153 146 146 147 147 154 154 155 155 156 148 148 149 149 143 157 157 144 144 145 158 158 159 159 150 150 151 151 152 152 146 153 153 147 147 154 154 155 155 148 156 156 149 149 160 157 157 161 161 162 158 158 159 159 163 151 150 164 165 166 152 153 153 167 168 169 170 154 171 155 156 156 172 173 157 160 160 161 161 158 162 162 163 163 159 164 164 166 166 165 165 167 167 169 169 168 168 170 170 171 171 173 173 172 172 160 160 174 174 161 162 162 163 163 175 164 164 166 166 165 165 167 167 169 169 168 168 170 170 171 171 173 173 172 172 176 176 174 174 177 178 178 175 175 179 179 180 180 181 181 182 182 183 183 184 184 185 185 186 186 187 187 188 188 189 176 176 177 177 174 178 178 175 175 179 179 180 180 181 181 182 182 183 183 184 184 185 185 186 186 187 187 188 188 176 189 189 177 177 190 191 192 178 179 193 194 195 181 180 182 196 197 198 184 183 185 199 200 201 187 186 188 202 203 204 189 189 190 190 192 192 191 191 194 194 193 193 195 195 197 197 196 196 198 198 200 200 199 199 201 201 203 203 202 202 204 204 190 190 192 192 191 191 194 194 193 193 195 195 197 197 196 196 198 198 200 200 199 199 201 201 203 203 202 202 204 204 
30x38
01 01 02 02 03 03 04 04 05 05 06 06 07 07 08 08 09 09 10 10 11 11 12 12 13 13 14 14 15 15 01 01 02 02 03 03 04 04 05 05 06 06 07 07 08 08 09 09 10 10 11 11 12 12 13 13 14 14 15 15 16 16 01 03 02 17 17 18 04 19 05 20 06 21 07 22 08 23 09 24 10 12 11 25 25 14 13 15 26 26 16 16 27 28 28 17 17 29 18 18 19 19 20 20 21 21 22 22 23 23 24 24 30 25 25 31 31 32 26 26 27 27 16 28 28 29 29 17 18 18 19 19 20 20 21 21 22 22 23 23 24 24 25 30 30 31 31 26 32 32 27 27 28 33 33 29 29 34 34 35 35 36 36 37 37 38 38 39 39 40 40 41 41 30 30 42 42 31 32 32 43 43 44 33 33 45 45 34 34 35 35 36 36 37 37 38 38 39 39 40 40 41 41 46 46 42 42 47 48 48 43 43 33 44 44 45 45 49 35 34 50 51 51 36 38 37 39 52 52 53 41 40 54 46 46 47 47 42 48 48 55 55 43 44 44 49 49 45 50 50 56 51 51 57 57 58 58 52 52 59 53 53 46 54 54 47 47 48 60 60 55 55 61 62 62 49 49 63 50 50 51 56 56 57 57 58 58 59 59 52 53 53 64 54 54 65 65 66 60 60 61 61 55 62 62 63 63 67 67 68 68 56 56 69 58 57 70 59 59 71 71 72 72 64 64 65 65 60 66 66 61 61 62 73 74 63 63 67 67 68 68 69 69 75 75 76 76 70 70 71 71 72 72 64 64 77 78 65 66 66 79 79 74 74 73 73 80 80 68 67 81 69 69 75 75 76 76 70 70 82 72 71 83 83 78 78 77 77 84 84 79 79 74 74 73 73 80 80 81 81 85 85 86 86 76 75 87 87 88 88 82 82 83 83 78 78 77 77 84 84 89 89 79 90 90 80 91 91 81 81 85 85 86 86 92 93 87 87 88 88 82 82 94 94 83 95 95 84 96 96 89 89 97 90 90 98 91 91 99 85 100 100 92 92 86 87 93 93 101 101 88 102 94 94 103 95 95 104 96 96 97 97 89 98 98 90 99 99 91 105 100 100 92 92 106 107 93 93 101 101 108 94 102 102 95 103 103 96 104 104 97 97 109 98 98 110 99 99 111 111 105 105 100 107 107 106 106 101 108 108 112 112 102 102 113 103 103 114 104 104 109 109 115 115 116 116 110 110 111 111 105 105 117 107 107 106 106 118 108 108 112 112 113 113 119 119 120 120 114 114 109 109 115 115 116 116 110 110 121 121 111 122 122 117 117 118 118 123 123 112 124 125 113 113 119 119 120 120 114 114 126 126 127 116 115 128 128 129 121 121 130 122 122 117 117 118 118 123 123 125 125 124 124 131 131 120 119 132 133 133 126 126 134 127 127 128 128 135 129 129 121 130 130 122 136 137 123 138 138 125 125 124 124 131 131 132 132 139 133 133 134 134 126 127 127 135 135 128 129 129 140 130 130 137 137 136 136 138 138 141 142 142 131 143 143 132 132 133 139 139 134 134 144 145 145 135 135 146 146 147 147 140 140 137 137 136 136 141 141 138 142 142 148 143 143 149 149 150 139 139 144 144 151 145 145 152 152 146 146 147 147 140 140 153 153 154 154 141 141 142 148 148 143 155 155 149 149 156 150 150 144 144 145 151 151 152 152 157 147 146 158 158 159 153 153 154 154 160 161 161 148 148 162 155 155 156 156 149 150 150 163 163 164 151 151 157 157 152 165 165 158 158 153 159 159 160 160 154 161 161 162 162 155 166 166 156 156 167 168 168 163 163 169 164 164 157 157 170 165 165 171 171 158 159 159 160 160 161 172 172 162 162 173 166 166 167 167 174 168 168 169 169 163 164 164 170 170 165 175 175 171 171 176 177 177 178 178 179 172 172 173 173 166 180 180 167 167 168 174 174 169 169 181 182 182 170 170 183 175 175 176 176 171 177 177 178 178 172 179 179 173 173 184 180 180 185 185 186 174 174 181 181 187 182 182 183 183 175 188 189 176 176 190 191 192 177 193 178 179 179 194 195 180 184 184 185 185 196 186 186 181 181 182 187 187 183 183 189 189 188 188 191 191 190 190 192 192 193 193 195 195 194 194 184 184 196 196 185 186 186 197 197 198 187 187 199 199 189 189 188 188 191 191 190 190 192 192 193 193 195 195 194 194 200 200 196 196 201 202 202 197 197 203 198 198 199 199 204 205 205 206 206 207 207 208 208 209 209 210 210 211 211 212 200 200 201 201 213 202 202 203 203 197 198 198 204 204 199 205 205 206 206 207 207 208 208 209 209 210 210 211 211 200 212 212 201 201 202 213 213 203 203 214 215 216 204 204 217 218 219 205 220 206 221 207 222 208 223 209 224 210 225 211 212 212 226 227 228 213 213 214 214 216 216 215 215 218 218 217 217 219 219 220 220 221 221 222 222 223 223 224 224 225 225 227 227 226 226 228 228 214 214 216 216 215 215 218 218 217 217 219 219 220 220 221 221 222 222 223 223 224 224 225 225 227 227 226 226 228 228 


3x3x10
01 02 03 03 03 04 03 03 04 05 05 06 01 02 04 01 02 04 05 05 04 01 02 06 01 02 06 07 07 05 08 08 06 09 09 06 07 07 10 08 08 11 09 09 12 10 10 07 11 11 08 12 12 09 10 10 13 11 11 13 12 12 14 15 16 13 15 16 13 14 14 17 15 16 17 15 16 17 14 14 13 18 18 17 18 18 17 15 16 18 
3x3x15
01 02 03 03 03 04 03 03 04 05 05 06 01 02 04 01 02 04 05 05 04 01 02 06 01 02 06 07 07 05 08 08 06 09 09 06 07 07 10 08 08 11 09 09 12 10 10 07 11 11 08 12 12 09 10 10 13 11 11 13 12 12 14 15 15 13 15 15 13 14 14 15 16 17 17 16 18 18 14 14 13 16 17 17 16 18 18 19 20 21 17 20 21 18 20 21 16 19 19 22 20 21 22 20 21 23 19 19 22 24 25 22 24 25 26 23 23 26 24 25 26 24 25 22 23 23 26 27 27 26 27 27 27 24 25 

3x4x10
01 02 02 03 04 04 05 04 04 04 06 06 07 02 02 01 03 03 01 05 05 08 06 06 02 07 07 01 03 03 01 05 05 06 08 08 09 07 07 10 11 11 10 11 11 11 08 08 12 09 09 10 13 13 10 13 13 13 14 14 15 09 09 12 15 15 12 15 15 10 14 14 16 17 17 12 16 16 12 16 16 14 18 18 19 17 17 20 21 21 20 22 22 23 18 18 17 19 19 20 21 21 20 22 22 18 23 23 24 19 19 21 24 24 22 24 24 20 23 23 
3x4x15
01 02 02 03 04 04 05 04 04 04 06 06 07 02 02 01 03 03 01 05 05 08 06 06 02 07 07 01 03 03 01 05 05 06 08 08 09 07 07 10 11 11 12 11 11 11 08 08 12 09 09 12 13 14 10 13 14 10 15 15 12 09 09 12 13 14 10 13 14 10 15 15 16 16 17 17 17 18 17 17 18 15 13 14 16 16 19 20 20 18 20 20 18 21 21 20 22 22 16 23 24 19 23 24 19 21 21 18 22 22 25 23 24 19 23 24 19 26 26 21 23 24 22 27 27 25 27 27 25 26 26 27 28 28 29 29 29 25 29 29 25 30 30 26 28 28 31 32 32 33 34 34 33 30 30 35 31 31 28 32 32 33 34 34 33 35 35 30 31 31 36 36 36 32 36 36 34 35 35 33 

3x5x6
01 02 02 03 01 01 03 01 01 04 05 06 04 07 07 08 02 02 03 05 06 03 05 06 04 09 09 04 07 07 02 08 08 10 05 06 04 05 06 03 09 09 07 11 11 12 08 08 13 10 10 14 15 16 09 15 16 17 11 11 14 12 12 14 10 10 13 15 16 13 15 16 11 17 17 14 12 12 14 15 16 13 18 18 13 18 18 18 17 17 
3x5x14
01 02 02 03 02 02 02 03 03 04 03 03 04 05 05 06 01 01 07 06 06 08 06 06 04 09 09 04 05 05 08 01 01 08 07 07 04 10 10 11 09 09 05 12 12 08 13 14 08 07 07 15 10 10 09 11 11 16 12 12 15 17 17 15 13 14 10 13 14 18 11 11 12 16 16 15 17 17 15 13 14 19 13 14 20 18 18 21 16 16 17 22 22 20 23 24 20 23 24 19 18 18 19 21 21 25 22 22 20 23 24 20 23 24 19 26 27 19 21 21 22 25 25 28 26 27 28 26 27 29 23 24 29 30 30 31 25 25 28 26 27 28 26 27 29 32 32 29 30 30 33 31 31 33 34 35 29 34 35 28 32 32 30 36 36 33 31 31 33 34 35 37 34 35 32 38 38 39 36 36 37 34 35 37 40 40 33 40 40 40 38 38 36 39 39 37 41 41 37 41 41 41 42 42 38 42 42 42 39 39 
3x5x15
01 02 02 03 02 02 02 04 04 05 04 04 04 06 06 07 01 01 07 08 09 03 08 09 03 05 05 10 06 06 07 01 01 07 08 09 03 08 09 03 05 05 06 10 10 11 12 12 13 11 11 07 11 11 14 08 09 14 10 10 15 12 12 16 13 13 17 16 16 14 16 16 14 18 19 12 15 15 20 13 13 14 18 19 17 18 19 17 21 21 22 15 15 23 20 20 24 18 19 17 18 19 17 21 21 24 22 22 24 20 20 23 25 26 23 25 26 21 27 27 24 22 22 24 28 29 23 25 26 23 25 26 30 27 27 31 32 32 31 25 26 33 28 29 33 28 29 27 30 30 31 32 32 31 34 34 33 28 29 33 28 29 35 30 30 32 36 36 33 34 34 31 37 38 39 37 38 39 35 35 40 36 36 34 41 41 42 37 38 39 37 38 39 35 35 36 40 40 43 41 41 39 43 43 42 43 43 42 37 38 44 40 40 41 44 44 45 44 44 42 45 45 42 45 45 
3x5x16
01 02 02 03 02 02 02 03 03 04 03 03 04 05 05 06 01 01 07 06 06 08 06 06 04 09 09 04 05 05 08 01 01 08 07 07 04 10 10 11 09 09 05 12 12 08 13 14 08 07 07 15 10 10 09 11 11 16 12 12 15 17 17 15 13 14 10 13 14 18 11 11 12 16 16 15 17 17 15 13 14 19 13 14 20 18 18 21 16 16 17 22 22 20 23 24 20 23 24 19 18 18 19 21 21 25 22 22 20 23 24 20 23 24 19 26 27 19 21 21 22 25 25 28 26 27 28 26 27 29 23 24 29 30 30 31 25 25 28 26 27 28 26 27 29 32 32 29 30 30 33 31 31 33 34 35 29 34 35 28 32 32 30 36 36 33 31 31 33 34 35 37 34 35 32 38 38 39 36 36 37 34 35 37 40 40 33 41 41 42 38 38 36 39 39 37 43 43 37 40 40 44 41 41 38 42 42 45 39 39 46 43 43 40 46 46 41 46 46 44 42 42 44 45 45 43 47 47 48 47 47 47 48 48 44 48 48 44 45 45 
3x5x17
01 02 02 03 02 02 02 04 04 05 04 04 04 06 06 07 01 01 07 08 09 03 08 09 03 05 05 10 06 06 07 01 01 07 08 09 03 08 09 03 05 05 06 10 10 11 12 12 11 13 13 07 13 13 13 08 09 14 10 10 11 12 12 11 15 15 16 17 17 18 17 17 17 14 14 12 19 19 20 15 15 11 21 21 16 18 18 16 14 14 22 19 19 15 20 20 23 21 21 16 18 18 16 24 25 19 22 22 26 20 20 21 24 25 23 24 25 23 27 27 28 22 22 29 26 26 30 24 25 23 24 25 23 27 27 30 28 28 30 26 26 29 31 32 29 31 32 27 33 33 30 28 28 30 34 35 29 31 32 29 31 32 36 33 33 37 38 38 37 31 32 39 34 35 39 34 35 33 36 36 37 38 38 37 40 40 39 34 35 39 34 35 41 36 36 38 42 42 39 40 40 37 43 44 45 43 44 45 41 41 46 42 42 40 47 47 48 43 44 45 43 44 45 41 41 42 46 46 49 47 47 45 49 49 48 49 49 48 43 44 50 46 46 47 50 50 51 50 50 48 51 51 48 51 51 
3x5x19
01 02 02 03 02 02 02 04 04 05 04 04 04 06 06 07 01 01 07 08 09 03 08 09 03 05 05 10 06 06 07 01 01 07 08 09 03 08 09 03 05 05 06 10 10 11 12 12 13 11 11 07 11 11 14 08 09 14 10 10 15 12 12 16 13 13 17 16 16 14 16 16 14 18 19 12 15 15 20 13 13 14 18 19 17 18 19 17 21 21 22 15 15 23 20 20 24 18 19 17 18 19 17 21 21 24 22 22 24 20 20 23 25 25 23 26 26 21 27 27 24 22 22 24 28 29 23 25 25 23 26 26 30 27 27 31 32 32 31 33 33 25 28 29 26 28 29 27 30 30 31 32 32 31 33 33 34 28 29 35 28 29 36 30 30 32 37 37 33 38 39 31 38 39 34 35 35 34 36 36 40 37 37 41 38 39 42 38 39 34 35 35 34 36 36 37 40 40 43 41 41 43 44 44 42 38 39 42 45 45 46 40 40 43 41 41 43 44 44 42 47 47 42 45 45 48 46 46 48 49 50 44 49 50 43 47 47 45 51 51 48 46 46 48 49 50 52 49 50 47 53 53 54 51 51 52 49 50 52 55 55 48 55 55 55 53 53 51 54 54 52 56 56 52 56 56 56 57 57 53 57 57 57 54 54 

4x4x15
01 02 02 03 01 04 05 03 06 04 05 07 06 08 08 07 01 02 02 03 01 04 05 03 06 04 05 07 06 08 08 07 09 10 10 02 06 11 11 07 01 11 11 03 11 04 05 08 12 10 10 13 09 13 13 14 09 13 13 14 15 15 16 16 17 12 12 10 09 17 17 14 09 17 17 14 15 15 16 16 18 12 12 19 18 19 19 20 21 19 19 20 21 16 15 14 18 22 23 24 18 25 25 20 21 25 25 20 21 26 26 25 23 23 22 22 21 27 27 24 18 27 27 24 27 26 26 20 23 23 22 22 28 29 29 24 28 29 29 24 29 30 30 26 31 32 33 34 28 35 35 34 28 35 35 36 35 30 30 36 28 37 38 34 31 32 33 34 31 32 33 36 30 39 40 36 38 38 37 37 31 32 33 36 31 32 33 34 40 40 39 39 38 38 37 37 41 42 43 44 45 46 47 48 40 40 39 39 45 46 47 48 45 46 47 48 41 42 43 44 41 42 43 44 45 46 47 48 45 46 47 48 41 42 43 44 41 42 43 44 

4x5x6
01 02 02 03 01 02 02 03 04 05 06 02 07 07 08 08 09 09 10 10 01 05 06 03 01 05 06 03 11 04 04 12 07 07 08 08 09 09 10 10 11 05 06 12 11 05 06 12 01 04 04 03 13 08 07 14 13 10 09 14 11 15 16 12 11 15 16 12 17 18 18 19 13 20 21 14 13 22 23 14 17 15 16 19 17 15 16 19 13 18 18 14 21 21 20 20 23 23 22 22 17 24 24 19 17 24 24 19 24 15 16 18 21 21 20 20 23 23 22 22 
4x5x9
01 02 03 03 01 04 02 02 05 05 02 02 05 05 06 07 08 08 05 07 01 09 03 03 01 10 04 04 11 10 12 13 06 06 12 07 08 08 14 07 11 03 09 09 11 10 04 04 01 10 12 07 06 06 12 13 14 14 08 13 11 15 09 09 11 16 16 17 18 16 16 19 16 10 20 13 14 14 12 13 18 21 21 19 18 15 20 19 22 15 20 17 22 23 23 17 24 24 25 25 18 21 21 19 18 15 20 19 22 15 20 17 22 23 23 17 24 24 25 25 26 27 28 21 29 30 31 32 33 32 32 34 23 32 32 35 22 25 24 36 28 28 27 27 26 29 29 35 26 30 31 35 33 30 31 34 33 36 36 34 28 28 27 27 26 29 29 35 26 30 31 35 33 30 31 34 33 36 36 34 

5x5x6
01 02 02 03 03 01 02 02 04 04 05 06 07 02 08 07 07 09 09 10 07 07 11 11 10 01 12 12 03 03 01 12 12 04 04 12 13 08 08 14 05 06 09 09 10 05 06 11 11 10 15 13 03 16 14 15 13 04 16 14 01 17 08 08 10 05 06 17 17 09 05 06 17 17 11 15 13 18 16 14 15 13 19 16 14 20 21 21 22 23 24 22 22 25 26 27 22 22 25 26 18 18 28 28 23 19 19 28 28 23 15 21 21 16 28 20 24 24 25 26 20 27 27 25 26 18 18 29 29 23 19 19 29 29 23 21 29 30 25 26 20 24 24 30 30 20 27 27 30 30 
5x5x9
01 02 02 03 03 01 02 02 03 03 02 04 03 05 06 07 07 04 04 08 09 09 04 04 08 01 10 11 11 06 01 10 11 11 06 12 11 13 13 14 07 07 15 05 08 09 09 16 05 08 12 10 17 17 06 12 10 17 17 06 01 17 13 13 08 15 15 07 05 14 16 16 09 05 14 12 18 18 19 19 12 18 18 20 20 21 10 22 18 13 15 15 23 24 14 16 16 23 24 14 25 25 26 19 19 25 25 27 20 20 22 22 25 28 29 21 30 23 24 31 21 30 23 24 32 26 26 19 28 29 27 27 20 28 29 22 22 23 24 33 21 30 31 31 34 21 30 32 32 34 26 26 35 28 29 27 27 36 28 29 37 30 33 33 38 39 40 31 31 34 39 40 32 32 34 37 41 41 35 35 37 41 41 36 36 41 42 33 33 34 39 40 42 42 38 39 40 42 42 38 37 43 43 35 35 37 43 43 36 36 39 40 44 43 45 44 44 45 45 38 44 44 45 45 38 

5x7x9
01 02 03 04 04 01 02 05 06 07 05 05 08 06 07 05 05 09 10 10 09 09 11 10 10 09 09 10 12 13 14 15 16 12 13 01 02 17 04 04 01 02 03 06 07 18 19 03 06 07 20 20 08 21 22 14 15 08 23 24 14 15 11 12 13 16 16 11 12 13 18 19 04 17 17 18 19 03 21 22 01 02 03 21 22 20 20 08 06 07 14 15 08 12 13 14 15 11 23 24 16 16 11 23 24 18 19 25 17 17 18 19 26 21 22 26 26 27 21 22 26 26 20 27 27 28 29 30 27 27 30 30 31 23 24 30 30 32 23 24 25 25 33 34 34 33 33 35 35 36 33 33 37 38 36 39 40 37 38 41 39 40 29 29 41 28 42 42 31 31 28 43 43 32 32 25 25 44 34 34 44 44 35 35 36 44 44 37 38 36 39 40 37 38 41 39 40 29 29 41 28 42 42 31 31 28 43 43 32 32 45 46 34 47 47 48 35 37 47 47 49 40 47 50 51 52 52 53 54 36 52 52 55 38 56 39 57 52 42 41 58 59 60 43 61 49 45 45 50 51 49 46 53 50 51 48 46 53 62 62 48 54 54 62 62 58 59 62 55 55 58 59 57 57 56 60 60 61 61 56 49 45 45 50 51 49 46 53 50 51 48 46 53 63 63 48 54 54 63 63 58 59 63 55 55 58 59 57 57 56 60 60 61 61 56 


3x3x3x5
01 02 02 01 03 03 04 05 05 01 02 02 01 03 03 06 04 04 02 07 08 03 07 08 01 04 04 09 10 10 09 11 11 12 05 05 12 13 13 12 13 13 13 06 06 12 07 08 12 07 08 14 15 16 09 10 10 09 11 11 05 17 18 19 20 20 19 20 20 20 06 06 14 15 16 14 15 16 21 07 08 10 17 18 11 17 18 09 22 22 19 23 23 19 23 23 23 22 22 14 15 16 14 15 16 22 21 21 24 17 18 25 17 18 26 27 27 26 24 24 26 25 25 19 27 27 26 24 24 26 25 25 27 21 21 
3x3x4x5
01 02 03 01 02 04 05 06 04 07 07 03 07 07 08 05 06 07 09 10 11 11 11 08 11 11 12 09 10 13 14 15 13 14 15 12 01 02 03 01 02 04 05 06 04 16 16 03 16 16 08 05 06 16 09 10 17 17 17 08 17 17 12 09 10 13 14 15 13 14 15 12 18 19 04 20 20 21 01 02 22 09 10 23 20 20 24 25 26 12 27 28 03 24 24 20 05 06 29 14 15 30 24 24 08 31 32 13 27 28 22 18 19 22 18 19 29 27 28 33 33 33 21 33 33 29 34 34 23 34 34 21 25 26 34 31 32 23 31 32 30 25 26 30 27 28 22 18 19 22 18 19 29 27 28 35 35 35 21 35 35 29 36 36 23 36 36 21 25 26 36 31 32 23 31 32 30 25 26 30 
3x3x5x5
01 02 03 04 02 03 05 06 07 08 09 09 10 11 11 05 06 07 12 09 09 13 11 11 14 15 16 09 12 12 11 13 13 14 15 16 17 12 12 18 13 13 19 20 20 21 02 03 21 02 03 05 06 07 01 08 08 04 10 10 05 06 07 01 22 23 04 24 25 14 15 16 26 22 23 26 24 25 14 15 16 19 17 17 19 18 18 27 20 20 21 28 28 21 29 29 30 02 03 01 08 08 04 10 10 14 15 16 01 22 23 04 24 25 05 06 07 26 22 23 26 24 25 31 32 33 19 17 17 19 18 18 20 27 27 34 28 28 34 29 29 21 30 30 34 35 35 34 35 35 35 32 33 36 37 37 36 38 38 34 32 33 36 37 37 36 38 38 26 31 31 37 22 23 38 24 25 36 27 27 28 39 39 29 39 39 39 30 30 40 41 41 40 41 41 41 32 33 40 42 43 40 42 43 44 32 33 44 42 43 44 42 43 40 31 31 44 45 45 44 45 45 45 42 43 

3x4x4x5
01 02 03 04 05 06 04 05 07 08 08 07 01 02 03 09 05 06 10 05 11 10 12 11 13 05 14 09 13 13 15 13 13 15 12 16 17 18 14 17 18 19 20 20 19 21 21 16 01 02 03 04 22 06 04 22 07 08 08 07 01 02 03 09 22 06 10 22 11 10 12 11 23 22 14 09 23 23 15 23 23 15 12 16 17 18 14 17 18 19 20 20 19 21 21 16 24 25 26 09 25 07 27 28 29 04 28 08 30 25 14 10 25 11 31 28 32 33 28 16 01 02 03 15 28 06 34 25 35 36 37 38 39 40 19 41 42 43 17 18 20 44 12 21 27 24 24 27 45 26 34 45 26 36 37 38 31 40 32 31 45 32 34 45 29 36 37 38 30 40 35 46 46 35 46 46 29 33 45 46 30 39 39 44 41 41 44 42 43 33 42 43 27 24 24 27 47 26 34 47 26 36 37 38 31 40 32 31 47 32 34 47 29 36 37 38 30 40 35 48 48 35 48 48 29 33 47 48 30 39 39 44 41 41 44 42 43 33 42 43 
