Prime boxes of 31-Pentominoes  Toshihiro Shirakawa 2015.04.13

Complete

minimal 8
2x2x2x5

Prime
2x2x2x5
2x2x3x5
2x3x3x5
3x3x3x5

Solutions
2x2x2x5
01 01 02 02 01 02 01 02 03 04 03 04 03 02 01 04 05 05 06 06 03 03 04 04 05 07 08 06 05 06 05 06 08 07 08 07 08 08 07 07 
2x2x3x5
01 02 01 02 02 02 03 03 04 03 04 03 05 05 01 02 04 04 01 01 04 03 06 06 07 05 07 05 08 06 07 05 08 06 08 06 07 07 09 09 10 11 12 09 11 11 08 08 09 12 09 12 10 10 12 12 11 10 11 10 
2x3x3x5
01 01 02 03 02 03 04 04 04 03 02 02 05 04 05 06 06 06 01 07 08 08 03 03 01 07 01 05 06 02 09 04 05 05 06 10 07 07 07 08 11 08 12 12 10 09 11 08 09 09 10 09 10 10 13 13 13 11 11 11 12 13 14 15 16 17 12 18 12 18 16 16 14 14 14 15 15 15 18 13 14 15 17 17 18 18 17 16 17 16 
3x3x3x5
01 02 02 03 03 04 05 05 04 01 01 06 03 05 06 03 05 07 08 09 09 08 08 09 10 10 07 01 02 11 01 03 11 05 04 04 08 02 06 10 02 09 10 04 12 08 06 06 13 07 09 10 07 07 14 14 11 15 12 16 15 12 12 17 11 11 17 18 19 13 13 12 17 18 18 13 18 19 13 19 19 14 16 16 20 20 16 15 21 22 14 16 23 14 18 24 15 15 22 17 17 23 25 26 26 27 19 26 20 24 24 20 22 22 21 21 22 20 25 24 21 27 24 21 27 26 25 25 23 25 23 23 27 27 26 
