Prime boxes of 28-Pentominoes  Toshihiro Shirakawa 2014.04.26

2x2xMxN Complete

minimal 24
2x3x4x5

Possible
2x2x[8-15]x[10,15]
2x3x4x5
2x3x5x[6,7,9]
2x4x4x5
2x4x5x5
2x5x5x5
2x2x3x3x5

Prime
2x2x[8-15]x[10,15]
2x3x4x5
2x3x5x[6,7,9]
2x4x4x5
2x4x5x5
2x5x5x5
2x2x3x3x5

Impossible
2x2x[2-7]xN
2x3x3xN
2x3x5x5
3x3x3xN
2x2x2x3xN
2x2x2x4xN
2x...x2xN
2x...x2x3xN?

Solutions
2x2x8x10
01 02 03 04 01 03 03 03 05 03 06 07 05 05 06 06 08 08 09 09 10 08 11 09 11 11 11 12 13 11 14 12 04 02 04 04 01 02 01 02 07 07 01 07 08 05 09 06 08 05 09 06 10 12 10 10 14 12 14 12 13 13 14 13 04 15 16 17 15 15 18 02 07 18 18 18 19 18 20 21 19 22 23 21 23 23 23 10 14 23 24 24 25 26 24 13 16 16 16 17 15 17 27 17 15 19 28 20 19 19 20 20 22 22 21 21 22 29 21 24 25 30 25 24 25 26 26 26 27 16 27 31 28 17 27 32 28 33 28 20 34 33 34 35 34 35 36 35 22 29 36 29 37 30 25 29 38 30 26 30 27 31 39 31 28 31 40 32 41 32 34 32 33 33 34 36 33 35 36 36 37 35 37 42 37 43 38 29 38 44 38 30 40 39 39 39 40 31 40 45 41 32 46 45 41 41 46 46 47 47 42 42 48 47 37 42 48 43 38 43 44 44 44 43 40 39 49 50 50 51 50 50 50 52 45 45 47 41 45 46 47 48 42 46 48 48 53 54 54 54 55 54 54 56 44 43 51 49 49 49 51 51 57 57 52 52 52 57 58 59 60 61 58 59 60 61 62 53 53 53 62 62 55 55 56 56 56 55 51 49 57 63 63 63 57 63 63 58 52 60 58 58 60 60 59 59 61 61 59 53 61 64 64 62 64 64 64 62 56 55
2x2x8x15
01 02 03 04 01 03 03 03 05 03 06 07 05 05 06 06 08 08 09 09 10 08 11 09 11 11 11 12 13 11 14 12 04 02 04 04 01 02 01 02 07 07 01 07 08 05 09 06 08 05 09 06 10 12 10 10 14 12 14 12 13 13 14 13 04 15 16 17 15 15 18 02 07 18 18 18 19 18 19 20 19 20 21 20 21 21 21 10 14 21 22 22 23 24 22 13 16 16 16 17 15 17 25 17 15 26 19 26 27 26 19 28 29 20 30 31 30 20 30 22 23 32 23 22 23 24 24 24 25 16 25 33 34 17 25 26 35 28 27 26 27 28 27 28 29 31 29 31 30 31 29 36 30 32 23 37 38 32 24 32 25 33 39 33 34 33 34 34 35 28 27 40 35 41 35 40 42 36 43 36 42 31 29 36 37 37 38 37 38 44 38 32 39 39 39 45 46 33 40 34 41 41 40 40 47 41 35 48 47 36 43 48 42 42 43 43 37 42 38 49 50 44 44 44 51 39 46 45 46 45 46 45 41 52 47 53 47 53 47 53 54 48 54 48 54 48 55 43 50 49 50 49 50 49 44 56 51 51 46 51 57 45 58 59 52 52 59 59 52 53 54 60 61 53 54 55 62 62 55 55 62 63 50 64 56 49 56 56 57 65 57 51 57 58 58 58 66 60 59 67 52 60 59 60 61 62 61 55 68 62 61 69 63 63 63 64 56 64 70 64 71 65 57 65 72 58 73 65 66 60 73 67 66 67 66 67 68 69 68 69 68 74 61 69 70 74 63 75 70 64 70 76 71 71 72 71 72 77 72 65 73 77 73 78 73 67 66 78 79 69 68 74 79 74 80 74 70 75 80 75 76 75 76 76 77 81 72 71 77 77 82 83 83 84 83 83 83 78 79 78 79 78 79 85 85 85 86 85 85 87 80 80 76 75 88 80 82 81 81 81 82 89 82 89 84 84 84 89 90 91 92 93 90 91 92 93 94 86 86 86 94 87 94 87 88 88 88 87 82 89 81 95 95 89 95 95 95 90 84 92 90 90 92 92 91 91 93 93 91 86 93 96 96 96 94 96 96 88 94 87
2x2x9x10
01 02 03 04 01 03 03 03 05 03 06 07 05 06 06 06 08 06 09 10 09 09 09 11 12 09 13 11 13 13 13 14 15 13 16 14 04 02 04 04 01 02 01 02 07 07 01 07 05 10 05 10 08 11 05 10 08 11 08 11 12 14 12 12 16 14 16 14 15 15 16 15 04 17 18 19 18 20 18 02 07 20 21 20 21 10 21 22 23 22 23 22 23 24 08 24 25 24 25 12 16 26 25 26 27 26 28 15 29 17 19 19 18 17 19 17 18 30 31 20 21 32 23 20 21 22 23 24 25 22 33 24 25 34 35 26 28 27 28 26 27 27 28 36 29 29 37 29 31 38 19 17 31 30 31 30 32 32 39 30 32 40 41 33 35 42 33 33 35 34 35 34 28 27 43 34 36 44 36 36 37 37 37 29 31 38 45 46 39 38 39 38 40 40 39 30 32 40 41 33 35 42 41 41 43 42 43 42 47 48 43 34 36 44 44 44 45 37 46 46 45 49 45 46 39 49 50 38 40 51 50 52 53 51 54 52 53 55 54 41 43 55 56 42 47 48 56 48 47 47 44 48 45 57 46 49 50 49 58 49 50 59 50 51 60 51 53 51 53 52 53 52 54 52 54 61 54 55 62 55 56 63 56 55 56 47 64 48 58 57 57 57 58 65 58 65 59 59 59 65 60 66 60 66 67 61 60 66 67 61 67 61 68 62 62 62 68 63 68 63 64 64 64 63 58 65 57 69 69 65 69 69 69 66 59 70 70 66 70 70 70 61 60 71 71 71 67 71 71 62 67 72 72 72 68 72 72 64 68 63
2x2x9x15
01 02 03 04 01 03 03 03 05 03 06 07 05 06 06 06 08 06 09 10 09 09 09 11 12 09 13 11 13 13 13 14 15 13 16 14 04 02 04 04 01 02 01 02 07 07 01 07 05 10 05 10 08 11 05 10 08 11 08 11 12 14 12 12 16 14 16 14 15 15 16 15 04 17 18 19 17 17 18 02 07 20 21 20 22 10 21 20 22 23 22 23 24 25 08 23 24 25 24 12 16 26 27 27 28 26 27 15 19 19 29 19 17 20 18 18 17 20 30 18 21 23 21 31 21 23 22 25 32 25 22 25 26 33 24 27 26 26 24 27 28 34 28 28 19 35 29 36 29 36 29 36 37 38 30 39 30 38 30 31 32 31 32 31 32 33 40 33 41 33 40 42 43 34 43 34 43 34 44 28 35 35 35 45 29 36 39 39 37 36 37 39 30 38 37 38 40 31 32 38 40 42 40 33 41 42 43 42 41 41 43 34 46 44 44 44 47 45 35 45 48 45 39 49 48 48 50 48 51 52 37 48 51 51 53 53 54 42 55 53 54 56 54 54 57 41 46 54 46 44 46 58 47 49 47 49 59 45 47 49 50 52 50 52 50 52 53 60 61 51 53 60 61 51 55 56 55 56 55 56 57 58 46 62 57 58 57 58 59 49 59 63 59 64 47 65 64 64 64 52 50 61 64 66 61 61 60 60 67 68 60 56 55 68 68 68 69 58 68 62 70 62 57 62 63 63 59 63 71 72 65 65 71 66 65 66 73 74 73 66 75 76 73 77 67 76 78 76 67 69 67 79 69 69 80 79 70 62 70 70 63 81 71 72 71 72 71 72 73 66 65 74 73 74 75 74 75 77 75 77 78 77 78 76 78 69 67 76 80 79 80 79 80 79 82 70 81 81 81 72 83 84 85 85 83 84 85 74 86 87 75 87 86 87 88 89 88 77 88 89 78 90 91 92 90 90 91 92 80 82 82 82 84 93 81 85 84 84 94 85 83 95 83 87 96 89 83 87 86 89 86 89 88 92 86 97 88 92 98 92 90 99 91 91 90 82 100 91 94 93 93 93 94 101 94 101 95 95 95 101 96 102 96 102 103 97 96 102 103 97 103 97 104 98 98 98 104 99 104 99 100 100 100 99 94 101 93 105 105 101 105 105 105 102 95 106 106 102 106 106 106 97 96 107 107 107 103 107 107 98 103 108 108 108 104 108 108 100 104 99
2x2x10x10
01 02 03 04 01 03 03 03 05 03 06 07 07 07 06 07 07 08 09 08 09 08 09 10 10 11 10 10 10 11 12 13 12 12 12 14 15 12 16 14 04 02 04 04 01 02 01 02 05 05 01 17 06 05 06 08 06 18 19 08 09 18 19 11 09 11 13 11 20 14 13 13 16 14 16 14 15 15 16 15 04 21 22 23 22 22 22 02 24 22 17 17 25 05 17 19 25 25 19 19 18 18 26 26 18 20 13 26 20 20 27 28 16 27 27 27 29 27 30 15 21 21 31 23 21 23 24 23 24 32 24 32 33 32 17 34 35 25 26 34 36 25 26 37 36 20 38 39 38 28 38 28 29 28 29 30 29 40 30 30 41 31 31 31 21 23 24 32 42 33 34 32 33 33 34 34 35 35 37 43 44 35 37 37 36 36 39 39 38 36 39 45 38 28 29 30 40 40 40 46 41 31 41 41 47 48 49 50 42 33 49 51 42 42 51 51 44 44 37 43 44 35 43 43 52 52 45 45 52 53 39 45 54 53 55 56 46 46 40 46 48 48 47 41 47 48 47 50 49 50 49 50 49 42 51 57 58 44 51 59 58 52 43 59 60 52 45 53 54 53 54 53 54 56 55 56 46 56 55 55 48 61 47 62 62 62 63 62 62 50 57 57 64 58 65 57 58 58 65 65 66 66 59 59 60 66 59 67 60 60 54 68 68 69 68 68 68 56 70 55 63 61 61 61 63 71 63 71 64 64 57 71 64 72 73 72 66 72 73 65 66 74 75 65 75 74 75 67 76 60 67 67 76 69 76 69 70 70 70 69 63 71 61 77 77 71 77 77 77 64 78 72 78 78 78 72 73 78 73 74 73 74 79 74 75 79 79 79 75 79 67 80 80 80 76 80 80 70 76 69
2x2x10x11
01 02 03 04 01 03 03 03 05 03 06 07 07 07 06 07 07 08 09 08 09 08 09 10 10 11 10 10 10 11 12 13 12 12 12 14 15 12 16 14 04 02 04 04 01 02 01 02 05 05 01 17 06 05 06 08 06 18 19 08 09 20 21 11 09 11 13 11 22 14 13 13 16 14 16 14 15 15 16 15 04 23 24 25 26 23 24 02 26 26 17 17 19 05 17 18 19 18 19 18 21 20 21 20 21 22 13 20 22 22 27 27 16 28 29 27 30 28 29 15 25 31 25 25 23 23 24 24 23 26 32 24 19 26 17 18 33 34 33 35 33 35 36 35 21 22 27 20 28 37 27 29 28 28 29 29 30 30 38 30 25 31 31 31 39 39 32 32 39 40 32 41 42 40 33 40 36 34 33 34 36 35 36 34 43 35 43 44 45 37 43 46 37 37 46 46 38 38 38 30 47 39 31 48 47 39 49 32 42 41 42 41 42 41 50 40 36 51 50 40 43 52 53 34 43 52 45 44 45 44 45 44 37 54 46 55 56 38 46 55 48 57 48 48 47 47 49 49 50 47 42 49 50 41 50 58 53 51 53 58 59 51 53 51 59 52 45 52 54 44 55 52 54 54 55 55 56 56 60 56 48 57 57 57 61 61 62 62 63 61 62 49 63 64 65 66 53 58 59 58 59 58 59 51 67 68 69 70 54 71 72 70 71 71 72 72 60 60 60 56 61 73 57 62 61 63 74 62 63 63 66 66 75 64 65 66 65 64 65 64 69 68 69 68 67 68 69 76 67 67 70 70 71 77 70 72 71 60 78 72 74 73 73 73 74 79 74 79 75 75 66 79 75 80 81 80 65 80 81 64 69 82 83 68 83 82 83 76 84 67 76 76 84 77 84 77 78 78 78 77 74 79 73 85 85 79 85 85 85 75 86 80 86 86 86 80 81 86 81 82 81 82 87 82 83 87 87 87 83 87 76 88 88 88 84 88 88 78 84 77
2x2x10x12
01 02 03 04 01 03 03 03 05 03 06 07 07 07 06 07 07 08 09 08 09 08 09 10 10 11 10 10 10 11 12 13 12 12 12 14 15 12 16 14 04 02 04 04 01 02 01 02 05 05 01 17 06 05 06 08 06 18 19 08 09 20 21 11 09 11 13 11 22 14 13 13 16 14 16 14 15 15 16 15 04 23 24 25 24 17 24 02 26 17 27 17 26 05 19 19 21 18 19 18 21 20 21 18 20 20 13 28 22 29 22 28 16 30 22 30 31 30 32 15 23 23 23 25 24 17 25 25 24 27 27 27 26 33 26 19 21 33 26 33 34 28 34 18 20 28 34 28 29 29 29 30 31 31 22 30 31 32 32 32 35 36 23 37 35 36 25 36 38 27 39 40 38 40 39 40 34 41 42 33 34 41 42 33 43 44 43 45 43 44 29 45 46 31 46 47 48 32 46 47 37 49 37 37 35 38 35 36 38 38 35 36 39 40 39 42 39 40 42 42 41 41 43 44 41 44 43 44 46 47 45 45 46 47 45 47 48 48 50 48 37 49 49 49 51 52 53 52 51 51 53 52 54 55 56 55 54 55 56 56 57 57 58 59 58 57 58 59 60 61 62 62 60 61 60 62 50 50 50 48 53 52 49 63 53 52 53 64 65 51 54 55 54 51 54 55 57 66 67 56 57 66 67 56 58 59 62 59 58 59 62 68 69 61 60 61 70 50 60 61 63 63 64 63 71 72 64 64 65 72 65 65 67 73 74 73 67 75 67 73 76 66 77 66 76 78 76 66 68 68 79 68 69 69 79 80 70 69 70 70 63 81 64 72 71 72 82 72 71 73 71 65 83 73 74 74 77 75 77 74 78 75 77 75 78 78 76 84 68 80 76 80 79 85 79 80 79 69 86 70 82 81 81 81 82 87 82 87 83 83 71 87 83 88 89 88 77 88 89 74 78 90 91 75 91 90 91 84 92 80 84 84 92 85 92 85 86 86 86 85 82 87 81 93 93 87 93 93 93 83 94 88 94 94 94 88 89 94 89 90 89 90 95 90 91 95 95 95 91 95 84 96 96 96 92 96 96 86 92 85
2x2x10x13
01 02 03 04 01 03 03 03 05 03 06 07 07 07 06 07 07 08 09 08 09 08 09 10 10 11 10 10 10 11 12 13 12 12 12 14 15 12 16 14 04 02 04 04 01 02 01 02 05 05 01 17 06 05 06 08 06 18 19 08 09 20 21 11 09 11 13 11 22 14 13 13 16 14 16 14 15 15 16 15 04 23 24 25 24 17 24 02 26 17 27 17 26 05 19 19 21 18 19 18 21 20 21 18 20 20 13 28 22 29 22 28 16 30 22 30 31 30 32 15 23 23 23 25 24 17 25 25 24 27 27 27 26 33 26 19 21 33 26 33 34 28 34 18 20 28 34 28 29 29 29 30 31 31 22 30 31 32 32 32 35 36 23 37 35 35 25 35 38 27 39 35 39 39 39 40 34 39 41 33 34 42 43 33 44 43 43 43 45 43 29 46 45 31 45 45 47 32 48 45 36 36 36 37 49 49 37 37 38 49 38 50 51 40 38 40 41 40 41 42 41 42 44 42 44 46 44 52 53 46 54 46 47 47 54 54 47 48 48 48 49 55 36 56 49 55 37 57 51 50 51 50 51 50 38 58 59 40 60 42 41 61 44 62 63 46 53 52 53 52 53 52 64 47 65 54 66 48 65 54 56 56 57 56 55 55 57 57 55 58 51 58 59 50 59 58 59 61 60 61 60 61 60 62 63 62 53 62 63 52 63 65 64 64 65 65 66 64 66 66 56 67 57 68 67 67 67 69 70 58 67 71 71 71 59 71 71 72 73 61 60 72 73 74 74 62 74 74 74 75 63 76 77 75 75 75 78 64 75 66 68 68 69 68 79 80 69 69 70 80 70 70 73 81 82 81 73 83 73 81 84 72 85 72 84 86 84 72 76 76 87 76 77 77 87 88 78 77 78 78 68 89 69 80 79 80 90 80 79 81 79 70 91 81 82 82 85 83 85 82 86 83 85 83 86 86 84 92 76 88 84 88 87 93 87 88 87 77 94 78 90 89 89 89 90 95 90 95 91 91 79 95 91 96 97 96 85 96 97 82 86 98 99 83 99 98 99 92 100 88 92 92 100 93 100 93 94 94 94 93 90 95 89 101 101 95 101 101 101 91 102 96 102 102 102 96 97 102 97 98 97 98 103 98 99 103 103 103 99 103 92 104 104 104 100 104 104 94 100 93
2x2x10x14
01 02 03 04 01 03 03 03 05 03 06 07 07 07 06 07 07 08 09 08 09 08 09 10 10 11 10 10 10 11 12 13 12 12 12 14 15 12 16 14 04 02 04 04 01 02 01 02 05 05 01 17 06 05 06 08 06 18 19 08 09 20 21 11 09 11 13 11 22 14 13 13 16 14 16 14 15 15 16 15 04 23 24 25 24 17 24 02 26 17 27 17 26 05 19 19 21 18 19 18 21 20 21 18 20 20 13 28 22 29 22 28 16 30 22 30 31 30 32 15 23 23 23 25 24 17 25 25 24 27 27 27 26 33 26 19 21 33 26 33 34 28 34 18 20 28 34 28 29 29 29 30 31 31 22 30 31 32 32 32 35 36 23 37 36 36 25 38 38 27 38 38 38 39 40 39 34 39 40 33 34 41 42 33 42 41 42 43 43 43 29 43 43 31 44 44 45 32 44 46 35 47 35 37 36 37 35 37 36 48 49 39 50 48 49 39 40 51 40 41 40 41 52 41 42 53 54 55 42 53 54 44 45 46 45 44 45 46 56 46 47 47 47 57 49 37 35 48 49 48 49 48 50 50 58 50 51 51 59 52 51 60 52 52 55 61 55 55 54 53 54 53 54 46 45 53 62 56 56 56 57 57 47 57 63 64 65 66 65 64 65 64 58 58 58 50 60 60 59 52 51 60 59 59 55 61 61 61 67 68 67 68 69 68 67 70 62 56 62 62 57 66 63 66 63 71 63 66 65 71 72 64 65 58 72 64 60 73 74 73 74 73 74 59 67 75 61 68 67 75 76 68 69 70 76 70 69 70 69 62 71 66 63 77 71 71 78 79 80 78 78 78 72 78 72 73 72 81 82 73 74 81 82 75 74 75 83 75 83 83 83 84 85 83 76 76 86 70 69 76 77 77 79 77 87 88 79 79 80 88 80 80 82 89 90 89 82 91 82 89 92 81 93 81 92 94 92 81 84 84 95 84 85 85 95 96 86 85 86 86 77 97 79 88 87 88 98 88 87 89 87 80 99 89 90 90 93 91 93 90 94 91 93 91 94 94 92 100 84 96 92 96 95 101 95 96 95 85 102 86 98 97 97 97 98 103 98 103 99 99 87 103 99 104 105 104 93 104 105 90 94 106 107 91 107 106 107 100 108 96 100 100 108 101 108 101 102 102 102 101 98 103 97 109 109 103 109 109 109 99 110 104 110 110 110 104 105 110 105 106 105 106 111 106 107 111 111 111 107 111 100 112 112 112 108 112 112 102 108 101
2x2x10x15
01 02 03 04 01 03 03 03 05 03 06 07 07 07 06 07 07 08 09 08 09 08 09 10 10 11 10 10 10 11 12 13 12 12 12 14 15 12 16 14 04 02 04 04 01 02 01 02 05 05 01 17 06 05 06 08 06 18 19 08 09 20 21 11 09 11 13 11 22 14 13 13 16 14 16 14 15 15 16 15 04 23 24 25 24 17 24 02 26 17 27 17 26 05 19 19 21 18 19 18 21 20 21 18 20 20 13 28 22 29 22 28 16 30 22 30 31 30 32 15 23 23 23 25 24 17 25 25 24 27 27 27 26 33 26 19 21 33 26 33 34 28 34 18 20 28 34 28 29 29 29 30 31 31 22 30 31 32 32 32 35 36 23 37 36 36 25 38 38 27 38 38 38 39 40 39 34 39 40 33 34 41 42 33 42 41 42 43 43 43 29 43 43 31 44 44 45 32 44 46 35 47 35 37 36 37 35 37 36 48 49 39 48 48 49 39 40 50 40 41 40 41 51 41 42 52 53 53 42 52 53 44 45 46 45 44 45 46 54 46 55 47 47 47 49 37 35 56 49 57 49 58 48 58 59 58 48 50 51 51 50 50 51 53 60 61 60 53 60 52 62 52 63 46 45 52 54 54 54 64 55 56 47 65 55 56 55 56 59 57 59 57 66 58 59 57 66 58 67 51 50 68 60 69 62 61 60 69 62 61 62 61 63 64 63 64 70 54 63 64 65 56 65 65 71 72 55 73 59 72 66 72 66 74 66 57 68 74 67 67 68 68 75 67 62 69 75 69 76 69 76 61 77 64 76 78 70 70 63 70 65 73 71 73 71 79 71 73 74 79 80 72 74 74 80 72 68 81 82 81 82 81 82 67 76 83 75 75 76 83 84 75 77 78 84 78 77 78 77 70 79 73 71 85 79 79 86 87 88 86 86 86 80 86 80 81 80 89 90 81 82 89 90 83 82 83 91 83 91 91 91 92 93 91 84 84 94 78 77 84 85 85 87 85 95 96 87 87 88 96 88 88 90 97 98 97 90 99 90 97 100 89 101 89 100 102 100 89 92 92 103 92 93 93 103 104 94 93 94 94 85 105 87 96 95 96 106 96 95 97 95 88 107 97 98 98 101 99 101 98 102 99 101 99 102 102 100 108 92 104 100 104 103 109 103 104 103 93 110 94 106 105 105 105 106 111 106 111 107 107 95 111 107 112 113 112 101 112 113 98 102 114 115 99 115 114 115 108 116 104 108 108 116 109 116 109 110 110 110 109 106 111 105 117 117 111 117 117 117 107 118 112 118 118 118 112 113 118 113 114 113 114 119 114 115 119 119 119 115 119 108 120 120 120 116 120 120 110 116 109
2x2x11x15
01 02 03 04 01 03 03 03 05 03 06 07 05 08 06 06 09 08 08 08 09 10 08 11 10 10 10 11 12 12 10 13 14 12 15 13 15 15 15 16 17 15 18 16 04 02 04 04 01 02 01 02 19 07 01 07 05 07 05 06 20 11 05 06 09 11 09 11 12 13 09 21 12 13 14 13 14 16 14 22 18 16 18 16 17 17 18 17 04 23 24 25 23 23 24 02 19 26 19 26 27 07 19 26 20 28 20 28 29 21 20 28 29 21 29 21 30 22 14 31 30 22 30 22 18 32 33 33 34 32 33 17 25 25 35 25 23 26 24 24 23 26 36 24 27 28 19 37 27 28 27 38 39 21 20 38 39 31 29 31 40 22 29 31 32 41 30 33 32 32 30 33 34 42 34 34 25 43 35 35 36 44 36 35 45 44 36 44 37 38 37 37 46 38 27 38 46 47 48 49 39 31 39 49 40 40 39 40 50 41 50 51 42 41 50 41 42 42 52 34 43 43 43 53 36 54 55 35 45 54 45 44 37 46 45 44 46 46 48 48 56 47 48 57 47 47 49 49 50 51 49 40 50 51 58 51 42 59 58 41 60 52 52 52 61 53 43 53 55 53 55 62 55 54 63 54 64 65 45 54 64 57 64 48 56 57 56 57 47 66 56 66 58 51 67 66 58 68 58 59 69 59 60 59 60 52 60 70 61 62 61 62 71 53 61 62 55 72 63 65 63 65 63 65 73 57 64 74 75 66 64 74 75 66 56 76 67 68 67 68 67 68 77 59 69 70 60 78 69 70 69 70 71 62 71 79 71 72 61 72 80 72 80 65 63 74 80 81 73 74 82 74 73 76 73 76 75 83 75 76 84 85 75 68 67 85 77 85 77 70 77 78 86 78 69 78 79 79 71 79 80 87 88 72 80 81 89 81 90 91 89 81 90 90 82 82 83 76 73 82 83 83 92 92 84 93 94 92 84 93 84 85 77 95 96 85 86 78 86 86 79 97 88 88 89 87 88 87 89 81 89 87 98 91 91 91 98 90 98 99 83 90 92 82 100 101 92 101 94 94 94 101 96 93 84 93 96 95 96 93 95 95 102 86 97 97 97 88 103 104 105 105 103 104 105 87 106 99 91 107 106 99 98 99 108 101 98 109 100 101 100 110 111 94 100 110 96 112 113 114 112 112 113 114 95 102 102 102 104 115 97 105 104 104 116 105 103 107 103 107 117 99 103 107 106 109 106 109 108 110 106 109 108 110 108 110 111 114 100 118 111 114 111 114 112 119 113 113 112 102 120 113 116 115 115 115 116 121 116 121 117 107 117 121 117 122 123 122 124 109 123 122 124 125 124 125 126 127 108 125 126 127 126 118 128 118 111 118 128 119 128 119 120 120 120 119 116 121 115 129 129 121 129 129 129 122 117 123 130 122 123 123 130 125 130 130 131 125 124 130 131 131 124 131 127 127 126 131 127 118 126 132 132 132 128 132 132 120 128 119
2x2x12x15
01 02 03 04 01 03 03 03 05 03 06 07 05 08 06 06 09 08 08 08 10 10 08 11 10 12 11 11 12 12 12 13 14 14 12 15 16 14 17 15 17 17 17 18 19 17 20 18 04 02 04 04 01 02 01 02 21 07 01 07 05 07 05 06 09 10 05 06 09 10 09 22 23 13 11 13 14 15 11 13 14 15 16 15 16 18 16 24 20 18 20 18 19 19 20 19 04 25 26 27 25 25 26 02 21 28 21 28 29 07 21 28 30 22 31 22 30 30 09 22 23 13 32 32 23 33 23 32 34 24 16 35 34 24 34 24 20 36 37 37 38 36 37 19 27 27 39 27 25 28 26 26 25 28 40 26 29 29 21 29 41 22 31 31 42 30 32 31 33 30 32 43 33 33 23 44 35 24 35 35 36 45 34 37 36 36 34 37 38 46 38 38 27 47 39 39 40 48 40 39 49 48 40 48 50 51 41 29 41 51 41 52 42 43 42 31 33 43 42 43 53 44 54 44 35 44 54 55 56 45 56 57 46 45 56 45 46 46 58 38 59 47 47 47 40 60 49 39 49 50 49 48 50 50 41 48 51 51 52 52 51 43 52 61 62 53 42 54 53 53 54 54 56 44 55 55 56 57 55 57 46 57 63 45 58 58 58 64 59 59 47 59 60 60 49 65 60 50 66 65 66 67 66 67 68 67 61 61 68 68 52 61 62 53 69 69 62 62 70 69 70 71 70 71 72 71 55 63 72 57 63 63 64 58 64 64 73 65 74 59 73 65 73 65 60 75 76 67 66 77 76 67 66 77 61 78 79 68 69 80 79 68 69 80 81 62 82 71 70 83 82 71 70 83 84 63 72 85 72 85 64 86 72 85 74 74 74 87 75 75 73 88 89 75 73 77 76 77 76 77 76 79 78 78 79 79 78 90 91 81 80 80 81 81 80 83 82 83 82 83 82 85 84 92 93 85 84 84 94 86 86 86 87 74 87 87 75 95 96 88 89 88 97 88 89 89 97 98 99 99 90 90 100 99 78 90 91 81 101 102 91 91 101 101 103 104 92 92 93 104 93 92 93 105 106 84 94 94 86 94 87 107 96 96 97 95 96 95 97 88 97 95 99 89 108 98 99 98 90 98 100 102 109 102 100 110 100 102 103 91 103 101 103 111 92 101 106 104 93 104 106 105 106 104 105 105 112 94 107 107 107 96 113 114 115 115 113 114 115 95 108 108 108 116 117 98 109 109 118 102 109 119 118 110 100 119 110 110 103 120 121 111 111 111 106 122 123 124 122 122 123 124 105 112 112 112 114 125 107 115 114 114 126 115 113 116 113 116 127 108 113 116 117 118 117 109 118 118 117 128 129 120 119 119 110 120 119 120 121 124 111 130 121 124 121 124 122 131 123 123 122 112 132 123 126 125 125 125 126 133 126 133 127 116 127 133 127 134 135 134 136 128 135 134 136 128 117 128 129 120 129 137 138 139 129 137 138 139 138 130 140 130 121 130 140 131 140 131 132 132 132 131 126 133 125 141 141 133 141 141 141 134 127 135 142 134 135 135 142 128 142 142 136 136 137 142 143 136 137 137 143 143 129 143 139 139 138 143 139 130 138 144 144 144 140 144 144 132 140 131
2x2x13x15
01 02 03 04 01 03 03 03 05 03 06 07 05 08 06 06 09 08 08 08 09 09 08 09 10 11 12 09 10 13 10 10 13 13 13 10 14 14 13 15 16 14 17 15 17 17 17 18 19 17 20 18 04 02 04 04 01 02 01 02 21 07 01 07 05 07 05 06 22 23 05 06 12 23 24 23 12 11 12 11 25 26 25 11 14 15 25 27 14 15 16 15 16 18 16 28 20 18 20 18 19 19 20 19 04 29 30 31 29 29 30 02 21 32 21 32 33 07 21 32 22 22 24 24 12 22 24 23 25 34 35 23 25 26 27 11 26 26 27 27 36 28 16 37 36 28 36 28 20 38 39 39 40 38 39 19 31 31 41 31 29 32 30 30 29 32 42 30 33 33 21 43 44 33 45 24 35 22 45 45 35 34 35 34 46 46 27 34 26 46 37 47 48 28 37 37 38 49 36 39 38 38 36 39 40 50 40 40 31 51 41 41 42 52 42 41 53 52 42 52 44 54 44 43 44 33 43 43 35 55 56 45 46 55 57 45 46 58 57 34 48 48 37 47 48 47 59 47 60 49 60 61 50 49 60 49 50 50 62 40 63 51 51 51 42 64 53 41 53 65 53 52 66 54 44 52 55 54 43 54 55 55 56 67 56 58 56 58 68 58 57 57 59 48 59 57 60 47 59 69 60 61 70 61 50 61 71 49 62 62 62 72 63 63 51 63 64 64 53 73 64 65 66 73 66 65 66 65 74 74 67 54 74 75 67 67 56 76 77 58 68 68 78 79 59 68 79 79 70 69 70 69 80 69 70 71 80 61 71 71 72 62 72 72 81 73 82 63 81 73 81 73 64 83 66 84 85 74 86 65 85 74 67 87 77 75 77 75 78 76 77 75 78 76 78 76 88 68 79 89 70 90 79 89 91 69 92 71 80 93 80 93 72 94 80 93 82 82 82 95 83 83 81 96 86 83 81 84 86 84 86 84 85 85 97 87 77 85 87 87 78 98 99 75 88 88 89 76 88 100 89 89 91 90 91 90 91 93 92 90 101 93 92 92 102 94 94 94 95 82 95 95 83 103 104 96 86 96 105 96 97 84 105 106 97 107 97 108 107 107 87 98 99 98 99 98 99 88 109 109 110 100 109 100 111 112 91 100 101 112 101 90 101 113 114 92 102 102 94 102 95 115 104 104 105 103 104 103 105 96 105 103 97 106 108 106 116 106 108 108 107 117 118 98 107 119 118 109 99 119 120 109 110 110 111 121 111 110 111 100 114 112 101 112 114 113 114 112 113 113 122 102 115 115 115 104 123 124 125 125 123 124 125 103 116 116 108 126 116 106 127 118 128 117 118 118 120 117 120 117 119 119 120 129 119 130 111 121 131 110 121 121 114 132 133 134 132 132 133 134 113 122 122 122 124 135 115 125 124 124 136 125 123 126 123 126 137 116 123 126 128 128 127 127 128 138 139 127 120 140 139 117 130 140 141 129 130 130 129 129 131 134 121 142 131 134 131 134 132 143 133 133 132 122 144 133 136 135 135 135 136 145 136 145 137 126 137 145 137 146 147 146 139 128 147 146 139 138 139 127 141 138 141 138 130 140 141 140 148 149 129 140 148 149 148 142 150 142 131 142 150 143 150 143 144 144 144 143 136 145 135 151 151 145 151 151 151 146 137 147 152 146 147 147 152 153 152 152 153 153 153 152 141 154 153 138 155 154 154 154 155 155 154 155 149 149 148 155 149 142 148 156 156 156 150 156 156 144 150 143
2x2x14x15
01 02 03 04 01 03 03 03 05 03 06 07 05 08 06 06 08 08 09 10 09 09 09 10 11 09 11 12 11 12 13 12 14 13 13 13 14 13 15 15 16 16 15 17 18 16 19 17 19 19 19 20 21 19 22 20 04 02 04 04 01 02 01 02 23 07 01 07 05 07 05 06 08 24 05 06 08 10 11 10 25 10 11 26 27 12 14 28 14 12 14 15 16 17 29 15 16 17 18 17 18 20 18 30 22 20 22 20 21 21 22 21 04 31 32 33 32 32 32 02 23 32 23 34 35 07 23 34 36 24 37 24 38 26 25 24 25 26 25 26 27 28 27 28 29 28 27 39 29 40 29 41 42 30 18 43 42 30 44 30 22 44 44 44 45 44 46 21 33 31 33 33 47 31 34 31 35 35 34 34 35 36 23 37 36 36 37 37 38 26 25 24 38 48 38 49 50 39 51 39 29 28 27 39 40 40 41 41 40 30 41 43 42 42 43 43 46 42 46 52 45 45 46 45 33 47 53 54 47 47 55 31 56 35 55 55 57 36 58 37 57 59 58 58 48 48 49 49 60 48 38 49 50 39 51 61 50 50 51 51 62 62 63 64 40 62 41 64 65 65 43 66 46 65 52 52 67 68 52 45 69 47 53 54 53 54 53 54 56 57 56 55 57 57 56 55 59 59 59 58 48 70 49 58 60 70 61 61 60 60 71 61 62 50 71 51 62 63 63 63 65 66 64 64 65 66 64 66 67 68 67 68 67 68 52 72 69 73 69 69 53 54 74 75 75 75 76 75 75 77 56 78 79 80 59 81 80 80 81 81 70 70 61 71 70 60 71 71 82 82 83 83 82 63 83 84 85 66 86 87 87 88 87 87 87 89 67 68 72 72 90 72 74 73 91 69 74 73 74 73 76 77 76 77 76 77 79 78 79 78 79 78 80 92 81 93 80 92 81 93 94 82 95 83 94 82 95 83 85 84 85 84 85 84 86 88 86 88 86 88 90 89 90 89 72 96 90 89 74 91 91 91 97 98 99 73 99 99 99 77 76 99 79 100 92 78 93 101 92 92 93 93 102 102 103 104 105 102 103 103 94 94 95 95 106 94 85 95 107 84 108 88 86 108 108 108 90 108 109 110 96 96 96 89 111 91 97 98 97 98 97 98 112 100 113 100 112 112 113 100 101 101 114 101 102 115 114 116 102 105 104 104 105 105 104 103 117 118 119 103 106 118 106 106 107 120 121 121 107 120 107 121 109 110 109 110 109 110 96 122 111 123 97 98 111 111 124 113 125 100 113 113 126 112 127 114 101 112 114 114 115 115 116 116 115 105 116 128 129 117 104 119 117 117 119 119 118 118 121 106 118 130 121 131 120 120 107 132 120 133 122 122 109 110 134 122 124 123 123 123 124 111 124 135 125 125 135 135 126 125 127 136 126 126 127 127 137 128 138 139 115 128 116 128 129 117 129 119 140 141 129 142 130 130 131 131 143 130 132 131 144 144 132 132 144 133 122 133 134 134 134 133 124 145 123 146 146 146 147 146 146 136 135 136 148 125 135 136 138 126 138 127 137 128 138 139 137 139 137 139 140 142 140 142 140 141 129 142 130 141 131 141 143 144 132 149 143 144 143 150 150 151 150 150 150 134 152 133 147 145 145 145 147 153 147 153 148 136 148 153 148 154 155 154 138 156 155 154 157 156 157 158 157 139 137 158 159 142 140 160 159 160 161 160 162 163 161 141 162 163 162 149 164 149 143 149 164 151 164 151 152 152 152 151 147 153 145 165 165 153 165 165 165 154 148 155 156 154 155 155 156 156 157 166 166 166 157 166 166 158 159 158 159 158 159 167 167 160 167 167 167 160 161 161 163 163 162 161 163 149 162 168 168 168 164 168 168 152 164 151
2x2x15x15
01 02 03 04 01 03 03 03 05 03 06 07 05 08 06 06 08 08 09 10 11 10 09 10 11 11 12 11 13 14 12 11 13 14 13 13 15 16 15 13 15 16 17 17 18 18 17 19 20 18 21 19 21 21 21 22 23 21 24 22 04 02 04 04 01 02 01 02 25 07 01 07 05 07 05 06 08 26 05 06 08 10 09 09 14 10 27 09 14 14 12 12 16 28 15 12 16 16 15 17 18 19 29 17 18 19 20 19 20 22 20 30 24 22 24 22 23 23 24 23 04 31 32 33 31 31 32 02 25 34 25 34 35 07 25 34 35 26 36 26 36 36 36 26 37 36 27 27 28 38 39 27 28 28 40 41 29 40 40 40 29 40 29 42 43 30 20 42 43 30 43 30 24 44 45 45 46 44 45 23 33 33 47 33 31 34 32 32 31 34 48 32 49 50 25 50 35 51 35 50 52 37 35 26 37 37 39 39 28 38 39 27 38 38 41 41 29 42 41 53 54 42 55 42 54 30 54 56 44 57 43 45 44 44 43 45 46 58 46 46 33 59 47 47 60 61 62 47 60 50 48 48 49 50 49 48 63 51 49 51 52 37 52 51 64 65 52 39 64 65 66 67 38 53 66 67 55 53 41 53 55 56 55 68 57 56 54 56 57 57 54 69 58 70 71 69 58 58 72 46 62 59 59 59 62 61 62 47 60 61 60 61 73 73 60 48 63 73 49 74 63 64 63 51 64 64 52 66 65 65 66 66 65 53 67 67 55 68 67 68 75 56 76 68 57 69 76 76 71 69 71 69 58 70 71 70 72 72 72 70 62 77 59 78 79 77 77 77 73 80 77 61 73 80 74 74 81 81 82 74 81 83 63 84 84 84 85 84 84 86 87 88 88 89 88 88 88 68 90 91 75 92 91 91 75 75 93 76 71 94 93 76 94 94 94 95 96 72 94 70 79 78 79 78 79 78 97 80 97 80 97 80 98 81 74 99 98 81 82 83 82 83 82 83 85 86 85 86 85 86 87 89 87 89 87 89 90 92 90 92 90 92 91 100 101 75 91 100 93 102 93 102 93 102 96 95 96 95 96 95 103 104 79 105 103 78 103 103 97 106 107 103 97 106 99 99 98 98 99 83 82 98 108 109 108 108 108 86 85 108 110 89 87 110 110 110 111 110 100 92 90 101 100 100 101 101 112 102 113 114 112 102 113 113 96 113 115 95 116 113 105 104 105 105 107 104 117 104 107 118 107 118 106 106 119 118 106 109 99 120 121 109 122 109 121 121 123 124 125 125 123 123 126 125 127 127 111 128 111 127 129 101 111 112 130 131 112 112 130 114 130 114 116 132 116 114 115 115 116 115 105 133 117 117 107 118 117 104 134 118 119 119 134 120 119 120 122 109 122 120 135 124 122 124 125 121 136 124 125 121 127 123 126 137 127 123 126 128 126 138 129 128 111 128 129 131 129 139 131 131 130 139 116 132 130 114 132 132 140 115 133 133 133 117 141 142 143 143 141 142 143 119 134 120 134 144 122 145 134 145 135 124 146 145 135 135 136 136 137 147 148 136 137 137 138 138 149 150 126 138 149 139 149 128 151 139 129 139 131 152 153 154 152 152 153 154 132 140 140 140 142 155 133 143 142 142 156 143 141 144 141 144 157 145 141 144 146 145 146 158 158 158 146 158 158 135 148 148 137 147 148 136 147 147 138 159 159 150 159 159 159 150 149 150 151 154 149 160 151 154 151 154 152 161 153 153 152 140 162 153 156 155 155 155 156 163 156 163 157 144 157 163 157 164 165 164 146 166 165 164 167 166 168 168 167 169 168 148 169 169 170 170 147 171 170 172 171 171 173 172 174 175 173 150 174 175 174 160 176 160 151 160 176 161 176 161 162 162 162 161 156 163 155 177 177 163 177 177 177 164 157 165 166 164 165 165 166 166 167 168 167 178 167 168 178 178 178 170 169 179 178 170 169 179 179 179 171 172 179 172 171 172 173 173 175 175 174 173 175 160 174 180 180 180 176 180 180 162 176 161

2x3x4x5
01 02 02 02 03 04 01 05 06 03 03 03 06 06 06 03 07 08 09 06 10 10 10 08 05 05 02 11 02 04 01 05 01 08 04 04 09 09 01 08 07 08 09 10 12 10 07 07 05 13 14 11 15 11 13 13 13 16 04 11 12 09 13 16 16 16 12 17 12 18 16 07 14 14 14 15 15 15 19 20 19 21 22 11 12 20 19 21 22 21 17 17 17 18 18 18 19 14 23 15 23 22 19 23 23 23 22 22 20 20 24 24 24 21 20 24 17 24 18 21
2x3x5x6
01 02 03 03 03 04 05 02 06 02 04 04 05 05 06 05 06 06 07 07 08 05 08 06 07 09 09 09 08 10 01 03 01 03 11 12 13 14 01 02 04 12 13 07 08 02 04 15 16 07 08 10 17 15 16 18 09 10 09 10 14 19 20 11 11 11 14 14 01 12 15 12 13 13 16 12 15 15 16 13 16 10 17 17 18 18 18 21 22 17 14 19 20 11 20 20 19 19 23 24 23 25 26 26 23 27 25 25 26 27 28 27 22 22 21 21 18 21 22 17 29 24 29 24 23 20 19 26 30 24 23 31 32 26 30 33 25 31 32 27 28 33 25 22 21 27 28 34 28 34 30 24 29 29 31 29 30 35 30 36 31 31 35 35 35 36 36 36 32 32 35 33 36 33 34 32 34 34 28 33
2x3x5x7
01 02 01 02 03 04 05 05 01 03 03 03 05 06 07 03 08 09 07 07 07 10 09 09 11 07 12 10 12 10 13 05 04 02 04 04 06 05 01 02 01 02 06 06 14 15 08 08 12 10 12 10 09 08 11 11 12 11 09 16 13 13 04 17 18 19 06 13 20 19 18 19 14 14 14 15 15 15 21 22 21 23 16 08 21 22 24 11 16 16 20 25 26 17 17 17 20 13 20 19 18 18 22 14 21 19 15 18 22 22 21 23 16 23 24 24 24 27 28 23 20 25 26 26 17 26 25 25 29 30 29 31 32 32 29 33 31 31 32 33 34 33 28 28 27 24 27 27 28 23 35 30 35 30 29 26 25 32 36 30 29 37 38 32 36 39 31 37 38 33 34 39 31 28 27 33 34 40 34 40 36 30 35 35 41 35 36 38 36 41 41 41 38 38 42 41 37 37 42 42 42 39 37 39 40 42 40 40 34 39
2x3x5x9
01 02 01 02 03 04 05 05 01 03 03 03 05 06 07 03 08 09 07 07 07 10 09 09 11 07 12 10 12 10 13 05 04 02 04 04 06 05 01 02 01 02 06 06 14 15 08 08 12 10 12 10 09 08 11 11 12 11 09 16 13 13 04 17 18 17 06 13 19 19 14 19 20 15 14 15 14 21 22 15 22 22 16 08 23 24 23 11 16 16 17 25 17 17 18 18 19 13 19 26 14 18 20 20 21 20 21 21 24 15 27 22 16 22 24 24 23 23 28 23 25 25 29 26 30 26 25 31 30 26 30 18 31 31 21 20 32 32 24 33 27 33 32 28 27 33 27 34 28 28 29 29 29 35 36 26 25 37 30 38 36 32 31 37 30 33 39 32 31 40 41 33 39 28 27 40 42 34 34 34 37 29 43 35 35 35 37 37 44 38 36 36 40 38 41 38 41 36 40 40 41 45 39 39 42 42 42 46 34 39 43 43 43 47 35 47 44 44 44 48 49 49 50 38 51 48 41 49 50 50 51 45 45 45 52 42 52 46 46 46 47 43 47 47 49 48 53 44 54 48 49 48 53 53 54 53 54 54 51 50 51 53 45 54 51 50 52 52 46 52
2x4x4x5
01 02 01 02 03 04 05 04 06 07 01 02 03 03 08 03 06 07 06 06 09 10 08 03 11 12 11 06 09 10 09 10 07 13 04 13 04 04 05 05 07 07 01 02 01 02 14 05 12 15 09 10 09 10 08 08 12 12 11 11 16 11 16 08 17 18 13 13 13 19 14 14 17 17 20 17 21 22 14 05 12 15 20 17 21 22 21 21 15 15 23 16 16 16 24 21 18 18 25 22 19 19 19 14 18 26 25 22 25 22 27 27 26 26 20 28 20 28 27 24 15 23 23 23 20 28 24 24 25 29 25 30 30 30 19 27 18 29 29 29 30 31 30 27 26 32 29 32 31 31 31 24 26 23 32 32 32 28 31 28
2x4x5x5
01 02 01 02 03 03 03 04 05 06 01 02 07 08 07 04 06 06 06 09 07 08 08 08 10 09 06 09 11 12 08 13 10 14 14 14 11 12 11 12 15 05 15 03 16 03 16 17 05 05 01 02 01 02 04 04 18 10 07 09 07 09 04 19 10 10 11 12 11 12 13 13 20 21 14 21 14 22 13 22 23 05 15 16 16 16 17 17 18 18 15 24 15 24 17 25 18 26 26 26 24 24 24 19 27 20 26 22 26 22 19 19 20 20 21 21 21 22 13 28 23 23 29 23 29 29 25 25 30 18 31 32 31 33 17 25 30 32 34 32 35 33 35 36 27 20 34 37 35 37 19 36 27 27 38 38 28 38 28 28 31 30 31 23 39 29 25 29 30 30 31 34 39 39 35 39 40 32 34 34 33 33 35 39 40 32 40 40 33 37 36 36 38 27 38 40 28 37 36 37
2x5x5x5
01 02 01 02 03 04 03 05 06 07 08 08 01 02 05 05 03 05 06 06 08 09 09 09 05 10 11 11 11 12 13 13 10 14 10 10 15 16 12 12 17 13 10 14 18 14 15 16 15 16 19 08 20 20 20 04 07 04 07 07 21 08 01 02 01 02 03 04 03 06 13 22 09 22 09 11 23 11 23 06 13 14 18 14 15 16 15 16 12 24 17 17 18 17 18 25 25 25 12 26 19 20 19 20 27 27 07 27 28 29 21 30 19 22 31 22 32 04 28 28 21 21 31 22 31 33 23 33 24 24 34 34 18 35 23 33 23 26 36 24 37 34 38 17 38 38 25 26 25 26 30 39 27 39 27 40 40 40 29 29 30 30 19 41 32 41 32 33 29 28 34 21 31 41 32 35 42 33 24 28 34 37 31 35 42 35 42 26 36 36 37 37 43 43 43 38 44 38 44 36 30 45 39 39 39 41 40 46 40 46 45 45 45 47 46 41 46 46 29 48 47 47 45 47 32 35 48 49 48 48 47 37 50 50 42 50 48 49 49 49 50 43 50 43 42 44 44 44 49 36

2x2x3x3x5
01 02 03 04 01 02 05 05 06 07 05 08 04 09 04 04 01 02 10 11 08 08 12 08 04 13 14 15 13 13 10 11 08 16 10 11 03 03 03 05 07 07 06 05 06 07 06 12 09 09 10 11 01 02 10 11 01 02 12 12 09 15 14 15 13 15 14 14 13 16 16 16 17 03 18 19 07 20 06 21 22 23 24 12 17 21 25 19 24 21 24 21 26 23 24 27 09 21 25 28 24 15 29 14 26 30 16 27 20 18 18 18 20 20 25 27 22 22 26 22 17 19 25 19 17 23 25 27 26 23 26 27 28 19 28 28 17 23 29 29 30 30 30 29 20 18 31 32 32 33 32 32 32 33 34 22 33 31 31 31 33 33 35 35 34 34 34 35 28 31 35 36 36 36 35 36 36 34 30 29
