prime hyperboxes of the T-Pentomino  Toshihiro Shirakawa 2013.11.23

Update 2014.03.26
       3x3x3x3x5
       3x3x3x4x5

minimal 45
3x3x5x5

Possible
3x3x3x[10,15]
3x3x4x[10,15]
3x3x5x[5,6,7,8,9]
3x4x4x5
3x4x5x[6,7,9]
4x4x4x5
3x3x3x3x5
3x3x3x4x5

Prime
3x3x3x[10,15]
3x3x4x[10,15]
3x3x5x[5,6,7,8,9]
3x4x4x5
3x4x5x[6,7]
4x4x4x5
3x3x3x3x5
3x3x3x4x5


Impossible
3x3x3x5
3x3x4x5

Possible?
3x4x5x5
3x5x5x[5,7]
4x4x5x5
4x5x5x5
5x5x5x5

Solutions
3x3x3x10
01 02 03 04 05 06 07 08 09 03 03 03 04 05 10 09 09 09 04 05 03 04 05 11 04 05 09 01 02 12 06 06 06 07 08 13 01 02 12 10 10 10 07 08 13 01 02 12 11 11 11 07 08 13 01 02 14 15 16 06 07 08 17 18 19 12 15 16 10 20 21 13 15 16 22 15 16 11 15 16 23 14 14 14 24 25 26 17 17 17 18 19 12 26 26 26 20 21 13 22 22 22 27 28 26 23 23 23 18 19 14 24 25 29 20 21 17 18 19 30 31 32 30 20 21 30 18 19 22 27 28 33 20 21 23 24 25 34 24 25 29 24 25 35 34 34 34 31 32 30 35 35 35 27 28 34 27 28 33 27 28 35 36 37 29 31 32 29 38 39 29 36 37 40 31 32 30 38 39 41 36 37 33 31 32 33 38 39 33 42 42 42 43 44 45 46 46 46 36 37 40 43 44 45 38 39 41 47 47 47 43 44 45 48 48 48 49 42 40 49 49 49 49 46 41 36 37 40 43 44 45 38 39 41 50 47 40 50 50 50 50 48 41 51 42 52 52 52 52 53 46 52 51 51 51 43 44 45 53 53 53 51 47 54 54 54 54 53 48 54 
3x3x3x15
01 02 03 04 05 06 07 08 09 01 02 03 04 05 06 07 08 09 01 02 03 04 05 06 07 08 09 10 11 12 10 11 12 10 11 12 01 02 03 04 05 06 07 08 09 13 14 15 13 14 15 13 14 15 16 16 16 10 11 12 17 17 17 01 02 03 04 05 06 07 08 09 18 18 18 13 14 15 19 19 19 20 16 21 10 11 12 22 17 23 20 24 21 25 24 26 24 24 24 20 18 21 13 14 15 27 19 28 22 16 23 22 29 23 22 17 23 20 30 21 25 30 26 30 30 30 27 18 28 27 31 28 27 19 28 32 32 32 25 29 26 22 33 23 20 34 21 25 35 26 36 33 37 38 38 38 25 31 26 27 33 28 39 32 40 29 29 29 41 41 41 36 34 37 36 35 37 36 33 37 42 38 43 31 31 31 44 44 44 39 32 40 39 45 40 39 41 40 34 34 34 35 35 35 36 33 37 42 38 43 42 46 43 42 44 43 39 47 40 48 45 49 50 41 51 52 47 53 48 47 49 50 47 51 42 47 43 48 46 49 50 44 51 54 45 55 54 45 55 54 45 55 52 56 53 48 56 49 50 56 51 57 46 58 57 46 58 57 46 58 52 59 53 54 59 55 59 59 59 52 60 53 48 56 49 50 61 51 52 62 53 57 62 58 62 62 62 63 64 65 54 64 55 64 64 64 63 60 65 63 56 65 63 61 65 63 66 65 57 66 58 66 66 66 67 60 68 69 69 69 70 61 71 67 60 68 72 72 72 70 61 71 67 60 68 73 73 73 70 61 71 74 75 76 74 69 76 74 77 76 67 75 68 74 72 76 70 77 71 75 75 75 74 73 76 77 77 77 78 79 80 78 69 80 78 81 80 67 79 68 78 72 80 70 81 71 79 79 79 78 73 80 81 81 81 
3x3x4x10
01 02 03 04 05 06 07 08 09 01 02 03 10 05 11 07 08 09 01 02 03 10 05 11 07 08 09 10 12 11 10 12 11 10 12 11 13 13 13 04 14 06 15 15 15 01 02 03 16 05 17 07 08 09 18 19 20 16 19 17 21 19 22 23 23 23 16 12 17 24 24 24 04 13 06 04 14 06 04 15 06 01 02 03 25 05 26 07 08 09 18 27 20 16 19 17 21 28 22 29 23 30 29 12 30 29 24 30 31 13 32 14 14 14 33 15 34 18 35 20 25 35 26 21 35 22 18 27 20 16 19 17 21 28 22 18 23 20 29 36 30 21 24 22 31 37 32 25 37 26 33 37 34 31 27 32 25 35 26 33 28 34 31 27 32 25 38 26 33 28 34 39 27 40 29 36 30 41 28 42 31 43 32 44 37 45 33 46 34 39 43 40 47 35 48 41 46 42 39 43 40 47 38 48 41 46 42 39 36 40 47 36 48 41 36 42 49 50 51 44 37 45 52 53 54 49 43 51 55 56 57 52 46 54 49 38 51 47 38 48 52 38 54 39 58 40 59 59 59 41 60 42 44 50 45 44 61 45 44 53 45 49 43 51 55 56 57 52 46 54 62 63 64 47 65 48 66 67 68 69 58 70 69 59 70 69 60 70 50 50 50 55 61 57 53 53 53 49 56 51 55 56 57 52 56 54 62 63 64 55 65 57 66 67 68 58 58 58 69 59 70 60 60 60 71 61 72 71 61 72 71 61 72 62 63 64 71 65 72 66 67 68 62 63 64 71 65 72 66 67 68 62 63 64 69 65 70 66 67 68 
3x3x4x15
01 02 03 04 05 06 07 08 09 01 02 03 04 05 06 07 08 09 01 02 03 04 05 06 07 08 09 10 11 12 10 11 12 10 11 12 13 14 15 13 14 15 13 14 15 01 02 03 04 05 06 07 08 09 16 17 18 16 17 18 16 17 18 19 19 19 10 11 12 20 20 20 21 21 21 13 14 15 22 22 22 01 02 03 04 05 06 07 08 09 23 23 23 16 17 18 24 24 24 25 19 26 10 11 12 27 20 28 29 21 30 13 14 15 31 22 32 25 33 26 34 34 34 27 35 28 25 23 26 16 17 18 27 24 28 25 19 26 36 36 36 27 20 28 29 21 30 37 38 39 31 22 32 29 33 30 40 34 41 31 35 32 29 23 30 40 42 41 31 24 32 25 43 26 40 36 41 27 44 28 29 33 30 37 38 39 31 35 32 45 33 46 47 34 48 49 35 50 45 33 46 40 42 41 49 35 50 45 43 46 51 36 52 49 44 50 37 38 39 37 38 39 37 38 39 53 53 53 47 42 48 54 54 54 45 55 46 40 42 41 49 56 50 43 43 43 51 42 52 44 44 44 57 57 57 47 58 48 59 59 59 60 53 61 47 62 48 63 54 64 45 55 46 47 62 48 49 56 50 51 62 52 51 62 52 51 62 52 65 57 66 65 58 66 65 59 66 60 53 61 67 58 68 63 54 64 55 55 55 67 58 68 56 56 56 67 69 68 67 70 68 67 71 68 60 57 61 65 58 66 63 59 64 60 69 61 72 70 73 63 71 64 60 69 61 72 70 73 63 71 64 72 69 73 72 70 73 72 71 73 74 75 76 65 75 66 75 75 75 74 77 76 78 77 79 77 77 77 74 80 76 78 80 79 80 80 80 78 69 79 78 70 79 78 71 79 81 81 81 82 81 83 84 81 85 74 86 76 87 87 87 88 88 88 89 86 90 91 91 91 92 92 92 86 86 86 93 93 93 94 94 94 95 95 95 82 96 83 84 97 85 74 95 76 82 87 83 84 88 85 89 95 90 82 91 83 84 92 85 98 98 98 99 93 100 101 94 102 103 103 103 82 96 83 84 97 85 89 103 90 99 87 100 101 88 102 89 103 90 99 91 100 101 92 102 89 98 90 99 93 100 101 94 102 104 104 104 96 96 96 97 97 97 105 104 106 107 107 107 108 108 108 105 104 106 105 107 106 105 108 106 105 98 106 99 107 100 101 108 102 
3x3x5x5
01 02 03 04 05 06 07 08 09 01 02 10 10 10 10 07 08 10 01 02 11 12 13 14 07 08 15 11 11 11 12 13 14 15 15 15 12 16 11 12 13 14 12 17 15 03 03 03 04 05 06 09 09 09 01 02 18 19 05 06 07 08 20 21 16 22 23 05 06 24 17 25 26 16 22 26 13 14 26 17 25 27 16 22 27 27 27 27 17 25 04 28 03 04 05 06 04 29 09 01 02 18 19 30 31 07 08 20 21 21 21 23 23 23 24 24 24 32 33 22 26 13 14 34 35 25 36 16 37 36 38 39 36 17 40 41 28 18 41 41 41 41 29 20 19 28 18 19 30 31 19 29 20 21 28 18 23 38 39 24 29 20 32 33 22 26 38 39 34 35 25 37 37 37 36 38 39 40 40 40 42 28 43 42 30 31 42 29 44 43 43 43 42 30 31 44 44 44 32 33 43 42 30 31 34 35 44 32 33 45 45 45 45 34 35 45 32 33 37 36 38 39 34 35 40 
3x3x5x6
01 02 03 04 04 04 05 06 07 01 02 03 08 08 08 05 06 07 01 02 03 09 10 11 05 06 07 12 13 14 09 13 11 15 13 16 09 17 11 09 17 11 09 17 11 18 19 20 18 04 20 18 21 20 01 02 03 18 08 20 05 06 07 22 22 22 18 10 20 23 23 23 12 22 14 24 13 25 15 23 16 26 22 27 26 17 27 26 23 27 28 19 29 28 04 29 28 21 29 01 02 03 24 08 25 05 06 07 12 10 14 24 10 25 15 10 16 12 30 14 24 13 25 15 31 16 12 32 14 26 17 27 15 33 16 19 19 19 28 34 29 21 21 21 35 30 36 37 38 39 40 31 41 42 30 43 44 44 44 45 31 46 42 30 43 24 47 25 45 31 46 42 32 43 26 48 27 45 33 46 49 49 49 28 34 29 50 50 50 35 49 36 37 38 39 40 50 41 51 49 52 51 44 52 51 50 52 42 30 43 51 47 52 45 31 46 32 32 32 51 48 52 33 33 33 35 34 36 37 34 39 40 34 41 35 38 36 37 38 39 40 38 41 35 53 36 37 44 39 40 54 41 42 53 43 47 47 47 45 54 46 53 53 53 48 48 48 54 54 54 
3x3x5x7
01 02 03 04 04 04 05 06 07 01 02 03 08 04 09 10 06 11 01 02 03 12 04 13 06 06 06 14 15 16 12 15 13 15 15 15 17 17 17 12 17 13 18 17 19 05 20 07 05 20 07 05 20 07 01 02 03 08 21 09 10 22 11 23 23 23 24 24 24 10 22 11 14 23 16 12 24 13 10 22 11 18 23 19 18 24 19 18 25 19 26 27 28 08 20 09 05 29 07 01 02 03 08 21 09 10 30 11 14 31 16 08 32 09 33 22 34 14 31 16 12 32 13 35 35 35 14 31 16 32 32 32 18 25 19 26 27 28 36 20 37 33 29 34 26 27 28 21 21 21 33 30 34 26 27 28 38 39 40 33 22 34 41 31 42 41 39 42 41 35 42 43 43 43 44 39 45 25 25 25 26 27 28 36 46 37 29 29 29 47 48 49 50 46 51 30 30 30 52 46 53 38 46 40 33 46 34 52 31 53 41 39 42 54 35 55 52 43 53 44 56 45 57 57 57 36 58 37 36 58 37 36 58 37 47 48 49 50 58 51 59 59 59 38 48 40 38 58 40 38 59 40 52 48 53 41 39 42 54 59 55 44 43 45 44 56 45 44 57 45 47 60 49 50 60 51 60 60 60 47 48 49 50 61 51 62 62 62 47 63 49 50 61 51 54 62 55 52 63 53 61 61 61 54 62 55 63 63 63 56 56 56 54 57 55 
3x3x5x8
01 02 03 04 05 06 07 08 09 01 02 03 04 05 06 07 10 09 01 02 03 04 05 06 07 10 09 11 11 11 12 12 12 10 10 10 13 13 13 14 13 15 16 13 17 18 18 18 19 19 19 20 08 21 01 02 03 04 05 06 07 08 09 22 23 24 14 25 15 16 08 17 26 11 27 14 12 15 16 28 17 29 29 29 14 29 15 16 29 17 20 18 21 20 19 21 20 08 21 01 02 03 04 05 06 07 28 09 22 23 24 22 25 24 22 28 24 26 11 27 26 12 27 26 28 27 30 30 30 14 30 15 16 30 17 31 18 32 33 19 34 20 35 21 36 23 37 36 25 37 36 35 37 22 23 24 36 25 37 35 35 35 26 23 27 36 25 37 38 28 39 40 40 40 41 41 41 42 42 42 31 43 32 33 43 34 43 43 43 31 44 32 33 44 34 44 44 44 31 45 32 33 45 34 45 45 45 46 46 46 47 46 48 38 46 39 49 40 50 49 41 50 49 42 50 31 51 32 33 52 34 53 53 53 54 54 54 47 54 48 55 54 56 57 57 57 47 57 48 38 57 39 58 58 58 47 58 48 38 58 39 59 40 60 49 41 50 38 42 39 61 51 62 61 52 62 61 53 62 63 63 63 61 63 62 55 63 56 59 64 60 61 64 62 64 64 64 59 65 60 47 65 48 65 65 65 59 66 60 49 66 50 66 66 66 51 51 51 52 52 52 55 53 56 67 67 67 68 67 69 55 67 56 70 70 70 68 71 69 55 72 56 68 70 69 68 71 69 68 72 69 59 70 60 71 71 71 72 72 72 
3x3x5x9
01 02 03 04 05 06 07 08 09 01 02 03 10 11 12 07 08 09 01 02 03 10 11 12 07 08 09 10 11 12 10 11 12 10 11 12 13 13 13 14 14 14 15 15 15 16 16 16 04 05 06 17 17 17 01 02 03 18 05 19 07 08 09 20 21 22 20 05 22 20 23 22 24 24 24 20 25 22 26 26 26 27 13 28 20 14 22 29 15 30 04 16 06 04 05 06 04 17 06 01 02 03 18 25 19 07 08 09 27 21 28 18 25 19 29 23 30 27 24 28 18 25 19 29 26 30 27 13 28 31 14 32 29 15 30 33 16 34 33 35 34 33 17 34 36 36 36 18 35 19 37 37 37 21 21 21 35 35 35 23 23 23 38 24 39 40 25 41 42 26 43 27 44 28 31 44 32 29 44 30 45 46 47 33 46 34 46 46 46 45 36 47 40 48 41 49 37 50 45 51 47 40 48 41 52 52 52 38 48 39 40 48 41 42 48 43 31 53 32 31 44 32 31 54 32 55 55 55 33 56 34 57 57 57 45 36 47 58 56 59 49 37 50 38 51 39 56 56 56 42 52 43 38 60 39 40 61 41 42 62 43 38 53 39 63 44 64 42 54 43 65 55 66 67 67 67 49 57 50 45 68 47 58 67 59 49 69 50 51 51 51 58 67 59 49 52 50 70 60 71 58 61 59 72 62 73 53 53 53 63 74 64 54 54 54 65 55 66 65 75 66 65 57 66 70 68 71 58 75 59 72 69 73 70 60 71 75 75 75 72 62 73 70 60 71 61 61 61 72 62 73 63 60 64 63 74 64 63 62 64 65 76 66 77 76 78 76 76 76 68 68 68 77 79 78 69 69 69 77 80 78 77 79 78 77 81 78 70 80 71 79 79 79 72 81 73 80 80 80 74 74 74 81 81 81 
3x4x4x5
01 02 03 04 05 06 07 08 09 10 10 10 01 02 03 04 05 06 07 08 09 11 11 11 01 02 03 04 05 06 07 08 09 12 12 12 13 14 15 13 14 15 13 14 15 16 16 16 17 17 17 18 17 19 18 17 19 18 10 19 01 02 03 04 05 06 07 08 09 20 11 21 22 22 22 20 22 21 20 22 21 20 12 21 23 23 23 13 14 15 24 24 24 20 16 21 25 25 25 26 25 27 18 25 19 28 10 29 01 02 03 04 05 06 07 08 09 30 11 31 32 32 32 30 32 31 30 32 31 30 12 31 33 23 34 13 14 15 35 24 36 30 16 31 37 37 37 26 38 27 18 38 19 28 38 29 33 37 34 26 39 27 35 38 36 28 40 29 33 37 34 26 39 27 35 38 36 28 40 29 33 23 34 39 39 39 35 24 36 40 40 40 41 42 43 26 42 27 42 42 42 28 44 29 41 45 43 41 44 43 41 44 43 46 44 47 41 45 43 46 45 47 46 45 47 46 44 47 33 45 34 48 48 48 35 48 36 46 48 47 
3x4x5x6
01 02 03 04 05 06 07 07 07 08 08 08 01 02 03 04 05 06 04 05 06 04 05 06 01 02 03 04 05 06 09 10 11 12 13 14 09 10 11 09 10 11 09 10 11 12 13 14 15 15 15 16 16 16 09 10 11 12 13 14 17 17 17 18 19 20 21 07 22 23 08 24 01 02 03 18 19 20 18 19 20 18 19 20 25 25 25 18 19 20 26 27 28 29 29 29 26 27 28 26 27 28 26 27 28 12 13 14 30 15 31 32 16 33 26 27 28 34 34 34 35 17 36 37 37 37 21 07 22 23 08 24 01 02 03 38 37 39 21 40 22 23 41 24 30 25 31 32 37 33 21 42 22 23 29 24 30 43 31 32 44 33 45 42 46 12 13 14 30 15 31 32 16 33 42 42 42 47 34 48 35 17 36 49 49 49 21 49 22 23 49 24 35 50 36 38 44 39 45 40 46 51 41 52 35 25 36 38 44 39 45 40 46 47 29 48 53 43 54 38 44 39 45 40 46 47 55 48 30 56 31 32 56 33 56 56 56 47 34 48 35 57 36 58 57 59 58 57 59 58 41 59 53 50 54 38 57 39 58 40 59 51 41 52 53 43 54 60 57 61 58 62 59 51 41 52 53 43 54 60 44 61 45 62 46 51 55 52 60 43 61 60 62 61 60 62 61 47 62 48 63 63 63 64 63 65 64 63 65 64 66 65 50 50 50 67 67 67 64 68 65 51 66 52 69 69 69 70 67 71 64 68 65 66 66 66 53 69 54 70 67 71 68 68 68 55 55 55 70 69 71 70 72 71 70 72 71 72 72 72 
3x4x5x7
01 02 03 04 05 06 04 05 06 04 05 06 01 02 03 07 07 07 08 08 08 09 09 09 01 02 03 10 10 10 11 11 11 12 13 14 15 15 15 16 16 16 17 17 17 12 13 14 18 19 20 18 19 20 18 19 20 12 13 14 21 21 21 22 22 22 04 05 06 23 24 25 01 02 03 23 07 25 23 08 25 23 09 25 26 27 28 29 10 30 31 11 32 23 33 25 26 15 28 26 16 28 26 17 28 12 13 14 26 34 28 18 19 20 35 35 35 36 36 36 37 21 38 29 22 30 04 05 06 39 24 40 01 02 03 29 07 30 41 08 42 39 09 40 43 27 44 29 10 30 31 11 32 39 33 40 43 15 44 45 16 46 31 17 32 12 13 14 43 34 44 18 19 20 31 35 32 47 36 48 37 21 38 37 22 38 37 49 38 24 24 24 41 49 42 41 49 42 41 49 42 39 50 40 27 27 27 29 51 30 31 49 32 33 33 33 43 52 44 45 51 46 45 51 46 45 51 46 34 34 34 47 51 48 47 35 48 47 36 48 37 53 38 54 53 55 53 53 53 56 56 56 57 57 57 54 57 55 41 57 42 39 50 40 58 59 60 54 61 55 62 63 64 65 66 67 43 52 44 45 68 46 62 68 64 68 68 68 69 69 69 70 70 70 62 70 64 47 70 48 71 71 71 72 71 73 72 71 73 72 56 73 74 74 74 54 74 55 72 74 73 50 50 50 58 59 60 75 61 76 72 63 73 65 66 67 52 52 52 75 77 76 62 77 64 77 77 77 75 69 76 75 78 76 75 78 76 78 78 78 79 79 79 80 79 81 80 79 81 80 56 81 58 59 60 54 61 55 80 63 81 65 66 67 58 59 60 82 61 83 80 63 81 65 66 67 58 59 60 82 61 83 62 63 64 65 66 67 82 69 83 82 84 83 82 84 83 84 84 84 
3x4x5x9
01 02 03 04 05 06 04 05 06 04 05 06 01 02 03 07 07 07 08 08 08 09 09 09 01 02 03 10 10 10 11 11 11 12 13 14 15 15 15 16 16 16 17 17 17 12 13 14 18 19 20 18 19 20 18 19 20 12 13 14 21 21 21 22 22 22 04 05 06 23 24 25 01 02 03 23 07 25 23 08 25 23 09 25 26 27 28 29 10 30 31 11 32 23 33 25 26 15 28 26 16 28 26 17 28 12 13 14 26 34 28 18 19 20 35 35 35 36 36 36 37 21 38 29 22 30 04 05 06 39 24 40 01 02 03 29 07 30 41 08 42 39 09 40 43 27 44 29 10 30 31 11 32 39 33 40 43 15 44 45 16 46 31 17 32 12 13 14 43 34 44 18 19 20 31 35 32 47 36 48 37 21 38 49 22 50 51 51 51 24 24 24 37 27 38 52 52 52 41 51 42 39 33 40 37 27 38 29 53 30 31 51 32 47 33 48 43 27 44 45 53 46 54 54 54 47 33 48 34 34 34 53 53 53 55 35 56 47 36 48 37 57 38 49 58 50 41 58 42 59 58 60 61 57 62 63 52 64 41 58 42 39 65 40 57 57 57 45 66 46 41 58 42 67 67 67 43 68 44 45 66 46 69 54 70 71 67 72 73 66 74 45 66 46 55 66 56 47 67 48 49 75 50 49 76 50 49 76 50 59 76 60 61 77 62 63 52 64 69 76 70 59 65 60 73 78 74 63 79 64 69 76 70 59 80 60 73 68 74 63 79 64 69 54 70 71 81 72 73 79 74 55 79 56 55 79 56 55 82 56 61 75 62 83 83 83 84 83 85 59 83 60 61 77 62 63 86 64 87 88 89 65 65 65 61 78 62 90 86 91 92 88 93 71 80 72 68 68 68 94 86 95 69 88 70 71 81 72 73 96 74 97 96 98 96 96 96 71 82 72 75 75 75 90 99 91 84 99 85 99 99 99 77 77 77 90 100 91 87 100 89 100 100 100 78 78 78 90 86 91 92 88 93 80 80 80 101 101 101 94 101 95 92 101 93 81 81 81 102 102 102 97 102 98 92 102 93 82 82 82 103 103 103 84 103 85 84 103 85 84 104 85 105 105 105 87 105 89 87 105 89 87 104 89 106 106 106 90 86 91 92 88 93 104 104 104 94 106 95 94 107 95 94 107 95 107 107 107 97 106 98 97 108 98 97 108 98 108 108 108 
4x4x4x5
01 02 03 04 05 06 07 04 05 08 09 04 05 10 11 12 01 02 03 13 14 06 07 04 05 08 09 15 16 10 11 12 01 02 03 13 14 06 07 04 05 08 09 15 16 10 11 12 17 17 17 13 14 17 18 19 20 17 18 15 16 18 18 18 21 22 22 22 21 23 22 24 21 23 22 24 23 23 23 24 01 02 03 25 26 06 07 25 26 08 09 25 26 10 11 12 27 27 27 13 14 28 29 30 31 32 33 15 16 34 34 34 20 35 35 35 20 36 35 19 20 36 35 19 36 36 36 19 37 37 37 38 21 37 39 40 41 37 39 24 42 39 39 39 01 02 03 43 44 06 07 25 26 08 09 45 46 10 11 12 47 27 48 13 14 28 29 30 31 32 33 15 16 49 34 50 51 52 52 52 53 54 52 19 20 54 52 55 54 54 54 56 47 38 38 38 21 40 40 40 41 41 41 24 42 42 42 50 47 43 43 43 44 28 29 25 26 32 33 45 46 46 46 50 47 27 48 30 31 28 29 30 31 32 33 30 31 49 34 50 51 51 51 55 53 28 29 55 53 32 33 55 53 56 56 56 57 57 57 38 44 57 58 40 41 57 58 45 42 58 58 58 59 59 59 43 44 59 60 61 62 59 60 45 46 60 60 60 47 48 48 48 44 61 61 61 62 62 62 45 49 49 49 50 51 63 63 63 53 64 63 61 62 64 63 55 64 64 64 56 

3x3x3x3x5
01 02 03 04 05 06 07 08 09 10 11 12 13 14 15 16 17 18 19 20 21 22 22 22 23 24 25 01 02 03 04 05 06 07 08 09 10 11 12 13 14 15 16 17 18 19 20 21 26 26 26 23 24 25 01 02 03 04 05 06 07 08 09 10 11 12 13 14 15 16 17 18 19 20 21 27 27 27 23 24 25 28 29 30 28 29 30 28 29 30 31 32 33 31 32 33 31 32 33 34 35 36 34 22 36 34 37 36 01 02 03 04 05 06 07 08 09 10 11 12 13 14 15 16 17 18 19 20 21 34 26 36 23 24 25 38 38 38 39 39 39 40 40 40 41 41 41 42 42 42 43 43 43 44 44 44 34 27 36 45 45 45 46 46 46 28 29 30 47 47 47 48 48 48 31 32 33 49 49 49 50 35 51 50 22 51 50 37 51 01 02 03 04 05 06 07 08 09 10 11 12 13 14 15 16 17 18 19 20 21 52 26 53 23 24 25 54 38 55 56 39 57 58 40 59 60 41 61 56 42 57 62 43 63 56 44 57 56 27 57 56 45 57 54 46 55 28 29 30 58 47 59 60 48 61 31 32 33 62 49 63 35 35 35 50 64 51 37 37 37 54 65 55 52 64 53 58 66 59 60 65 61 52 64 53 62 66 63 65 65 65 52 64 53 66 66 66 54 38 55 67 39 68 58 40 59 60 41 61 67 42 68 62 43 63 67 44 68 67 64 68 67 45 68 69 46 70 69 71 70 69 47 70 72 48 73 72 74 73 72 49 73 75 76 77 50 78 51 79 80 81 75 76 77 69 71 70 79 80 81 75 76 77 72 74 73 79 80 81 75 76 77 52 78 53 79 80 81 54 71 55 69 71 70 58 71 59 60 74 61 72 74 73 62 74 63 75 76 77 78 78 78 79 80 81 
3x3x3x4x5
01 02 03 04 05 06 07 08 09 10 11 12 13 14 15 16 17 18 19 20 21 22 22 22 23 23 23 01 02 03 04 05 06 07 08 09 10 11 12 13 14 15 16 17 18 19 20 21 24 20 25 26 20 27 01 02 03 04 05 06 07 08 09 10 11 12 13 14 15 16 17 18 19 20 21 28 28 28 29 29 29 30 31 32 33 33 33 34 34 34 35 31 36 37 37 37 38 38 38 31 31 31 39 39 39 40 40 40 41 42 43 44 44 44 45 45 45 41 42 43 41 42 43 41 42 43 41 42 43 46 22 47 48 23 49 01 02 03 04 05 06 07 08 09 10 11 12 13 14 15 16 17 18 19 50 21 24 51 25 26 52 27 53 54 55 56 56 56 57 57 57 58 54 59 60 60 60 61 61 61 62 54 63 24 28 25 26 29 27 30 64 32 30 33 32 30 34 32 35 64 36 35 37 36 35 38 36 64 64 64 24 39 25 26 40 27 65 66 67 46 44 47 48 45 49 68 66 69 46 70 47 48 71 49 66 66 66 46 22 47 48 23 49 01 02 03 04 05 06 07 08 09 10 11 12 13 14 15 16 17 18 19 50 21 24 51 25 26 52 27 53 72 55 53 56 55 53 57 55 58 54 59 58 60 59 58 61 59 62 73 63 62 28 63 62 29 63 30 74 32 75 33 76 77 34 78 35 74 36 79 37 80 81 38 82 74 74 74 83 39 84 85 40 86 65 87 67 65 44 67 65 45 67 68 87 69 68 70 69 68 71 69 87 87 87 46 51 47 48 52 49 88 88 88 75 88 76 77 88 78 89 89 89 79 89 80 81 89 82 50 50 50 83 51 84 85 52 86 53 72 55 75 56 76 77 57 78 58 54 59 79 60 80 81 61 82 62 73 63 83 51 84 85 52 86 90 90 90 75 90 76 77 90 78 91 91 91 79 91 80 81 91 82 92 92 92 83 92 84 85 92 86 65 93 67 94 70 95 96 71 97 68 93 69 94 70 95 96 71 97 93 93 93 94 70 95 96 71 97 98 72 99 100 100 100 101 101 101 102 102 102 94 102 95 96 102 97 103 73 104 105 105 105 106 106 106 98 72 99 98 100 99 98 101 99 107 107 107 94 107 95 96 107 97 103 73 104 103 105 104 103 106 104 98 72 99 75 100 76 77 101 78 108 108 108 79 108 80 81 108 82 103 73 104 83 105 84 85 106 86 
