Prime boxes of the No.16-Tetromino  Toshihiro Shirakawa 2015.04.22

2D Complete
3D Complete

minimal 24
8x12

minimal 12
3x4x4

Possible
 8x[12,15,16,18,19,20,21,22,23,25,26,29]
 9x[16,24]
10x[12,16,20]
11x[16,24]
12x[12,14]
13x[16,24]
14x[16,20]

3x4x[4,6]
3x5x8
4x4x[4,5]
4x5x6
3x7x8
5x5x8

Prime
 8x[12,15,16,18,19,20,21,22,23,25,26,29]
 9x[16,24]
10x[12,16,20]
11x[16,24]
12x[12,14]
13x[16,24]
14x[16,20]

3x4x[4,6]
3x5x8
4x4x[4,5]
4x5x6
3x7x8
5x5x8

Impossible
[-7]xN
8x[8-11,13,14,17]

3x3xN

Solutions
8x12
01 01 02 02 03 03 04 04 05 05 01 03 02 04 06 06 07 01 05 02 03 06 04 08 07 05 07 09 10 08 06 08 11 07 10 09 10 09 08 12 11 13 11 10 09 12 14 12 13 11 13 15 16 14 12 14 13 17 16 15 16 15 18 14 17 19 17 16 15 18 20 18 17 21 19 22 23 20 24 18 19 19 21 23 22 24 20 20 21 21 22 22 23 23 24 24 
8x15
01 01 02 02 03 03 04 04 05 05 01 03 02 04 06 06 07 01 05 02 03 06 04 08 07 05 07 09 10 08 06 08 11 07 10 09 10 09 08 12 11 13 11 10 09 12 14 12 13 11 13 15 16 16 12 14 13 17 17 16 15 14 14 18 17 19 15 15 16 18 20 18 19 17 19 21 22 20 18 20 19 23 22 21 22 21 24 20 23 25 23 22 21 24 26 24 23 27 25 28 29 26 30 24 25 25 27 29 28 30 26 26 27 27 28 28 29 29 30 30 
8x16
01 01 02 02 03 03 04 04 05 05 01 03 02 04 06 06 07 01 05 02 03 06 04 08 07 05 07 09 10 08 06 08 11 07 10 09 10 09 08 12 11 13 11 10 09 12 14 12 13 11 13 15 16 14 12 14 13 15 17 15 16 18 16 14 19 17 15 17 18 16 18 20 19 21 19 17 18 20 22 20 21 19 21 23 24 22 20 22 21 25 24 23 24 23 26 22 25 27 25 24 23 26 28 26 25 29 27 30 31 28 32 26 27 27 29 31 30 32 28 28 29 29 30 30 31 31 32 32 
8x18
01 01 02 02 03 03 04 04 05 05 01 03 02 04 06 06 07 01 05 02 03 06 04 08 07 05 07 09 10 08 06 08 11 07 10 09 10 09 08 12 11 13 11 10 09 12 14 12 13 11 13 15 16 16 12 14 13 17 17 16 15 14 14 18 17 19 15 15 16 18 20 18 19 17 19 21 22 22 18 20 19 23 23 22 21 20 20 24 23 25 21 21 22 24 26 24 25 23 25 27 28 26 24 26 25 29 28 27 28 27 30 26 29 31 29 28 27 30 32 30 29 33 31 34 35 32 36 30 31 31 33 35 34 36 32 32 33 33 34 34 35 35 36 36 
8x19
01 01 02 02 03 03 04 04 05 05 01 03 02 04 06 06 07 01 05 02 03 06 04 08 07 05 07 09 10 08 06 08 11 07 10 09 10 09 08 12 11 13 11 10 09 12 14 12 13 11 13 15 16 16 12 14 13 17 17 16 15 14 14 18 17 19 15 15 16 18 20 18 19 17 19 21 22 20 18 20 19 21 23 21 22 24 22 20 25 23 21 23 24 22 24 26 25 27 25 23 24 26 28 26 27 25 27 29 30 28 26 28 27 31 30 29 30 29 32 28 31 33 31 30 29 32 34 32 31 35 33 36 37 34 38 32 33 33 35 37 36 38 34 34 35 35 36 36 37 37 38 38 
8x20
01 01 02 02 03 03 04 04 05 05 01 03 02 04 06 06 07 01 05 02 03 06 04 08 07 05 07 09 10 08 06 08 11 07 10 09 10 09 08 12 11 13 11 10 09 12 14 12 13 11 13 15 16 14 12 14 13 17 18 15 16 15 16 14 17 18 17 18 15 16 19 20 17 21 22 18 19 20 19 20 21 22 21 22 23 19 20 24 21 22 25 26 23 24 23 24 27 25 26 25 26 23 24 28 27 29 27 25 26 28 30 28 29 27 29 31 32 30 28 30 29 33 32 31 32 31 34 30 33 35 33 32 31 34 36 34 33 37 35 38 39 36 40 34 35 35 37 39 38 40 36 36 37 37 38 38 39 39 40 40 
8x21
01 01 02 02 03 03 04 04 05 05 01 03 02 04 06 06 07 01 05 02 03 06 04 08 07 05 07 09 10 08 06 08 11 07 10 09 10 09 08 12 11 13 11 10 09 12 14 12 13 11 13 15 16 16 12 14 13 17 17 16 15 14 14 18 17 19 15 15 16 18 20 18 19 17 19 21 22 22 18 20 19 23 23 22 21 20 20 24 23 25 21 21 22 24 26 24 25 23 25 27 28 28 24 26 25 29 29 28 27 26 26 30 29 31 27 27 28 30 32 30 31 29 31 33 34 32 30 32 31 35 34 33 34 33 36 32 35 37 35 34 33 36 38 36 35 39 37 40 41 38 42 36 37 37 39 41 40 42 38 38 39 39 40 40 41 41 42 42 
8x22
01 01 02 02 03 03 04 04 05 05 01 03 02 04 06 06 07 01 05 02 03 06 04 08 07 05 07 09 10 08 06 08 11 07 10 09 10 09 08 12 11 13 11 10 09 12 14 12 13 11 13 15 16 16 12 14 13 17 17 16 15 14 14 18 17 19 15 15 16 18 20 18 19 17 19 21 22 20 18 20 19 21 23 21 22 24 22 20 25 23 21 23 24 22 24 26 25 27 25 23 24 26 28 26 27 25 27 29 30 30 26 28 27 31 31 30 29 28 28 32 31 33 29 29 30 32 34 32 33 31 33 35 36 34 32 34 33 37 36 35 36 35 38 34 37 39 37 36 35 38 40 38 37 41 39 42 43 40 44 38 39 39 41 43 42 44 40 40 41 41 42 42 43 43 44 44 
8x23
01 01 02 02 03 03 04 04 05 05 01 03 02 04 06 06 07 01 05 02 03 06 04 08 07 05 07 09 10 08 06 08 11 07 10 09 10 09 08 12 11 13 11 10 09 12 14 12 13 11 13 15 16 14 12 14 13 17 18 15 16 15 16 14 17 18 17 18 15 16 19 20 17 21 22 18 19 20 19 20 21 22 21 22 23 19 20 24 21 22 25 26 23 24 23 24 27 25 26 25 26 23 24 28 27 29 27 25 26 28 30 28 29 27 29 31 32 32 28 30 29 33 33 32 31 30 30 34 33 35 31 31 32 34 36 34 35 33 35 37 38 36 34 36 35 39 38 37 38 37 40 36 39 41 39 38 37 40 42 40 39 43 41 44 45 42 46 40 41 41 43 45 44 46 42 42 43 43 44 44 45 45 46 46 
8x25
01 01 02 02 03 03 04 04 05 05 01 03 02 04 06 06 07 01 05 02 03 06 04 08 07 05 07 09 10 08 06 08 11 07 10 09 10 09 08 12 11 13 11 10 09 12 14 12 13 11 13 15 16 16 12 14 13 17 17 16 15 14 14 18 17 19 15 15 16 18 20 18 19 17 19 21 22 22 18 20 19 23 23 22 21 20 20 24 23 25 21 21 22 24 26 24 25 23 25 27 28 26 24 26 25 27 29 27 28 30 28 26 31 29 27 29 30 28 30 32 31 33 31 29 30 32 34 32 33 31 33 35 36 36 32 34 33 37 37 36 35 34 34 38 37 39 35 35 36 38 40 38 39 37 39 41 42 40 38 40 39 43 42 41 42 41 44 40 43 45 43 42 41 44 46 44 43 47 45 48 49 46 50 44 45 45 47 49 48 50 46 46 47 47 48 48 49 49 50 50 
8x26
01 01 02 02 03 03 04 04 05 05 01 03 02 04 06 06 07 01 05 02 03 06 04 08 07 05 07 09 10 08 06 08 11 07 10 09 10 09 08 12 11 13 11 10 09 12 14 12 13 11 13 15 16 16 12 14 13 17 17 16 15 14 14 18 17 19 15 15 16 18 20 18 19 17 19 21 22 22 18 20 19 23 23 22 21 20 20 24 23 25 21 21 22 24 26 24 25 23 25 27 28 26 24 26 25 27 29 27 28 30 28 26 31 29 27 29 30 28 30 32 31 33 31 29 30 32 34 32 33 31 33 35 36 34 32 34 33 35 37 35 36 38 36 34 39 37 35 37 38 36 38 40 39 41 39 37 38 40 42 40 41 39 41 43 44 42 40 42 41 45 44 43 44 43 46 42 45 47 45 44 43 46 48 46 45 49 47 50 51 48 52 46 47 47 49 51 50 52 48 48 49 49 50 50 51 51 52 52 
8x29
01 01 02 02 03 03 04 04 05 05 01 03 02 04 06 06 07 01 05 02 03 06 04 08 07 05 07 09 10 08 06 08 11 07 10 09 10 09 08 12 11 13 11 10 09 12 14 12 13 11 13 15 16 16 12 14 13 17 17 16 15 14 14 18 17 19 15 15 16 18 20 18 19 17 19 21 22 20 18 20 19 23 24 21 22 21 22 20 23 24 23 24 21 22 25 26 23 27 28 24 25 26 25 26 27 28 27 28 29 25 26 30 27 28 31 32 29 30 29 30 33 31 32 31 32 29 30 34 33 35 33 31 32 34 36 34 35 33 35 37 38 38 34 36 35 39 39 38 37 36 36 40 39 41 37 37 38 40 42 40 41 39 41 43 44 44 40 42 41 45 45 44 43 42 42 46 45 47 43 43 44 46 48 46 47 45 47 49 50 48 46 48 47 51 50 49 50 49 52 48 51 53 51 50 49 52 54 52 51 55 53 56 57 54 58 52 53 53 55 57 56 58 54 54 55 55 56 56 57 57 58 58 

9x16
01 01 02 02 03 03 04 05 05 06 06 01 03 02 04 05 04 07 08 01 06 02 03 04 07 05 07 08 06 08 09 09 10 10 07 11 12 08 13 14 14 09 11 10 11 12 13 12 13 09 14 10 11 15 16 12 17 13 14 18 15 19 15 16 17 16 18 20 18 19 15 19 21 16 17 17 18 20 22 23 19 21 24 21 20 20 22 23 22 23 24 21 24 25 26 22 27 28 23 24 29 26 25 26 25 28 27 28 29 30 29 26 25 27 27 31 28 29 32 30 33 34 35 31 36 31 30 30 32 34 33 35 36 35 31 32 32 33 33 34 34 35 36 36 
9x24
01 01 02 02 03 03 04 05 05 06 06 01 03 02 04 05 04 07 08 01 06 02 03 04 07 05 07 08 06 08 09 10 11 11 07 12 13 08 10 09 10 09 12 11 12 13 14 13 10 09 15 11 12 16 14 13 14 17 18 15 16 15 16 14 19 17 18 17 18 15 16 20 19 21 17 18 22 23 20 24 20 21 19 19 23 22 23 22 20 24 25 21 21 26 23 22 24 24 27 25 28 25 26 29 26 27 30 27 28 25 28 29 26 29 30 27 30 28 31 31 29 32 33 34 34 30 31 35 35 33 32 33 32 36 34 35 31 37 38 33 32 36 34 36 39 35 37 38 37 38 40 41 36 39 42 39 37 38 40 41 40 41 42 39 42 43 44 40 45 46 41 42 47 44 43 44 43 46 45 46 47 48 47 44 43 45 45 49 46 47 50 48 51 52 53 49 54 49 48 48 50 52 51 53 54 53 49 50 50 51 51 52 52 53 54 54 

10x12
01 01 02 03 03 04 04 05 06 06 07 02 01 02 04 03 05 06 05 08 07 01 07 02 03 04 05 08 06 08 09 07 10 10 11 12 13 13 08 14 09 10 09 11 12 11 12 14 13 14 15 09 10 11 16 17 12 13 14 18 15 19 15 16 17 16 17 18 20 18 19 15 19 16 21 22 17 20 18 20 19 23 23 21 22 21 22 24 24 20 23 25 26 21 27 28 22 29 30 24 25 23 25 26 28 27 29 30 24 30 25 26 26 27 27 28 28 29 29 30 
10x16
01 02 02 03 03 04 04 05 05 06 01 07 01 02 04 03 05 06 08 06 07 01 02 09 03 04 10 05 06 08 11 07 07 09 10 09 10 08 08 12 11 13 11 14 09 10 15 12 16 12 13 11 13 14 15 14 15 16 12 16 13 17 18 18 14 15 19 20 20 16 21 21 17 22 18 23 23 19 24 20 17 17 21 18 22 19 19 23 20 24 25 21 22 22 26 27 23 24 24 28 25 29 25 26 27 26 27 28 30 28 29 25 29 26 31 32 27 30 28 30 29 33 33 31 32 31 32 34 34 30 33 35 36 31 37 38 32 39 40 34 35 33 35 36 38 37 39 40 34 40 35 36 36 37 37 38 38 39 39 40 
10x20
01 01 02 03 03 04 04 05 06 06 07 02 01 02 04 03 05 06 05 08 07 01 07 02 03 04 05 08 06 08 09 07 10 11 11 12 13 13 08 14 09 10 09 10 12 11 12 14 13 14 15 09 16 10 11 17 12 13 14 18 15 16 15 16 17 19 17 18 20 18 21 15 22 16 17 23 19 20 18 20 21 22 21 22 19 19 23 24 25 20 26 21 27 22 23 23 24 25 24 25 26 27 26 27 28 29 24 30 30 25 31 26 32 27 29 28 29 33 34 30 31 32 31 28 28 33 29 33 30 34 35 31 32 32 36 37 33 34 34 38 35 39 35 36 37 36 37 38 40 38 39 35 39 36 41 42 37 40 38 40 39 43 43 41 42 41 42 44 44 40 43 45 46 41 47 48 42 49 50 44 45 43 45 46 48 47 49 50 44 50 45 46 46 47 47 48 48 49 49 50 

11x16
01 01 02 03 03 04 04 05 05 06 07 08 02 01 02 04 03 05 06 07 06 07 08 01 08 02 03 04 09 05 06 07 10 11 08 12 12 13 14 14 09 10 15 10 11 16 11 13 12 09 09 14 15 10 15 16 11 16 12 13 13 14 17 18 19 15 16 20 21 21 22 22 17 18 19 18 19 23 23 20 24 21 25 22 17 17 18 19 20 20 23 21 24 22 25 26 26 27 28 29 23 24 24 25 25 26 27 28 27 28 29 30 29 31 32 33 33 26 27 28 34 30 29 30 32 31 35 35 33 34 36 34 30 37 31 31 32 32 33 35 36 34 36 37 38 37 39 40 41 35 42 43 44 36 37 39 38 39 41 40 42 43 44 43 44 38 38 39 40 40 41 41 42 42 43 44 
11x24
01 02 02 03 03 04 04 05 05 06 07 01 08 01 02 04 03 05 06 07 06 07 08 01 02 09 03 04 10 05 06 07 11 12 08 08 09 10 09 10 13 11 14 11 12 15 12 16 09 10 13 17 13 11 14 15 12 16 18 18 17 13 17 14 14 19 20 15 15 16 16 18 17 21 19 22 19 20 23 20 24 18 21 25 21 22 19 22 23 20 23 24 26 24 21 25 22 27 28 23 29 30 26 24 25 25 27 28 27 28 29 30 29 30 26 26 31 32 27 28 33 29 34 35 30 31 36 31 32 33 32 33 34 35 34 35 36 31 36 37 32 33 38 34 39 40 35 36 41 41 37 38 37 38 39 40 39 40 42 42 43 41 37 38 44 39 40 45 42 46 43 41 43 44 47 44 45 48 45 46 42 46 49 43 47 44 47 48 45 48 46 50 49 51 51 52 52 47 48 53 53 50 54 50 49 49 51 55 52 53 56 54 50 54 57 58 51 55 52 55 56 53 56 54 57 58 57 58 59 59 55 56 60 61 62 57 63 64 58 65 66 59 60 61 60 61 62 64 63 65 66 59 66 60 61 62 62 63 63 64 64 65 65 66 

12x12
01 02 02 03 03 04 04 05 05 06 06 07 01 08 01 02 09 03 05 04 06 07 10 07 08 01 02 09 03 09 04 05 11 06 07 10 12 08 08 09 13 14 11 15 11 10 10 16 12 17 12 13 14 13 15 11 15 16 18 16 17 12 17 13 19 14 14 20 15 18 16 18 17 21 21 22 19 20 19 20 23 24 24 18 21 25 22 26 26 19 20 23 27 23 28 24 25 21 25 22 22 26 27 23 27 28 24 28 25 29 30 31 26 32 33 27 34 35 36 28 29 30 29 30 31 33 32 34 35 36 35 36 29 30 31 31 32 32 33 33 34 34 35 36 
12x14
01 02 03 03 04 04 05 05 06 06 07 08 01 02 01 02 03 05 04 06 07 08 07 08 09 01 02 03 10 04 05 11 06 07 08 12 09 13 09 10 14 10 15 15 11 12 16 12 13 09 13 10 17 14 11 11 15 16 12 16 13 18 18 14 14 17 19 15 20 21 21 16 18 22 22 17 17 23 20 19 20 24 24 21 22 18 25 25 23 19 19 20 26 26 21 24 27 22 28 28 25 23 23 26 29 29 24 30 27 31 27 25 28 32 33 29 26 30 34 30 31 27 31 28 32 33 32 33 29 34 30 34 31 35 36 37 32 38 39 33 40 41 42 34 35 36 35 36 37 39 38 40 41 42 41 42 35 36 37 37 38 38 39 39 40 40 41 42 

13x16
01 02 02 03 03 04 05 05 06 06 07 07 08 01 09 01 02 04 03 04 06 05 07 08 10 08 09 01 02 11 03 12 04 05 06 13 07 08 10 14 09 09 11 12 11 15 13 16 13 10 10 17 14 18 14 19 11 12 12 15 13 16 17 20 17 18 14 18 21 19 15 15 16 16 22 20 17 20 18 23 19 19 21 24 24 22 25 22 26 26 20 23 27 21 21 28 28 29 24 22 25 30 30 26 27 23 23 28 31 29 24 25 25 32 32 26 30 33 27 27 31 28 31 29 29 32 34 34 30 35 33 36 33 31 37 37 38 38 34 32 35 39 35 36 33 36 37 40 38 41 41 42 34 39 35 39 36 43 43 40 37 40 38 42 41 42 44 44 39 43 45 46 40 47 48 49 41 50 42 51 52 44 45 43 45 46 48 47 49 50 49 51 52 44 52 45 46 46 47 47 48 48 49 50 50 51 51 52 
13x24
01 02 02 03 03 04 05 05 06 06 07 07 08 01 09 01 02 04 03 04 06 05 07 08 10 08 09 01 02 11 03 12 04 05 06 13 07 08 10 14 09 09 11 12 11 15 13 16 13 10 10 17 14 18 14 19 11 12 12 15 13 16 17 20 17 18 14 18 21 19 15 15 16 16 22 20 17 20 18 23 19 19 21 24 25 22 26 22 20 27 28 23 29 21 21 24 25 24 26 22 27 28 27 28 29 23 23 30 24 31 25 25 26 26 27 28 32 33 29 29 30 31 30 31 34 35 35 32 36 32 33 37 33 38 30 34 31 34 39 39 35 32 36 37 33 37 38 40 38 34 39 41 35 36 36 42 37 43 43 44 38 40 45 41 39 41 42 46 42 43 47 44 40 40 45 48 45 49 41 46 42 46 47 43 47 44 44 45 48 49 48 49 50 50 46 47 51 52 53 53 54 54 48 55 49 56 56 50 51 52 51 52 57 53 55 54 55 58 58 50 56 51 52 59 57 53 57 54 55 58 60 60 56 61 59 62 59 57 63 63 64 64 60 58 61 65 61 62 59 62 63 66 64 67 67 68 60 65 61 65 62 69 69 66 63 66 64 68 67 68 70 70 65 69 71 72 66 73 74 75 67 76 68 77 78 70 71 69 71 72 74 73 75 76 75 77 78 70 78 71 72 72 73 73 74 74 75 76 76 77 77 78 

14x16
01 02 03 03 04 04 05 05 06 06 07 07 08 09 01 02 01 02 03 10 04 06 05 07 08 09 08 09 11 01 02 03 12 04 10 05 06 13 07 08 09 14 11 15 11 12 10 10 16 16 13 17 13 14 18 14 15 11 15 19 12 12 20 17 16 17 13 18 14 18 15 21 22 19 20 19 20 16 17 23 24 25 25 18 21 22 21 26 19 20 27 23 24 23 24 28 28 25 21 29 22 22 26 27 30 30 23 24 31 31 25 28 29 32 26 26 33 34 27 27 30 31 35 35 28 36 32 29 29 33 34 33 34 30 37 38 31 36 35 36 39 32 32 33 34 40 41 37 38 37 38 35 36 42 39 43 39 44 40 41 40 37 45 45 38 42 46 42 43 39 43 44 40 44 41 41 47 47 45 46 42 46 43 48 49 50 44 51 52 47 53 45 54 55 56 46 48 49 48 49 50 52 51 53 47 54 55 56 55 56 48 49 50 50 51 51 52 52 53 53 54 54 55 56 
14x20
01 02 03 03 04 04 05 05 06 06 07 07 08 09 01 02 01 02 03 10 04 06 05 07 08 09 08 09 11 01 02 03 10 04 10 05 06 12 07 08 09 13 11 14 11 15 10 16 16 17 18 18 12 13 19 13 14 11 14 15 16 15 17 20 12 12 18 19 13 19 14 21 22 23 15 16 20 17 17 18 24 25 25 19 21 22 21 23 26 23 27 20 20 28 28 24 29 25 21 30 22 22 23 26 27 31 27 24 24 28 25 29 30 32 30 26 26 33 31 27 31 34 28 29 29 35 30 36 32 37 38 33 31 33 39 39 34 35 40 35 32 32 36 38 37 38 33 41 34 34 39 40 35 40 36 36 37 37 42 38 41 43 41 39 44 45 45 40 46 47 48 48 42 43 42 43 41 49 49 44 50 45 46 47 46 47 48 42 43 51 51 44 44 49 45 50 52 46 47 48 53 54 51 55 56 56 49 50 50 57 52 58 52 53 54 53 55 51 59 59 56 57 60 57 58 52 58 53 61 54 54 55 55 56 59 60 57 60 58 62 63 64 61 65 61 66 67 59 68 69 70 60 62 63 62 63 64 61 65 67 66 68 69 70 69 70 62 63 64 64 65 65 66 66 67 67 68 68 69 70 


3x4x4
01 02 03 03 04 03 04 03 04 04 05 06 01 02 01 07 05 08 09 02 10 06 05 06 09 01 08 07 02 10 09 05 08 07 06 10 11 11 08 09 12 11 07 11 12 12 12 10 
3x4x6
01 02 02 02 03 04 05 02 06 07 08 06 01 03 04 05 08 06 01 03 04 07 08 07 09 03 04 01 10 11 05 08 06 05 07 12 09 13 09 11 10 11 14 15 16 12 10 12 13 09 13 14 11 16 15 10 15 14 12 16 13 17 17 17 18 16 18 17 15 14 18 18 

3x5x8
01 02 03 02 04 02 02 05 06 05 07 06 08 05 05 01 09 03 10 04 06 01 11 03 07 04 07 08 12 08 10 13 09 01 14 03 11 04 06 07 15 15 12 08 12 09 09 13 10 16 14 10 11 11 15 17 17 12 18 18 13 13 19 14 14 16 20 20 21 17 15 21 18 22 22 19 23 19 16 16 24 25 26 20 27 17 28 22 18 21 23 19 23 24 26 24 27 20 28 25 26 21 27 22 28 29 29 23 25 24 29 25 29 30 30 26 30 27 30 28 

4x4x4
01 02 03 04 05 02 03 06 05 06 05 06 07 05 06 08 01 09 10 04 07 11 12 08 01 02 03 04 07 13 14 08 09 10 09 10 01 02 03 04 07 11 12 08 13 14 13 14 09 11 12 10 15 11 12 16 15 16 15 16 13 15 16 14 
4x4x5
01 02 03 04 03 02 03 02 05 03 02 06 07 07 08 08 01 09 10 04 05 09 10 06 01 11 12 04 05 08 07 06 13 14 15 16 01 11 12 04 17 09 10 18 05 07 08 06 13 15 14 16 17 09 10 18 13 11 12 16 17 11 12 18 14 14 15 15 13 19 20 16 20 19 20 19 17 20 19 18 

4x5x6
01 02 03 03 04 05 05 06 04 07 08 09 07 10 07 09 07 11 12 12 01 03 02 06 13 13 08 05 01 14 13 06 04 13 10 15 11 12 11 09 02 02 03 06 01 16 05 17 04 14 08 17 10 10 08 09 11 14 12 15 18 16 19 17 20 20 21 22 23 16 21 15 24 14 25 15 26 26 27 28 18 19 18 22 23 29 20 17 24 16 29 28 29 29 21 25 24 27 26 28 30 18 19 19 30 20 30 22 23 30 21 22 23 25 25 28 24 26 27 27 

3x7x8
01 02 03 04 05 06 05 07 05 08 09 05 08 10 11 12 13 10 10 10 14 01 02 03 04 07 06 01 02 03 04 09 06 12 13 14 08 09 11 12 13 14 15 16 17 01 02 03 04 07 06 18 07 11 08 09 11 19 20 14 12 13 21 15 16 17 22 23 24 15 16 17 18 25 18 26 27 21 26 27 28 19 20 21 22 23 24 15 16 17 22 23 24 25 18 25 19 20 28 19 20 21 26 27 28 22 23 24 29 30 31 32 33 34 25 35 36 37 38 36 26 27 39 40 41 28 29 30 31 32 33 34 29 30 31 32 35 34 40 38 39 37 35 36 40 38 41 29 30 31 32 42 34 42 33 42 37 33 42 37 35 36 40 38 39 41 41 39 

5x5x8
01 02 03 04 05 06 07 05 08 05 06 09 06 05 10 09 06 09 11 12 09 13 13 14 15 01 02 03 04 10 16 07 17 08 12 01 02 03 04 10 18 07 11 08 12 13 14 15 14 15 16 19 17 20 20 01 02 03 04 10 16 07 21 08 12 18 22 18 11 11 23 13 14 15 24 16 19 20 19 25 26 26 17 27 25 23 22 17 21 28 29 18 28 30 28 23 22 24 28 24 31 32 19 20 33 31 32 26 30 27 29 21 21 34 25 23 35 34 30 34 29 22 34 24 36 37 38 33 39 33 40 26 27 27 25 31 32 41 30 36 35 41 35 41 42 29 43 44 41 36 37 38 37 33 39 31 32 45 46 46 40 38 46 45 42 35 45 45 46 36 43 44 43 44 42 40 37 39 39 47 40 38 47 48 47 49 50 48 47 48 49 50 49 50 48 43 49 50 44 42 
