Prime boxes of the U-Pentomino  Toshihiro Shirakawa 2015.04.13

Complete

minimal 6
2x3x5

Prime
2x3x5
2x10x[10,14]
2x11x[20,25]

3x3x10
3x5x7

4x4x5
4x5x5

5x5x11


2x2x4x5
2x5x5x5
3x3x3x5

Solutions
2x3x5
01 02 01 02 01 02 01 02 03 03 01 02 04 04 03 04 04 04 05 06 03 03 05 06 05 06 05 06 05 06 

2x10x10
01 01 01 02 01 01 03 02 04 04 03 05 06 06 06 05 06 06 07 07 08 08 09 02 09 02 03 02 03 04 03 05 10 05 10 05 10 11 07 11 08 12 09 12 13 14 13 14 04 04 15 15 10 15 15 15 10 11 07 07 08 08 09 12 09 14 13 16 17 16 18 18 17 18 18 18 19 11 19 11 20 12 20 12 13 14 13 14 17 16 17 21 17 21 22 22 19 22 22 22 23 23 20 23 23 23 24 16 24 16 24 21 25 26 25 26 19 27 19 27 20 28 20 28 29 29 24 29 29 29 24 21 25 21 30 26 30 27 31 31 32 32 33 28 34 34 33 34 34 34 35 35 25 26 25 26 30 27 31 27 32 28 33 28 33 36 33 36 37 36 37 35 37 38 30 38 30 38 31 31 32 32 39 39 39 36 39 39 37 36 35 35 37 38 40 40 40 38 40 40 
2x10x14
01 01 01 02 01 01 03 02 04 04 03 05 06 06 06 05 06 06 07 07 08 08 09 02 09 02 03 02 03 04 03 05 10 05 10 05 10 11 07 11 08 12 09 12 13 14 13 14 04 04 15 15 10 15 15 15 10 11 07 07 08 08 09 12 09 14 13 16 17 16 18 18 17 18 18 18 19 11 19 11 20 12 20 12 13 14 13 14 17 16 17 21 17 21 22 22 19 22 22 22 23 23 20 23 23 23 24 16 24 16 25 25 25 21 25 25 19 26 19 26 20 27 20 27 28 28 24 28 28 28 29 21 29 21 30 30 30 26 30 30 31 31 31 27 31 31 24 32 24 32 33 33 29 33 33 33 34 26 34 26 35 27 35 27 36 36 36 32 36 36 29 37 29 37 38 38 34 38 38 38 39 39 35 39 39 39 40 32 40 32 40 37 41 42 41 42 34 43 34 43 35 44 35 44 45 45 40 45 45 45 40 37 41 37 46 42 46 43 47 47 48 48 49 44 50 50 49 50 50 50 51 51 41 42 41 42 46 43 47 43 48 44 49 44 49 52 49 52 53 52 53 51 53 54 46 54 46 54 47 47 48 48 55 55 55 52 55 55 53 52 51 51 53 54 56 56 56 54 56 56 

2x11x20
01 02 01 02 01 02 03 04 03 04 05 05 06 07 06 07 08 09 08 09 08 09 01 02 10 10 01 02 03 04 11 11 11 05 11 11 06 07 08 09 12 12 08 09 13 13 10 13 13 13 03 04 03 04 05 05 06 07 06 07 14 14 12 14 14 14 15 16 10 10 15 16 17 18 17 18 19 19 20 21 20 21 22 23 12 12 22 23 15 16 15 16 15 16 17 18 24 24 19 24 24 24 20 21 22 23 22 23 22 23 25 26 25 26 25 26 17 18 17 18 19 19 20 21 20 21 27 28 27 28 27 28 25 26 29 29 25 26 30 31 30 31 32 32 33 34 33 34 27 28 35 35 27 28 36 36 29 36 36 36 30 31 37 37 32 37 37 37 33 34 38 38 35 38 38 38 39 39 29 29 40 40 30 31 30 31 32 32 33 34 33 34 41 41 35 35 42 42 39 43 44 43 44 40 44 45 46 46 47 45 48 48 47 49 41 49 50 49 50 42 39 39 44 43 40 40 44 45 46 45 47 45 47 48 47 49 41 41 50 49 42 42 51 43 51 43 52 53 52 53 46 46 54 54 48 48 55 56 55 56 50 57 50 57 58 58 51 58 58 58 52 53 59 59 54 59 59 59 55 56 60 60 60 57 60 60 51 61 51 61 52 53 52 53 62 62 54 54 63 63 55 56 55 56 64 57 64 57 65 65 66 61 67 67 66 68 62 68 69 69 63 69 69 69 70 70 64 70 70 70 65 61 66 61 66 67 66 68 62 62 71 72 63 63 71 72 73 73 64 74 64 74 65 65 75 75 67 67 76 68 76 68 71 72 71 72 71 72 77 73 77 74 78 78 79 79 75 79 79 79 80 80 76 81 82 82 82 81 82 82 73 73 77 74 78 74 83 84 75 75 83 84 76 80 76 81 85 81 85 81 85 86 77 86 77 86 78 78 83 84 83 84 83 84 80 80 87 87 85 87 87 87 85 86 88 88 88 86 88 88 
2x11x25
01 02 01 02 01 02 03 04 03 04 05 05 06 07 06 07 08 09 08 09 08 09 01 02 10 10 01 02 03 04 11 11 11 05 11 11 06 07 08 09 12 12 08 09 13 13 10 13 13 13 03 04 03 04 05 05 06 07 06 07 14 14 12 14 14 14 15 16 10 10 15 16 17 18 17 18 19 19 20 21 20 21 22 23 12 12 22 23 15 16 15 16 15 16 17 18 24 24 19 24 24 24 20 21 22 23 22 23 22 23 25 26 25 26 25 26 17 18 17 18 19 19 20 21 20 21 27 28 27 28 27 28 25 26 29 29 25 26 30 31 30 31 32 32 33 34 33 34 27 28 35 35 27 28 36 36 29 36 36 36 30 31 37 37 32 37 37 37 33 34 38 38 35 38 38 38 39 39 29 29 40 40 30 31 30 31 32 32 33 34 33 34 41 41 35 35 42 42 39 43 44 43 44 40 44 45 46 46 47 45 48 48 47 49 41 49 50 49 50 42 39 39 44 43 40 40 44 45 46 45 47 45 47 48 47 49 41 41 50 49 42 42 51 43 51 43 52 53 52 53 46 46 54 54 48 48 55 56 55 56 50 57 50 57 58 58 51 58 58 58 52 53 59 59 54 59 59 59 55 56 60 60 60 57 60 60 51 61 51 61 52 53 52 53 62 62 54 54 63 63 55 56 55 56 64 57 64 57 65 65 66 61 67 67 66 68 62 68 69 68 69 63 69 70 71 71 64 70 72 72 65 61 66 61 66 67 66 68 62 62 69 68 63 63 69 70 71 70 64 70 64 72 65 65 73 73 67 67 74 75 74 75 76 76 77 78 77 78 71 71 79 79 72 72 80 80 73 80 80 80 74 75 81 81 76 81 81 81 77 78 82 82 79 82 82 82 83 84 73 73 83 84 74 75 74 75 76 76 77 78 77 78 85 86 79 79 85 86 83 84 83 84 83 84 87 88 87 88 89 89 90 91 90 91 85 86 85 86 85 86 92 93 92 93 92 93 87 88 94 94 89 94 94 94 90 91 95 96 95 96 95 96 92 93 97 97 92 93 87 88 87 88 89 89 90 91 90 91 95 96 98 98 95 96 99 99 97 99 99 99 100 101 100 101 102 102 103 104 103 104 105 105 98 105 105 105 106 107 97 97 106 107 100 101 108 108 102 108 108 108 103 104 109 110 98 98 109 110 106 107 106 107 106 107 100 101 100 101 102 102 103 104 103 104 109 110 109 110 109 110 

3x3x10
01 02 03 01 02 03 01 02 03 01 02 03 04 04 04 01 02 03 05 06 06 04 06 04 05 06 06 05 07 07 05 08 08 05 09 09 10 10 07 11 11 08 12 12 09 10 07 07 11 08 08 12 09 09 10 10 13 11 11 13 12 12 13 14 14 13 14 15 15 14 14 13 16 16 17 16 15 17 16 16 17 18 18 17 18 15 15 18 18 17 

3x5x7
01 01 01 02 02 02 03 03 03 04 04 04 05 05 05 01 06 01 02 06 02 03 06 03 04 07 04 05 07 05 08 06 08 08 08 08 09 06 09 10 07 10 10 10 10 11 12 11 13 12 14 09 09 09 13 07 14 15 07 15 11 11 11 13 12 14 13 16 14 13 16 14 15 15 15 17 12 17 18 12 18 19 19 19 20 16 20 20 20 20 17 17 17 18 18 18 19 16 19 21 16 21 21 21 21 

4x4x5
01 01 01 02 01 03 01 02 04 03 04 05 04 04 04 05 06 06 07 07 08 08 08 02 08 03 08 05 09 09 10 10 11 06 07 02 11 03 12 02 13 03 12 05 13 09 10 05 06 06 07 07 11 14 12 14 13 14 14 14 09 09 10 10 11 15 15 15 11 15 12 15 13 16 12 16 13 16 16 16 
4x5x5
01 01 02 02 01 03 03 03 01 01 04 04 05 05 05 04 06 06 04 04 07 07 07 02 07 03 07 03 08 08 09 09 05 10 05 10 06 10 10 10 11 11 02 02 12 12 13 13 08 12 09 13 12 12 13 13 06 06 14 14 11 15 15 15 16 15 16 15 08 08 09 09 17 18 17 18 17 17 17 14 11 11 19 19 16 16 16 19 20 20 19 19 20 18 18 18 20 20 14 14 

5x5x11
01 02 02 03 04 05 05 02 03 04 01 02 02 03 04 06 06 07 08 08 09 09 07 10 10 01 11 11 03 04 01 05 11 12 12 01 11 11 03 04 06 13 13 13 08 09 13 07 13 10 14 15 15 16 16 05 05 15 12 16 14 15 15 16 16 06 06 07 08 08 09 09 07 10 10 14 17 17 18 18 14 19 20 12 12 14 19 20 21 22 23 19 23 21 22 23 23 23 21 22 24 24 17 18 25 24 19 26 26 25 24 24 20 21 22 27 19 27 28 28 27 27 27 21 22 29 17 17 18 18 30 30 20 26 25 29 31 20 32 32 33 31 33 28 32 33 33 33 32 32 29 34 34 34 25 29 30 26 26 25 29 35 35 36 37 38 31 35 28 28 38 35 35 36 37 39 34 40 34 40 30 30 40 40 40 39 31 41 36 37 38 31 41 36 37 42 42 41 36 37 39 43 44 45 45 39 43 44 46 46 39 47 41 47 48 38 47 47 47 48 38 42 41 49 49 50 43 51 51 45 52 52 44 51 46 50 52 51 51 48 52 52 53 53 53 42 42 53 49 53 50 43 44 45 45 50 43 44 46 46 50 54 54 54 48 55 54 55 54 48 55 55 55 49 49 


2x2x4x5
01 01 02 02 01 03 02 03 01 01 02 02 04 04 05 05 06 07 08 07 06 07 08 03 09 07 10 07 09 04 10 05 11 11 12 12 06 03 08 03 09 13 10 13 04 04 05 05 06 11 08 12 06 14 08 14 09 13 10 14 09 14 10 14 11 11 12 12 15 15 16 16 15 13 16 13 15 15 16 16 
2x5x5x5
01 02 01 02 01 02 03 03 04 05 01 06 07 07 01 06 08 08 04 05 09 06 07 06 10 06 10 08 10 05 09 11 07 07 10 12 08 08 10 12 09 11 13 13 14 12 14 12 14 12 15 02 15 16 15 02 17 03 04 05 18 19 18 16 20 20 17 21 22 22 09 19 23 24 25 24 25 21 26 05 27 27 23 28 29 29 30 31 26 31 09 11 13 28 14 32 30 32 14 32 15 33 34 34 15 35 03 03 04 35 36 33 18 16 36 20 17 21 04 22 36 19 36 24 36 37 25 37 26 37 27 11 23 28 29 37 30 31 38 37 39 11 13 13 39 32 40 40 38 32 41 33 34 16 42 35 17 35 42 35 18 19 18 16 20 20 17 21 22 22 41 19 23 24 25 24 25 21 26 43 27 27 23 28 29 29 30 31 26 31 39 44 39 28 39 44 30 40 38 43 41 33 34 34 42 45 42 45 42 45 41 33 46 46 47 45 48 48 47 45 41 49 46 49 47 49 47 48 47 43 50 49 46 46 50 49 48 48 38 43 50 44 50 44 50 44 40 40 38 43 
3x3x3x5
01 02 03 04 02 05 04 02 05 01 06 03 07 06 07 08 06 09 10 11 12 10 11 12 08 11 09 13 02 13 13 13 13 04 02 05 01 06 03 07 07 07 08 06 09 10 11 12 14 14 14 14 11 14 01 15 03 04 16 05 04 17 05 01 15 03 18 16 18 08 17 09 10 15 12 10 16 12 08 17 09 19 15 19 20 16 20 21 17 21 22 23 24 18 18 18 22 23 24 25 15 25 26 16 26 27 17 27 19 19 19 20 20 20 21 21 21 22 23 24 22 23 24 22 23 24 25 25 25 26 26 26 27 27 27 
