Prime boxes of the V-Pentomino  Toshihiro Shirakawa 2014.12.8

Possible:

3x 5x[6,8]
3x 7x[20,25,30,35]
3x 9x[10,15]
3x10x[10,11,13]
3x11x15
3x13x15

4x 4x[10,15]
4x 5x[6-11]

5x5x[6,9,10,11,13,14]
5x7x[7,9]

3x3x3x[15,20,25]
3x3x4x5
3x3x5x[5,7]
3x4x4x5
3x4x5x5
3x5x5x5
4x4x4x5
4x4x5x5

3x3x3x3x5

Possible?
4x5x5x5
5x5x5x5

3x5x6
01 01 01 01 02 03 01 02 03 04 02 03 05 05 05 06 06 06 06 02 03 06 07 08 04 07 08 05 07 08 09 09 09 09 02 03 09 10 08 04 04 04 05 07 11 12 12 12 12 13 14 12 10 08 15 15 15 16 07 11 17 17 17 17 13 14 17 10 11 15 10 11 16 10 11 18 18 18 18 13 14 18 13 14 15 13 14 16 16 16 
3x5x8
01 01 01 02 02 02 03 04 05 03 04 05 03 04 05 06 07 01 06 07 02 06 07 05 08 08 08 03 04 09 06 07 01 10 11 02 10 11 05 10 11 08 03 04 09 06 07 12 10 11 12 12 12 12 13 14 08 09 09 09 15 15 15 10 11 16 17 17 17 13 14 17 18 19 17 20 21 15 13 14 16 13 14 22 13 14 23 18 19 24 20 21 15 16 16 16 18 19 22 18 19 23 18 19 24 20 21 22 20 21 22 20 21 22 23 23 23 24 24 24 

3x7x20
01 02 03 01 02 03 01 02 03 04 04 04 05 06 04 05 06 04 05 06 07 01 02 03 08 08 08 09 09 09 10 11 12 10 11 12 10 11 12 05 06 07 01 02 03 13 14 08 13 14 09 13 14 12 15 16 07 10 11 07 05 06 07 17 18 19 17 18 08 17 18 09 13 14 12 15 16 20 10 11 20 20 20 20 17 18 19 21 21 21 22 23 21 13 14 21 15 16 24 15 16 24 15 16 24 17 18 19 25 26 19 22 23 19 27 27 27 28 29 27 28 29 27 28 29 24 30 30 30 25 26 30 22 23 30 22 23 31 22 23 31 31 31 31 28 29 24 32 32 32 25 26 32 25 26 32 25 26 33 34 34 34 35 35 35 28 29 36 37 37 37 38 39 37 38 39 37 38 39 33 40 41 34 40 41 35 40 41 36 42 42 42 38 39 42 43 44 42 33 33 33 40 41 34 45 46 35 36 36 36 47 47 47 38 39 48 43 44 49 50 50 50 40 41 51 45 46 51 51 51 51 43 44 47 43 44 48 43 44 49 45 46 50 45 46 52 45 46 52 52 52 52 53 54 47 48 48 48 49 49 49 55 56 50 55 56 57 55 56 57 57 57 57 53 54 58 59 59 59 60 61 59 60 61 59 60 61 62 55 56 62 62 62 62 53 54 58 53 54 63 53 54 63 63 63 63 60 61 64 55 56 64 65 66 64 67 68 58 67 68 58 67 68 58 69 70 71 60 61 71 71 71 71 65 66 64 72 72 72 73 74 72 67 68 72 69 70 75 65 66 76 65 66 77 65 66 64 78 79 80 73 74 80 67 68 80 69 70 75 69 70 76 69 70 77 81 82 83 78 79 80 73 74 75 73 74 75 73 74 75 76 76 76 77 77 77 81 82 83 78 79 80 78 79 84 78 79 84 84 84 84 81 82 83 81 82 83 81 82 83 
3x7x25
01 02 03 01 02 03 01 02 03 04 04 04 05 06 04 05 06 04 05 06 07 01 02 03 08 08 08 09 09 09 10 11 12 10 11 12 10 11 12 05 06 07 01 02 03 13 14 08 13 14 09 13 14 12 15 16 07 10 11 07 05 06 07 17 18 19 17 18 08 17 18 09 13 14 12 15 16 20 10 11 20 20 20 20 17 18 19 21 21 21 22 23 21 13 14 21 15 16 24 15 16 24 15 16 24 17 18 19 25 26 19 22 23 19 27 27 27 28 29 27 28 29 27 28 29 24 30 31 32 25 26 32 22 23 32 22 23 33 22 23 33 34 35 33 28 29 24 30 31 36 25 26 37 25 26 32 25 26 33 38 38 38 34 35 38 28 29 38 30 31 36 30 31 37 30 31 32 34 35 33 34 35 39 34 35 39 39 39 39 36 36 36 37 37 37 40 41 42 40 41 42 40 41 42 43 43 43 44 44 44 45 45 45 46 47 45 40 41 45 48 48 48 49 50 42 49 50 43 49 50 44 51 51 51 46 47 51 40 41 51 52 53 48 52 53 42 52 53 43 49 50 44 54 54 54 46 47 54 46 47 54 46 47 48 55 55 55 52 53 55 49 50 55 56 57 58 56 57 59 56 57 59 59 59 59 60 61 62 52 53 62 62 62 62 56 57 58 63 64 65 63 64 65 63 64 65 60 61 66 67 68 66 66 66 66 56 57 58 63 64 58 60 61 58 60 61 65 60 61 69 67 68 69 69 69 69 70 70 70 63 64 71 72 72 72 67 68 65 67 68 73 67 68 73 73 73 73 74 75 70 74 75 71 74 75 72 76 77 78 76 77 79 76 77 79 79 79 79 74 75 70 71 71 71 80 81 72 80 81 78 80 81 82 76 77 82 82 82 82 74 75 83 84 84 84 85 85 85 78 78 78 80 81 86 76 77 86 87 88 86 89 90 83 89 90 84 89 90 85 91 92 93 80 81 93 93 93 93 87 88 86 83 83 83 94 95 84 89 90 85 91 92 96 87 88 97 87 88 98 87 88 86 99 100 101 94 95 101 89 90 101 91 92 96 91 92 97 91 92 98 102 103 104 99 100 101 94 95 96 94 95 96 94 95 96 97 97 97 98 98 98 102 103 104 99 100 101 99 100 105 99 100 105 105 105 105 102 103 104 102 103 104 102 103 104 
3x7x30
01 02 03 01 02 03 01 02 03 04 04 04 05 06 04 05 06 04 05 06 07 01 02 03 08 08 08 09 09 09 10 11 12 10 11 12 10 11 12 05 06 07 01 02 03 13 14 08 13 14 09 13 14 12 15 16 07 10 11 07 05 06 07 17 18 19 17 18 08 17 18 09 13 14 12 15 16 20 10 11 21 22 22 22 17 18 19 23 23 23 24 25 23 13 14 23 15 16 20 15 16 21 15 16 22 17 18 19 26 27 19 24 25 19 28 28 28 20 20 20 21 21 21 29 30 22 31 31 31 26 27 31 24 25 31 24 25 28 24 25 32 33 33 33 29 30 34 35 35 35 26 27 35 26 27 35 26 27 28 29 30 32 29 30 33 29 30 34 36 37 38 36 37 39 36 37 39 39 39 39 32 32 32 40 41 33 34 34 34 36 37 38 42 43 44 42 43 44 42 43 44 45 45 45 40 41 45 46 47 45 36 37 38 42 43 38 48 49 38 40 41 44 40 41 50 40 41 51 46 47 52 53 53 53 42 43 54 48 49 55 56 57 44 46 47 50 46 47 51 46 47 52 48 49 53 48 49 54 48 49 55 56 57 58 50 50 50 51 51 51 52 52 52 59 60 53 54 54 54 55 55 55 56 57 58 56 57 61 56 57 62 63 63 63 59 60 64 65 65 65 66 66 66 58 58 58 67 68 61 67 68 62 67 68 63 59 60 64 59 60 65 59 60 66 69 69 69 61 61 61 62 62 62 67 68 63 64 64 64 70 71 65 70 71 66 70 71 69 72 72 72 73 73 73 67 68 74 75 75 75 76 76 76 77 77 77 70 71 69 78 79 72 78 79 73 78 79 74 80 81 75 80 81 76 80 81 77 70 71 82 78 79 72 83 84 73 74 74 74 80 81 75 85 86 76 85 86 77 85 86 82 78 79 87 83 84 87 88 89 87 80 81 90 85 86 90 90 90 90 83 84 82 83 84 82 83 84 82 88 89 87 91 91 91 85 86 92 93 93 93 94 94 94 88 89 94 88 89 94 88 89 87 95 96 91 95 96 92 95 96 93 97 98 99 97 98 100 97 98 100 100 100 100 95 96 91 92 92 92 101 102 93 101 102 99 101 102 103 97 98 103 103 103 103 95 96 104 105 105 105 106 106 106 99 99 99 101 102 107 97 98 107 108 109 107 110 111 104 110 111 105 110 111 106 112 113 114 101 102 114 114 114 114 108 109 107 104 104 104 115 116 105 110 111 106 112 113 117 108 109 118 108 109 119 108 109 107 120 121 122 115 116 122 110 111 122 112 113 117 112 113 118 112 113 119 123 124 125 120 121 122 115 116 117 115 116 117 115 116 117 118 118 118 119 119 119 123 124 125 120 121 122 120 121 126 120 121 126 126 126 126 123 124 125 123 124 125 123 124 125 
3x7x35
01 02 03 01 02 03 01 02 03 04 04 04 05 06 04 05 06 04 05 06 07 01 02 03 08 08 08 09 09 09 10 11 12 10 11 12 10 11 12 05 06 07 01 02 03 13 14 08 13 14 09 13 14 12 15 16 07 10 11 07 05 06 07 17 18 19 17 18 08 17 18 09 13 14 12 15 16 20 10 11 21 22 22 22 17 18 19 23 23 23 24 25 23 13 14 23 15 16 20 15 16 21 15 16 22 17 18 19 26 27 19 24 25 19 28 28 28 20 20 20 21 21 21 29 30 22 31 31 31 26 27 31 24 25 31 24 25 28 24 25 32 33 33 33 29 30 34 35 35 35 26 27 35 26 27 35 26 27 28 29 30 32 29 30 33 29 30 34 36 37 38 36 37 39 36 37 39 39 39 39 32 32 32 40 41 33 34 34 34 36 37 38 42 42 42 43 44 42 43 44 42 43 44 45 40 41 45 45 45 45 36 37 38 46 47 38 43 44 38 40 41 48 40 41 49 40 41 49 49 49 49 50 51 52 46 47 52 43 44 52 53 54 48 53 54 55 53 54 55 55 55 55 50 51 56 46 47 57 46 47 52 46 47 48 58 59 48 53 54 48 60 60 60 50 51 56 50 51 57 50 51 52 61 61 61 58 59 61 53 54 61 62 63 60 56 56 56 57 57 57 58 59 64 58 59 64 58 59 64 65 65 65 62 63 60 66 66 66 67 68 66 67 68 66 67 68 69 62 63 64 62 63 65 62 63 70 71 71 71 72 72 72 73 73 73 67 68 69 74 75 64 74 75 65 74 75 70 76 77 71 76 77 72 76 77 73 67 68 69 74 75 69 78 79 69 70 70 70 76 77 71 80 81 72 80 81 73 80 81 82 74 75 83 78 79 83 84 85 83 76 77 86 80 81 86 87 88 86 78 79 82 78 79 83 78 79 89 84 85 90 91 91 91 80 81 92 87 88 86 82 82 82 84 85 83 84 85 89 84 85 90 87 88 91 87 88 92 87 88 86 93 94 89 93 94 89 93 94 89 90 90 90 95 96 91 95 96 92 95 96 92 93 94 92 97 97 97 98 98 98 99 99 99 100 100 100 101 102 100 95 96 100 93 94 103 104 105 97 104 105 98 104 105 99 106 107 108 101 102 108 95 96 108 109 110 103 109 110 97 109 110 98 104 105 99 106 107 108 101 102 103 101 102 103 101 102 103 111 111 111 109 110 111 104 105 111 106 107 108 106 107 112 106 107 112 112 112 112 113 113 113 109 110 114 115 115 115 116 116 116 117 118 116 117 118 116 117 118 119 120 121 113 120 121 114 120 121 115 122 122 122 117 118 122 123 124 122 123 124 119 123 124 113 114 114 114 120 121 115 125 126 127 117 118 127 123 124 127 119 119 119 128 128 128 129 129 129 120 121 130 125 126 127 131 131 131 123 124 131 132 133 131 134 135 128 134 135 129 134 135 130 125 126 127 125 126 136 125 126 137 132 133 138 134 135 128 139 140 129 130 130 130 141 142 143 132 133 136 132 133 137 132 133 138 134 135 144 139 140 144 145 146 144 141 142 143 136 136 136 137 137 137 139 140 138 139 140 138 139 140 138 145 146 144 141 142 143 141 142 143 141 142 143 147 147 147 145 146 147 145 146 147 145 146 144 

3x9x10
01 01 01 01 02 03 01 02 03 04 02 03 05 05 05 06 07 08 06 07 08 06 07 08 09 09 09 10 10 10 10 02 03 10 11 12 04 11 12 05 11 12 13 13 13 14 14 14 06 07 08 09 15 16 17 17 17 04 02 03 04 11 12 04 18 19 05 20 21 13 20 21 14 20 21 06 07 08 09 15 16 17 22 23 24 24 24 25 11 12 25 18 19 25 20 21 13 26 27 14 15 16 28 15 16 29 15 16 17 22 23 24 18 19 25 18 19 30 18 19 31 20 21 31 26 27 31 32 33 28 32 33 29 32 33 34 22 23 24 22 23 25 22 23 30 26 27 31 26 27 28 26 27 28 32 33 28 35 36 29 29 29 34 37 38 30 37 38 30 37 38 30 39 40 31 39 40 41 39 40 42 32 33 42 35 36 42 43 44 34 34 34 45 46 47 45 37 38 45 39 40 48 49 50 41 35 36 42 35 36 51 35 36 52 43 44 53 53 53 53 46 47 53 37 38 45 39 40 48 49 50 41 41 41 42 43 44 51 43 44 52 43 44 54 54 54 54 46 47 54 46 47 45 46 47 48 49 50 48 49 50 48 49 50 51 51 51 52 52 52 
3x9x15
01 01 01 01 02 03 01 02 03 04 02 03 05 06 07 08 06 07 08 06 07 08 08 08 09 09 09 10 10 10 10 02 03 10 11 12 04 11 12 05 11 12 13 14 15 13 06 07 13 13 13 09 16 17 18 18 18 18 02 03 18 11 12 04 04 04 05 05 05 19 14 15 19 06 07 19 19 19 09 16 17 20 20 20 20 21 22 20 11 12 23 14 15 23 14 15 23 14 15 24 16 17 24 16 17 24 16 17 25 25 25 26 21 22 26 27 28 26 27 28 29 27 28 23 30 31 24 30 31 32 30 31 33 33 33 34 35 25 34 21 22 34 21 22 26 21 22 29 27 28 23 30 31 24 36 37 32 36 37 33 36 37 34 35 25 38 38 38 39 39 39 26 40 41 29 27 28 29 30 31 29 36 37 32 32 32 33 42 43 34 35 44 38 35 44 39 35 44 45 40 41 46 46 46 46 47 48 46 36 37 49 49 49 50 42 43 51 52 44 38 40 41 39 40 41 45 40 41 53 53 53 53 47 48 53 42 43 49 42 43 50 42 43 51 52 44 54 54 54 55 55 55 45 45 45 56 56 56 56 47 48 56 47 48 49 47 48 50 50 50 51 52 57 51 52 54 51 52 55 58 58 58 59 60 58 59 60 58 59 60 61 62 62 62 63 63 63 64 65 57 64 65 54 64 65 55 66 67 68 59 60 68 68 68 68 69 70 61 69 70 62 69 70 63 57 57 57 71 72 73 64 65 73 66 67 73 59 60 74 75 75 75 61 61 61 76 77 62 69 70 63 78 78 78 71 72 78 64 65 78 66 67 73 66 67 74 66 67 75 79 79 79 76 77 79 69 70 79 80 80 80 71 72 80 71 72 80 71 72 73 74 74 74 76 77 75 76 77 81 76 77 81 81 81 81 

3x10x10
01 01 01 01 02 03 01 02 03 04 02 03 05 05 05 06 06 06 07 08 09 10 08 09 10 08 09 10 10 10 11 11 11 11 02 03 11 12 13 04 12 13 05 12 13 06 14 15 07 14 15 16 14 15 16 08 09 16 16 16 17 17 17 18 02 03 19 19 19 04 04 04 05 12 13 06 14 15 07 07 07 20 20 20 21 08 09 22 22 22 17 23 24 18 23 24 19 23 24 25 26 27 28 12 13 28 14 15 28 28 28 20 29 30 21 29 30 22 29 30 17 23 24 18 18 18 19 31 32 25 26 27 33 34 35 33 34 35 33 34 35 20 29 30 21 21 21 22 36 37 38 23 24 39 39 39 40 31 32 25 26 27 25 26 27 25 26 27 33 34 35 41 29 30 42 42 42 43 36 37 38 31 32 39 31 32 40 31 32 44 44 44 44 45 46 44 47 48 33 34 35 41 36 37 42 36 37 43 36 37 38 38 38 39 49 50 40 40 40 51 51 51 52 45 46 53 47 48 54 54 54 41 41 41 42 55 56 43 43 43 57 57 57 57 49 50 57 45 46 51 45 46 52 45 46 53 47 48 54 47 48 58 47 48 58 55 56 58 58 58 59 59 59 59 49 50 59 49 50 51 49 50 52 52 52 53 53 53 54 55 56 60 55 56 60 55 56 60 60 60 
3x10x11
01 01 01 01 02 03 01 02 03 04 02 03 05 05 05 05 06 07 05 08 09 10 08 09 11 08 09 12 12 12 13 13 13 13 02 03 13 14 15 04 14 15 16 14 15 16 06 07 16 08 09 10 17 18 11 17 18 12 17 18 19 20 21 04 02 03 04 14 15 04 06 07 16 06 07 10 06 07 10 08 09 10 17 18 11 11 11 12 22 23 19 20 21 24 24 24 24 14 15 24 25 26 16 27 28 29 27 28 29 27 28 29 17 18 30 30 30 31 22 23 19 20 21 19 20 21 19 20 21 32 25 26 33 27 28 34 34 34 35 35 35 29 22 23 30 22 23 31 22 23 36 36 36 37 25 26 38 25 26 32 25 26 33 27 28 34 39 40 35 41 42 29 41 42 30 41 42 31 31 31 36 43 44 37 43 44 38 43 44 32 32 32 33 33 33 34 39 40 35 41 42 45 46 47 45 46 47 45 46 47 36 43 44 37 37 37 38 48 49 38 39 40 38 39 40 50 39 40 51 41 42 51 52 53 51 51 51 45 46 47 54 43 44 55 55 55 56 48 49 56 57 58 56 59 60 50 59 60 61 59 60 61 52 53 61 62 63 45 46 47 54 48 49 55 48 49 56 48 49 50 57 58 50 59 60 50 52 53 61 52 53 64 52 53 64 62 63 64 64 64 54 54 54 55 57 58 56 57 58 65 57 58 65 59 60 65 65 65 61 62 63 66 62 63 66 62 63 66 66 66 
3x10x13
01 02 03 04 02 03 04 02 03 04 04 04 05 05 05 05 06 07 05 08 09 10 08 09 10 08 09 10 11 12 01 02 03 13 13 13 13 14 15 13 14 15 16 14 15 16 06 07 16 08 09 17 17 17 18 18 18 10 11 12 01 02 03 01 19 20 01 14 15 21 06 07 21 06 07 21 06 07 16 08 09 17 11 12 18 11 12 10 11 12 22 22 22 22 19 20 22 14 15 23 23 23 24 24 24 21 25 24 16 26 24 17 26 27 18 26 27 27 27 27 28 28 28 28 19 20 28 19 20 23 19 20 29 29 29 21 25 30 31 26 30 31 32 30 31 31 31 33 33 33 34 35 36 34 35 36 34 35 36 23 25 37 38 25 29 38 25 30 38 26 39 40 32 39 39 39 39 33 41 42 34 35 43 44 44 44 44 45 36 44 45 37 46 45 29 47 32 30 38 32 48 40 32 48 48 48 48 33 41 42 34 35 43 49 49 49 49 45 36 49 50 37 46 51 37 47 51 37 38 51 52 40 41 42 40 41 42 40 41 42 43 43 43 53 53 53 46 45 53 46 50 53 46 51 54 47 47 47 55 56 52 55 56 57 55 56 57 57 57 57 58 58 58 58 50 59 58 50 60 61 50 62 61 51 54 61 61 61 52 52 52 63 64 65 55 56 65 65 65 65 66 67 68 66 67 59 66 67 60 69 70 62 71 72 54 71 72 54 71 72 54 63 64 73 55 56 73 74 75 73 66 67 68 59 59 59 60 60 60 69 70 62 71 72 62 63 64 62 63 64 76 63 64 76 76 76 76 74 75 73 66 67 68 69 70 68 69 70 68 69 70 77 71 72 77 77 77 77 78 78 78 74 75 78 74 75 78 74 75 73 

3x11x15
01 02 03 01 02 04 01 02 04 04 04 04 05 06 07 05 06 08 05 06 08 09 10 08 09 10 11 09 10 11 12 13 11 01 02 03 14 14 14 15 16 14 15 16 14 15 16 07 17 18 08 05 06 19 09 10 20 21 21 21 22 22 22 12 13 11 01 02 03 23 24 03 15 16 03 25 25 25 07 07 07 17 18 08 05 06 19 09 10 20 12 13 21 12 13 22 12 13 11 26 26 26 23 24 26 15 16 26 17 18 25 17 18 19 17 18 19 27 28 19 20 20 20 29 30 21 29 30 22 29 30 31 32 32 32 23 24 32 23 24 32 23 24 25 33 33 33 34 35 33 27 28 33 36 37 38 36 37 38 36 37 38 29 30 31 39 40 41 39 40 41 39 40 41 42 42 42 43 43 43 34 35 44 27 28 45 27 28 38 27 28 31 36 37 31 29 30 31 39 40 46 47 47 47 47 48 41 47 48 42 43 48 49 34 35 44 34 35 45 34 35 38 50 51 52 36 37 52 52 52 52 39 40 46 53 53 53 53 48 41 53 54 42 43 55 49 44 44 44 45 45 45 56 56 56 50 51 57 58 59 57 57 57 57 46 46 46 60 60 60 61 48 49 61 54 49 61 55 49 62 62 62 50 51 63 50 51 56 50 51 64 58 59 64 64 64 64 65 65 65 60 54 65 66 54 65 67 54 68 61 55 68 62 55 68 69 55 63 58 59 56 58 59 70 58 59 70 70 70 70 71 71 71 60 72 71 66 72 71 67 72 68 61 73 63 62 73 63 69 73 63 74 75 76 74 75 77 74 75 77 77 77 77 66 78 79 66 78 79 66 78 79 67 72 68 67 73 80 67 81 80 69 82 80 69 82 76 69 82 83 74 75 83 83 83 83 84 78 79 85 85 85 85 86 87 85 72 88 89 73 80 90 81 91 92 92 92 92 93 76 92 82 76 74 75 76 94 95 96 84 78 79 97 97 97 97 86 87 97 81 88 89 81 80 90 81 91 98 98 98 98 93 99 98 82 99 99 99 99 94 95 96 84 86 87 84 86 87 84 86 87 88 88 88 89 89 89 90 93 91 90 93 91 90 93 91 94 95 96 94 95 96 94 95 96 

3x13x15
01 02 03 01 02 03 01 02 03 04 04 04 04 05 06 04 05 06 07 05 06 07 08 09 07 10 11 12 12 12 12 13 14 12 13 14 15 13 14 01 02 03 16 16 16 17 17 17 17 18 19 17 05 06 20 20 20 21 21 21 22 08 09 07 10 11 23 24 25 23 24 25 23 24 25 15 13 14 01 02 03 16 26 27 28 28 28 28 18 19 28 05 06 20 08 09 21 08 09 22 08 09 07 10 11 23 10 11 15 10 11 15 24 25 15 13 14 29 29 29 16 26 27 30 30 30 30 18 19 30 18 19 20 18 19 21 31 32 22 22 22 33 34 35 23 34 35 36 34 35 36 24 25 36 36 36 29 37 38 39 26 27 39 26 27 39 26 27 40 40 40 41 42 43 41 31 32 41 44 45 33 44 45 46 44 45 46 34 35 46 46 46 47 48 49 29 37 38 50 50 50 51 52 53 39 52 53 40 52 53 41 42 43 33 31 32 33 31 32 33 31 32 54 44 45 54 34 35 54 54 54 47 48 49 55 37 38 50 37 38 51 37 38 39 56 57 40 52 53 41 42 43 58 42 43 58 42 43 58 59 60 61 44 45 47 48 49 47 48 49 47 48 49 55 62 63 50 62 63 51 62 63 51 56 57 51 52 53 64 64 64 65 65 65 66 66 66 58 59 60 61 67 68 69 67 68 69 67 68 69 69 69 55 55 55 70 71 72 70 62 63 70 56 57 73 56 57 64 56 57 65 59 60 66 59 60 58 59 60 61 61 61 74 75 76 74 67 68 74 74 74 77 78 79 77 71 72 77 62 63 70 80 81 73 80 81 64 80 81 65 82 83 66 82 83 84 82 83 85 85 85 85 75 76 85 67 68 86 87 88 77 78 79 89 71 72 90 71 72 70 71 72 73 73 73 91 80 81 91 82 83 91 91 91 84 75 76 92 75 76 92 75 76 92 92 92 86 87 88 77 78 79 89 78 79 90 78 79 93 94 95 96 96 96 97 80 81 98 82 83 99 99 99 84 84 84 100 101 102 86 87 88 86 87 88 86 87 88 103 104 105 89 89 89 90 90 90 93 94 95 96 106 107 97 106 107 98 106 107 99 108 109 110 111 112 100 101 102 113 114 115 113 114 115 113 114 115 103 104 105 93 94 95 93 94 95 93 94 95 96 106 107 97 97 97 98 98 98 99 108 109 110 111 112 100 101 102 100 101 102 100 101 102 113 114 115 103 104 105 103 104 105 103 104 105 116 116 116 116 106 107 116 108 109 110 108 109 110 108 109 110 111 112 117 111 112 117 111 112 117 117 117 113 114 115 


4x4x10
01 01 01 02 01 03 04 02 01 03 04 02 05 03 04 06 07 07 07 02 07 08 08 08 07 09 09 09 05 03 04 06 10 10 10 02 05 08 11 06 05 09 12 06 05 03 04 06 10 13 13 13 14 08 11 13 14 09 12 13 14 15 15 15 10 16 16 16 11 11 11 16 12 12 12 16 14 15 17 18 19 19 19 20 19 21 21 21 19 22 22 22 14 15 17 18 23 23 23 20 23 21 24 18 23 22 25 18 17 17 17 18 26 20 20 20 26 21 24 27 26 22 25 27 28 29 30 27 26 31 31 31 24 24 24 31 25 25 25 31 28 29 30 27 26 32 32 32 28 29 30 32 28 29 30 32 28 29 30 27 
4x4x15
01 01 01 02 01 03 04 02 01 03 04 02 05 03 04 06 07 07 07 02 07 08 08 08 07 09 09 09 05 03 04 06 10 11 12 02 05 08 12 06 05 09 12 06 05 03 04 06 10 11 12 13 14 08 15 13 14 09 16 13 14 14 14 17 10 11 12 18 10 11 15 19 10 11 16 13 20 20 20 17 21 21 21 18 15 15 15 19 16 16 16 13 20 17 17 17 21 18 18 18 22 22 22 19 23 24 22 19 20 25 22 19 21 26 26 26 27 27 27 28 23 24 27 28 29 25 27 28 23 24 30 26 23 24 30 28 23 24 30 31 29 25 25 25 32 33 30 26 34 34 34 28 35 35 35 31 29 29 29 36 32 33 30 31 37 38 34 31 37 38 35 31 37 38 39 36 32 33 33 33 32 40 34 36 32 41 35 36 37 38 39 36 42 43 44 45 42 40 39 45 42 41 39 45 37 38 39 46 42 43 44 45 47 40 40 40 47 41 41 41 47 47 47 46 42 43 44 45 48 43 44 46 48 43 44 46 48 48 48 46 

4x5x6
01 02 02 02 01 03 03 03 01 04 05 06 07 07 07 06 08 08 08 06 09 09 09 02 10 10 10 03 01 04 05 06 07 11 11 11 08 12 12 12 09 04 13 02 10 04 14 03 01 04 05 06 07 11 05 15 08 12 05 16 09 17 13 18 10 17 14 19 20 17 21 22 23 11 21 15 24 12 21 16 13 13 13 18 14 14 14 19 20 17 21 22 23 15 15 15 24 16 16 16 20 18 18 18 20 19 19 19 20 17 21 22 23 23 23 22 24 24 24 22 
4x5x7
01 01 01 02 01 03 03 03 01 03 04 05 06 03 04 05 04 04 04 05 07 07 07 02 07 08 09 10 07 08 09 10 06 08 09 10 11 11 11 05 12 12 12 02 06 08 12 02 06 13 12 02 06 13 09 10 11 13 14 05 15 15 15 16 15 08 17 16 15 16 16 16 18 19 09 10 11 13 14 20 21 22 22 22 21 22 17 23 21 22 14 23 18 19 14 23 24 13 14 20 21 25 25 25 18 19 17 25 18 19 17 25 18 19 17 23 24 20 20 20 21 26 26 26 27 27 27 26 24 28 27 26 24 28 27 23 24 28 28 28 
4x5x8
01 01 01 02 01 03 03 03 01 03 04 05 06 03 04 05 04 04 04 05 07 07 07 02 07 08 09 10 07 08 09 10 06 08 09 10 11 11 11 05 12 12 12 02 06 08 09 02 06 13 14 02 06 13 14 10 11 13 14 05 12 15 16 17 18 08 09 17 18 17 17 17 18 18 18 10 11 13 14 19 12 15 16 20 21 22 22 22 23 23 23 22 23 24 25 22 23 13 14 19 26 15 16 20 21 15 16 27 28 15 16 27 28 24 25 27 28 19 19 19 26 20 20 20 21 24 25 27 21 24 25 29 21 24 25 29 28 29 29 29 26 30 30 30 26 30 31 27 26 30 31 32 31 31 31 32 28 32 32 32 
4x5x9
01 01 01 02 01 03 03 03 01 03 04 05 06 03 04 05 04 04 04 05 07 07 07 02 07 08 08 08 07 09 10 08 06 09 10 08 11 09 10 05 12 12 12 02 06 13 14 02 06 13 14 02 06 13 14 15 11 09 10 05 12 16 16 16 17 18 18 18 11 19 19 19 11 13 14 15 11 09 10 20 12 21 22 16 17 18 22 15 23 19 22 15 23 13 14 15 23 23 23 20 24 21 22 16 17 18 25 26 17 19 27 20 17 28 27 20 27 27 27 20 24 21 22 29 30 21 25 26 30 21 31 32 30 28 31 32 31 31 31 32 24 24 24 29 30 28 25 26 33 28 25 26 33 28 25 26 33 33 33 32 34 34 34 29 30 35 34 29 36 35 34 29 36 35 35 35 36 36 36 32 
4x5x10
01 01 01 02 01 03 03 03 01 03 04 05 06 03 04 05 04 04 04 05 07 07 07 02 07 08 09 10 07 08 09 10 06 08 09 10 11 11 11 05 12 12 12 02 06 08 09 02 06 13 14 02 06 13 14 10 11 13 14 05 12 15 16 17 18 08 09 17 18 17 17 17 18 18 18 10 11 13 14 19 12 15 16 20 21 21 21 22 23 23 23 22 24 22 22 22 25 13 14 19 26 15 16 20 21 15 16 27 23 15 16 27 24 27 27 27 25 19 19 19 26 20 20 20 21 28 28 28 23 29 30 31 24 24 24 31 25 25 25 31 26 26 26 32 33 34 35 28 33 29 30 31 33 36 36 36 37 37 37 38 39 39 39 32 39 34 35 28 39 29 30 31 33 29 30 36 37 29 30 38 40 40 40 32 40 34 35 32 40 34 35 32 33 34 35 36 37 38 38 38 
4x5x11
01 01 01 02 01 03 03 03 01 03 04 05 06 03 04 05 04 04 04 05 07 07 07 02 07 08 09 10 07 08 09 10 06 08 09 10 11 11 11 05 12 12 12 02 06 08 09 02 06 13 14 02 06 13 14 10 11 13 14 05 12 15 16 17 18 08 09 17 18 17 17 17 18 18 18 10 11 13 14 19 12 15 16 20 21 21 21 22 23 23 23 22 24 22 22 22 25 13 14 19 26 15 16 20 21 15 16 27 23 15 16 27 24 27 27 27 25 19 19 19 26 20 20 20 21 28 28 28 23 29 30 28 24 24 24 28 25 25 25 31 26 26 26 32 33 34 34 34 35 29 30 34 35 36 37 34 35 35 35 31 38 29 30 32 33 29 30 39 40 29 30 39 40 36 37 39 40 31 31 31 38 32 32 32 33 36 37 39 33 36 37 41 33 36 37 41 40 41 41 41 38 42 42 42 38 42 43 39 38 42 43 44 43 43 43 44 40 44 44 44 


5x5x6
01 01 01 02 03 01 04 05 02 03 01 06 05 02 03 07 06 05 05 05 08 06 06 06 09 10 10 10 02 03 10 04 11 11 11 10 12 12 12 11 07 13 13 13 11 08 14 14 14 09 15 15 15 02 03 07 04 15 16 17 07 04 15 12 09 07 04 18 13 09 08 08 08 14 09 19 19 19 20 21 22 23 19 16 17 22 23 19 12 24 22 23 18 13 24 25 25 25 14 24 26 26 26 20 21 26 23 18 16 17 26 27 18 16 17 22 27 18 16 17 25 27 27 27 24 28 28 28 20 21 28 23 29 20 21 28 30 29 20 21 22 30 29 29 29 25 30 30 30 24 
5x5x9
01 02 02 02 03 04 04 04 02 03 05 06 04 02 03 05 06 04 07 08 05 06 06 06 09 01 10 10 10 03 11 10 12 12 12 11 10 13 13 13 11 14 15 07 08 05 16 16 16 09 01 17 17 17 03 01 17 12 07 08 01 17 13 07 08 11 14 15 07 08 05 16 09 09 09 18 19 19 19 20 18 14 12 19 20 18 14 13 19 20 11 14 15 15 15 21 16 22 22 22 18 23 23 23 20 24 23 25 25 25 24 23 26 27 25 24 24 24 27 25 21 27 27 27 22 18 28 28 28 20 29 30 31 31 31 21 30 26 32 31 21 30 33 32 31 21 32 32 32 22 34 35 26 28 36 29 30 26 37 38 39 40 26 37 38 39 40 33 37 38 39 40 40 40 41 34 35 42 28 36 29 30 42 37 38 29 43 42 42 42 29 43 33 33 33 39 43 43 43 41 34 35 36 36 36 34 35 44 37 38 34 35 44 45 41 44 44 44 45 41 39 45 45 45 41 
5x5x10
01 01 01 02 03 01 04 05 05 05 01 04 05 06 07 08 04 05 06 07 09 09 09 06 07 10 10 10 02 03 10 04 11 11 11 10 12 12 12 11 08 12 13 14 11 09 12 15 06 07 16 16 16 02 03 08 04 16 02 03 08 17 16 02 03 08 17 13 14 18 09 17 15 06 07 19 20 21 21 21 19 20 22 14 21 19 20 23 14 21 13 13 13 14 18 24 17 15 15 15 19 20 25 26 27 28 29 22 26 18 28 29 23 26 18 28 29 29 29 18 24 17 30 30 30 19 20 25 26 27 28 31 22 22 22 24 31 23 23 23 24 31 32 32 32 24 33 33 33 30 25 25 25 26 27 28 34 34 34 27 35 36 37 34 27 35 31 32 34 38 35 35 35 33 30 39 39 39 40 41 42 42 42 43 41 42 36 37 43 41 42 31 32 43 38 44 44 44 33 45 39 36 37 40 41 46 36 37 43 38 46 36 37 47 38 46 46 46 47 38 44 47 47 47 45 39 40 40 40 41 48 48 48 43 49 48 50 50 50 49 48 50 49 49 49 44 50 45 45 45 
5x5x11
01 01 01 02 03 01 04 05 05 05 01 06 06 06 05 07 07 07 06 05 08 08 08 06 09 10 10 10 02 03 10 04 11 12 13 10 14 11 12 13 07 14 11 12 13 08 14 14 14 09 15 16 17 02 03 15 04 17 02 03 15 04 17 02 03 07 04 11 12 13 08 18 09 09 09 15 16 19 19 19 20 21 21 21 19 22 21 17 23 19 24 21 11 12 13 25 18 26 26 26 15 16 16 16 27 20 28 28 28 29 22 28 17 23 29 24 28 29 29 29 25 18 18 18 26 30 30 30 23 27 20 20 20 23 31 22 22 22 23 31 24 24 24 32 31 25 25 25 33 26 30 34 34 34 27 35 36 37 34 27 35 36 38 34 27 35 36 38 32 31 38 38 38 33 39 30 40 41 41 41 35 36 37 42 41 43 43 43 44 41 43 32 32 32 31 43 33 33 33 39 45 40 46 46 46 35 36 37 42 47 48 49 37 44 47 48 49 37 50 47 48 49 39 39 39 45 40 40 40 46 51 42 42 42 47 51 44 44 44 52 51 51 51 50 52 48 49 52 52 52 45 53 53 53 46 45 53 54 50 47 45 53 54 50 55 54 54 54 50 55 48 49 55 55 55 
5x5x13
01 02 02 02 03 01 02 04 05 06 01 02 04 05 06 04 04 04 05 06 07 07 07 08 09 01 10 10 10 03 11 11 11 05 06 11 12 13 13 13 11 12 14 14 14 07 12 15 08 09 01 10 03 03 03 16 16 16 05 06 16 12 13 08 09 16 17 14 08 09 07 18 15 08 09 19 10 20 20 20 21 21 21 22 20 23 12 13 22 20 24 17 14 22 25 26 18 15 15 15 19 27 27 27 28 21 29 30 22 28 23 31 31 31 28 24 17 17 17 25 26 18 18 18 32 19 19 19 27 28 21 29 30 22 25 23 23 23 31 25 24 24 24 33 25 26 26 26 34 32 35 35 35 27 28 35 29 30 30 30 35 29 36 31 32 37 29 36 33 32 36 36 36 34 32 38 39 39 39 40 38 39 41 42 43 38 39 44 44 44 37 33 33 33 44 45 34 34 34 44 38 46 46 46 40 37 46 41 42 43 37 46 47 47 47 37 48 48 48 47 45 49 49 49 47 38 50 40 40 40 41 41 41 42 43 45 51 52 42 43 45 48 53 42 43 45 49 54 54 54 55 50 56 56 56 57 57 57 58 59 57 51 52 58 59 57 48 53 58 59 60 49 54 61 62 55 50 50 50 56 63 63 63 58 59 63 51 52 52 52 63 51 53 53 53 60 51 54 61 62 55 64 64 64 56 55 64 65 58 59 55 64 65 61 62 65 65 65 61 62 60 60 60 61 62 
5x5x14
01 02 02 02 03 01 04 05 05 05 01 04 05 06 07 08 04 05 06 07 09 09 09 06 07 01 10 11 02 03 12 04 11 13 14 11 11 11 13 14 08 13 13 13 14 09 15 16 06 07 01 10 17 02 03 12 04 17 18 03 17 17 17 18 03 08 08 08 18 14 09 15 16 06 07 19 10 10 10 20 12 12 12 18 20 21 15 20 20 20 21 15 22 23 14 21 15 16 16 16 19 24 24 24 25 26 26 26 18 25 26 27 25 25 25 26 27 22 23 28 21 27 29 29 29 19 19 19 24 30 31 32 22 23 30 31 32 22 23 30 31 32 22 23 28 21 27 29 33 34 35 36 37 24 30 35 36 37 38 39 35 36 37 37 37 31 32 28 28 28 40 27 29 33 34 35 36 41 42 30 43 43 43 38 39 44 44 44 33 34 31 32 44 33 34 40 45 44 33 34 35 36 41 42 46 43 47 48 38 39 40 47 48 38 39 40 47 48 38 39 40 45 49 49 49 41 41 41 42 46 43 47 48 42 50 51 51 51 42 50 51 52 50 50 50 51 45 45 45 49 53 53 53 54 46 55 47 48 54 46 56 56 56 54 46 56 52 57 57 57 56 58 58 58 49 59 60 53 54 61 55 52 62 62 62 63 52 64 64 64 63 52 64 65 57 63 66 64 58 67 59 60 53 54 61 55 68 68 68 62 55 68 69 69 69 55 68 69 65 57 63 66 69 58 67 59 60 61 61 61 59 60 70 65 62 59 60 70 65 67 70 70 70 65 67 63 66 66 66 67 

5x7x7
01 02 03 03 03 01 02 04 04 04 01 02 05 05 05 06 07 08 08 08 06 09 08 10 11 06 12 08 10 11 13 13 13 10 11 01 14 14 14 03 15 15 15 14 04 15 02 05 14 16 15 07 17 17 17 18 09 19 19 19 06 12 20 20 20 13 21 22 10 11 01 23 23 23 03 24 24 24 23 04 24 02 05 23 16 24 07 07 07 17 18 09 09 09 19 06 12 12 12 20 13 21 22 10 11 25 25 25 26 16 25 27 27 27 16 25 28 28 28 16 29 29 29 30 17 18 21 29 30 19 18 21 29 30 20 18 21 22 22 22 31 31 31 26 32 33 27 34 34 34 35 35 35 28 34 35 36 37 30 34 35 38 37 39 40 37 37 37 39 41 42 39 39 39 43 31 26 26 26 32 33 27 44 44 44 45 45 45 28 44 45 36 46 30 44 45 38 46 47 40 46 46 46 47 41 42 47 47 47 43 31 48 48 48 32 33 36 49 48 32 33 36 49 48 32 33 36 49 49 49 42 38 40 40 40 42 38 41 41 41 42 38 43 43 43 
5x7x9
01 02 02 02 03 01 02 04 05 03 01 02 04 05 03 04 04 04 05 06 07 08 08 08 06 09 08 06 06 06 10 08 11 11 11 01 12 12 12 03 13 12 14 14 14 13 12 15 15 15 13 13 13 05 16 07 17 17 17 16 09 18 18 18 16 10 19 19 19 11 01 20 20 20 03 21 21 21 20 14 22 22 22 20 15 23 23 23 05 16 07 07 07 17 24 09 09 09 18 25 10 10 10 19 11 26 27 28 29 30 21 27 28 31 14 22 27 28 31 15 23 31 31 31 16 32 32 32 17 24 33 33 33 18 25 34 34 34 19 35 26 27 28 29 30 21 36 36 36 37 22 38 38 38 37 23 39 37 37 37 32 39 24 24 24 33 39 25 25 25 34 40 40 40 35 26 27 28 29 30 26 36 41 29 30 26 38 42 29 30 43 43 43 44 45 32 46 43 44 45 33 39 43 44 45 34 40 35 35 35 47 48 48 48 49 50 36 41 48 49 50 38 42 48 49 50 50 50 51 52 53 46 54 54 54 55 39 54 44 45 56 40 54 57 58 47 59 59 59 49 60 59 41 41 41 60 59 42 42 42 60 60 60 51 52 53 46 61 61 61 55 46 61 44 45 56 46 61 57 58 47 62 62 62 49 47 62 63 51 52 47 62 63 51 52 63 63 63 51 52 53 53 53 57 58 55 55 55 57 58 56 56 56 57 58 


3x3x3x15
01 01 01 02 03 04 05 05 05 01 06 07 02 06 07 05 06 07 01 08 09 02 08 09 05 08 09 10 10 10 02 03 04 11 11 11 10 12 07 13 13 13 11 06 14 10 08 15 16 16 16 11 17 09 18 18 18 02 03 04 19 19 19 18 12 07 13 03 04 19 06 14 18 08 15 16 03 04 19 17 09 20 20 20 21 21 21 22 22 22 20 12 14 13 12 14 22 12 14 20 17 15 16 17 15 22 17 15 23 24 25 21 26 27 28 28 28 29 24 25 29 26 27 29 30 28 31 24 25 31 26 27 31 32 28 23 24 25 21 26 27 33 33 33 34 34 34 35 35 35 29 30 33 36 36 36 37 37 37 31 32 33 23 24 25 38 26 27 39 39 39 23 30 34 38 30 35 29 30 39 23 32 36 38 32 37 31 32 39 40 41 42 38 43 42 42 42 42 44 41 34 45 43 35 46 46 46 47 41 36 47 43 37 47 47 47 40 41 48 38 43 49 50 50 50 44 51 52 45 51 52 46 51 52 53 54 55 56 57 55 55 55 55 40 41 48 40 43 49 40 58 50 44 44 44 45 45 45 46 51 52 53 54 59 56 57 59 59 59 59 53 54 48 56 57 49 60 58 50 53 54 48 56 57 49 60 51 52 53 54 48 56 57 49 60 60 60 61 58 62 61 58 62 61 58 62 61 63 62 64 64 64 65 65 65 61 66 62 67 67 67 68 68 68 69 70 71 69 72 71 69 73 71 69 63 71 64 72 74 65 73 75 69 66 71 67 72 76 68 73 77 78 70 79 78 72 79 78 73 79 78 63 79 64 63 74 65 63 75 78 66 79 67 66 76 68 66 77 80 70 81 80 72 81 80 73 81 80 70 81 74 74 74 75 75 75 80 70 81 76 76 76 77 77 77 
3x3x3x20
01 02 03 04 04 04 05 05 05 01 02 03 06 06 06 07 07 07 01 02 03 01 08 03 01 09 03 10 11 12 13 11 04 05 11 14 10 15 12 06 15 16 07 15 17 10 02 12 10 08 12 10 09 12 18 11 19 13 08 04 05 09 14 18 15 19 06 08 16 07 09 17 18 02 19 18 08 19 18 09 19 20 11 21 13 13 13 14 14 14 20 15 21 16 16 16 17 17 17 20 22 21 20 22 21 20 22 21 23 24 25 26 24 25 27 24 25 23 28 25 29 29 29 30 30 30 23 22 25 31 31 31 32 32 32 23 24 33 26 34 33 27 35 33 36 28 33 36 34 29 36 35 30 37 22 33 37 34 31 37 35 32 23 24 38 26 34 38 27 35 38 36 28 38 26 28 29 27 28 30 37 39 38 26 39 31 27 39 32 40 40 40 41 34 42 43 35 44 36 45 40 41 45 42 43 45 44 37 39 40 41 46 42 43 47 44 48 49 50 41 49 42 43 49 44 48 45 50 51 51 51 52 52 52 48 39 50 48 46 50 48 47 50 53 49 54 41 46 42 43 47 44 53 45 54 51 46 55 52 47 56 53 57 54 53 46 54 53 47 54 58 49 59 58 60 59 58 61 59 58 62 59 51 60 55 52 61 56 58 57 59 63 60 64 65 61 66 67 68 69 67 60 69 67 61 69 67 62 69 55 55 55 56 56 56 67 57 69 63 57 64 65 57 66 70 68 71 63 60 64 65 61 66 72 62 71 63 62 64 65 62 66 71 71 71 63 73 64 65 74 66 70 68 75 76 68 77 78 68 79 72 80 75 76 80 81 78 80 82 83 84 75 76 73 75 78 74 75 70 85 86 70 73 77 70 74 79 72 80 86 72 73 81 72 74 82 83 84 86 76 73 86 78 74 86 83 85 87 77 77 77 79 79 79 83 80 87 81 81 81 82 82 82 83 84 87 76 84 87 78 84 87 88 85 89 88 85 89 88 85 89 88 90 89 91 91 91 92 92 92 88 93 89 94 94 94 95 95 95 96 97 98 96 99 98 96 100 98 96 90 98 91 99 101 92 100 102 96 93 98 103 99 94 95 100 104 105 97 106 105 99 106 105 100 106 105 90 106 91 90 101 92 90 102 105 93 106 103 93 94 95 93 104 107 97 108 107 99 108 107 100 108 107 97 108 101 101 101 102 102 102 107 97 108 103 103 103 104 104 104 
3x3x3x25
01 02 03 04 04 04 05 05 05 01 02 03 06 06 06 07 07 07 01 02 03 01 08 03 01 09 03 10 11 12 13 11 04 05 11 14 10 15 12 06 15 16 07 15 17 10 02 12 10 08 12 10 09 12 18 11 19 13 08 04 05 09 14 18 15 19 06 08 16 07 09 17 18 02 19 18 08 19 18 09 19 20 11 21 13 13 13 14 14 14 20 15 21 16 16 16 17 17 17 20 22 21 20 22 21 20 22 21 23 24 25 23 24 25 23 24 25 23 26 25 27 27 27 28 28 28 23 22 25 29 29 29 30 30 30 31 24 32 31 33 32 31 34 32 31 26 32 27 33 35 28 34 36 31 22 32 29 33 37 30 34 38 39 24 40 39 33 40 39 34 40 39 26 40 27 26 35 28 26 36 39 41 40 29 41 37 30 41 38 42 43 44 42 33 44 42 34 44 42 45 44 35 35 35 36 36 36 42 41 44 37 37 37 38 38 38 46 43 47 48 48 48 49 49 49 46 45 47 50 50 50 51 51 51 46 41 47 46 52 47 46 53 47 54 43 55 48 43 56 49 43 57 54 45 55 50 45 56 51 45 57 54 58 55 54 52 56 54 53 57 59 59 59 48 52 59 49 53 59 60 61 62 50 52 62 51 53 62 63 58 55 64 52 56 65 53 57 66 66 66 67 68 66 69 70 66 60 61 62 71 71 71 72 72 72 63 58 55 64 58 56 65 58 57 73 73 73 67 68 73 69 70 73 60 61 62 60 61 71 60 61 72 63 63 63 64 64 64 65 65 65 74 74 74 67 68 74 69 70 74 75 75 75 67 68 71 69 70 72 76 76 76 67 68 76 69 70 76 77 78 79 80 78 79 81 78 79 75 82 83 84 82 83 81 82 83 81 85 86 81 85 86 81 85 86 77 78 79 80 87 88 89 89 89 75 82 83 84 87 88 89 90 91 92 92 92 93 87 88 89 85 86 77 78 79 80 80 80 94 94 94 77 82 83 84 84 84 94 90 91 77 95 92 93 87 88 94 85 86 96 96 96 93 97 98 99 100 101 96 90 91 93 90 91 99 90 91 96 95 92 93 87 88 99 99 99 102 103 104 102 97 98 102 100 101 102 105 106 107 105 106 108 105 106 102 95 109 110 95 109 111 95 109 112 103 104 112 97 98 112 100 101 112 105 106 107 97 98 108 100 101 112 113 109 110 97 98 111 100 101 114 103 104 114 103 104 114 103 104 114 105 106 107 107 107 108 108 108 114 113 109 110 110 110 111 111 111 115 115 115 116 116 116 117 118 119 120 120 120 121 121 121 117 122 119 117 113 119 117 113 119 117 113 119 115 123 124 125 126 116 127 118 128 120 123 129 121 126 130 127 122 128 127 123 128 127 126 128 127 131 128 115 118 124 125 118 116 132 118 133 120 122 129 121 122 130 132 122 133 132 123 133 132 126 133 132 131 133 124 124 124 125 125 125 134 131 135 129 129 129 130 130 130 134 131 135 134 123 135 134 126 135 134 131 135 
3x3x4x5
01 02 03 01 02 03 01 02 03 01 02 03 04 05 06 07 07 07 01 02 03 04 05 06 08 08 08 09 09 09 04 05 06 10 10 10 11 12 13 11 12 13 11 12 13 11 12 13 14 05 06 07 15 16 11 12 13 17 17 17 08 15 16 09 15 16 04 15 16 10 15 16 18 19 20 21 19 20 22 19 20 23 19 20 14 05 06 07 24 25 26 19 20 17 27 28 08 24 25 09 24 25 04 24 25 10 24 25 18 29 30 21 29 30 22 29 30 23 29 30 14 14 14 31 32 33 26 29 30 17 27 28 31 32 33 31 32 33 31 32 33 31 32 33 18 18 18 21 27 28 22 22 22 23 23 23 21 27 28 34 35 36 26 26 26 21 27 28 34 35 36 34 35 36 34 35 36 34 35 36 
3x3x5x5
01 02 03 01 02 03 01 02 03 01 02 03 04 05 06 07 07 07 01 02 03 04 05 06 07 08 09 10 10 10 04 05 06 07 11 09 12 12 12 13 13 13 09 09 09 14 14 14 15 15 15 16 16 16 14 17 18 04 05 06 19 19 19 14 20 21 22 22 22 23 08 19 24 20 10 25 25 25 23 11 19 23 20 12 23 26 13 23 27 28 29 30 31 32 33 15 34 35 16 29 17 18 04 05 06 36 36 36 29 08 21 22 08 37 36 08 38 24 11 10 39 11 25 36 11 40 41 20 12 42 26 13 43 27 28 29 30 31 32 33 15 34 35 16 44 17 18 44 17 18 44 17 18 21 21 21 22 26 37 44 27 38 24 24 24 39 26 25 44 27 40 41 20 28 42 26 28 43 27 28 29 30 31 32 33 37 34 35 38 45 30 31 32 33 37 34 35 38 45 30 31 32 33 37 34 35 38 45 45 45 39 39 39 40 40 40 41 41 41 42 42 42 43 43 43 
3x3x5x7
01 02 03 01 02 03 01 02 03 01 02 03 04 05 06 07 08 09 01 02 03 04 05 06 07 08 09 10 10 10 04 05 06 07 08 09 11 11 11 12 12 12 13 13 13 14 15 16 17 17 17 18 18 18 19 19 19 17 05 06 18 08 09 20 21 22 17 23 24 18 25 26 10 21 22 04 23 24 07 25 26 11 21 22 12 23 24 13 25 26 14 15 16 27 27 27 28 28 28 19 29 30 27 05 06 28 08 09 20 29 30 27 23 24 28 25 26 10 29 30 04 29 30 07 29 30 11 21 22 12 31 32 13 33 34 14 15 16 14 15 16 14 15 16 19 35 36 37 35 36 38 35 36 20 39 40 37 23 24 38 25 26 20 41 42 37 37 37 38 38 38 20 21 22 43 31 32 44 33 34 45 45 45 46 46 46 47 47 47 45 35 36 46 48 49 47 50 51 45 39 40 46 31 32 47 33 34 52 41 42 53 31 32 54 33 34 55 56 57 43 31 32 44 33 34 58 58 58 59 59 59 60 60 60 58 35 36 59 48 49 60 50 51 58 39 40 59 39 40 60 39 40 52 41 42 53 41 42 54 41 42 55 56 57 43 43 43 44 44 44 61 62 63 61 62 63 61 62 63 61 62 63 53 48 49 54 50 51 61 62 63 53 48 49 54 50 51 52 52 52 53 48 49 54 50 51 55 56 57 55 56 57 55 56 57 
3x4x4x5
01 02 03 01 04 05 01 04 06 07 04 08 01 02 03 09 04 05 10 11 06 12 13 14 01 02 03 09 04 05 10 11 06 12 13 14 15 11 16 09 11 14 10 11 14 12 13 14 17 18 03 17 19 05 17 19 20 07 19 08 17 21 22 09 19 22 23 24 22 25 13 26 17 02 27 28 19 29 28 24 06 28 30 26 15 24 16 31 24 26 10 24 26 12 32 26 33 18 03 07 34 05 07 34 20 07 34 08 15 21 22 09 34 35 23 36 37 25 13 08 15 02 27 38 34 29 39 36 06 28 30 08 15 36 16 31 36 16 10 36 16 12 32 40 33 18 20 41 18 20 41 18 20 41 41 41 23 21 22 23 21 35 23 21 37 25 25 25 27 27 27 38 30 29 39 30 29 28 30 29 42 42 42 31 32 42 31 32 42 31 32 40 33 43 44 45 43 44 45 43 44 45 45 45 33 43 44 35 35 35 37 37 37 46 47 40 33 43 44 38 38 38 39 39 39 46 47 40 48 48 48 46 47 48 46 47 48 46 47 40 
3x4x5x5
01 02 03 01 04 05 01 04 05 06 04 05 01 02 03 07 08 09 07 08 09 07 08 09 01 02 03 10 10 10 11 11 11 12 13 14 15 16 17 15 16 17 15 16 17 12 13 14 18 19 20 18 19 14 18 19 14 12 13 14 21 21 21 22 22 22 23 23 23 06 04 05 24 24 24 25 26 09 27 28 29 07 08 30 31 02 03 25 26 10 11 28 29 12 13 32 33 16 17 25 26 34 15 28 29 35 35 35 18 19 20 36 36 36 37 37 37 38 38 38 21 39 40 06 39 22 06 39 23 06 04 05 41 42 24 25 26 09 27 39 43 07 08 30 31 02 03 44 45 10 11 39 46 12 13 32 33 16 17 47 45 34 15 28 29 35 48 49 18 19 20 36 45 20 37 45 20 50 45 38 21 51 40 52 51 22 52 51 23 52 52 52 41 42 24 25 26 34 27 51 43 30 30 30 31 31 31 44 53 34 27 51 46 32 32 32 33 33 33 47 53 34 27 28 29 35 48 49 54 54 54 36 53 54 37 53 54 50 53 38 40 40 40 55 56 57 55 56 57 55 56 57 41 42 43 41 42 43 41 42 43 55 56 57 58 59 60 44 44 44 46 46 46 55 56 57 58 59 60 47 48 49 47 48 49 47 48 49 58 59 60 58 59 60 58 59 60 50 50 50 
3x5x5x5
01 02 03 04 05 06 07 07 07 08 09 07 10 11 07 01 02 12 04 05 13 14 15 16 08 09 16 10 11 16 01 02 12 04 05 13 14 15 16 08 09 17 10 11 18 12 12 12 13 13 13 14 15 16 14 15 17 14 15 18 19 20 21 22 23 21 21 21 21 17 17 17 18 18 18 01 02 03 04 05 06 24 24 24 08 09 25 10 11 26 27 28 29 30 31 29 32 33 29 34 34 34 35 35 35 36 36 36 37 37 37 32 33 38 39 40 34 41 42 35 32 33 36 32 33 37 32 33 38 39 40 34 41 42 35 19 20 36 22 23 37 38 38 38 39 40 43 41 42 44 01 02 03 04 05 06 45 46 24 08 09 25 10 11 26 27 28 03 30 31 06 47 48 29 49 49 49 50 50 50 19 20 03 22 23 06 51 52 53 39 40 49 41 42 50 19 20 54 22 23 55 51 52 56 57 58 49 59 60 50 19 20 61 22 23 62 51 52 63 51 52 43 51 52 44 64 64 64 65 65 65 45 46 24 25 25 25 26 26 26 27 28 64 30 31 65 47 48 29 66 66 66 67 67 67 27 28 64 30 31 65 68 69 53 39 40 66 41 42 67 27 28 54 30 31 55 68 69 56 57 58 66 59 60 67 68 69 61 68 69 62 68 69 63 43 43 43 44 44 44 45 46 70 45 46 71 45 46 53 72 72 72 73 73 73 47 48 70 47 48 71 47 48 53 57 58 72 59 60 73 70 70 70 71 71 71 74 75 53 57 58 72 59 60 73 54 54 54 55 55 55 74 75 56 57 58 56 59 60 56 61 61 61 62 62 62 74 75 63 74 75 63 74 75 63 
4x4x4x5
01 02 03 04 05 06 03 04 05 06 03 04 05 06 07 08 01 02 09 10 05 06 11 12 13 14 03 04 15 16 07 08 01 02 09 10 05 06 11 12 13 14 03 04 15 16 07 08 13 14 09 10 13 14 11 12 13 14 11 12 15 16 11 12 17 18 18 18 19 20 21 18 19 22 23 18 19 19 19 24 25 26 09 10 25 20 27 28 25 29 23 28 15 16 30 28 01 02 31 32 33 20 27 32 33 29 23 32 33 34 07 08 35 35 35 36 35 37 27 38 35 29 39 38 40 38 38 38 17 41 42 43 44 20 21 43 44 22 23 43 44 45 46 24 25 26 09 10 47 47 47 48 49 50 50 50 15 16 30 28 01 02 31 32 51 52 52 52 53 53 53 54 33 34 07 08 55 56 57 36 55 37 27 58 55 29 39 58 40 59 60 58 17 41 42 43 17 20 21 24 17 22 23 24 44 45 46 24 25 26 26 26 47 37 21 48 49 22 39 50 30 30 30 28 31 31 31 32 51 37 21 52 53 22 39 54 33 34 34 34 55 56 57 36 40 37 27 36 40 29 39 36 40 59 60 58 61 41 42 43 61 45 42 62 61 45 42 62 44 45 46 62 61 41 57 63 47 48 48 48 49 49 49 50 64 59 46 62 61 41 57 63 51 51 51 52 53 54 54 54 64 59 46 62 55 56 57 63 64 56 60 63 64 56 60 63 64 59 60 58 
4x4x5x5
01 02 03 04 05 02 03 06 05 02 03 07 05 08 09 10 01 02 11 04 12 12 12 06 13 13 13 07 14 15 15 15 01 02 11 04 16 06 06 06 17 17 17 07 18 15 19 20 11 11 11 21 16 22 22 22 17 23 23 23 18 15 19 20 24 25 26 27 16 28 19 27 17 28 19 27 18 28 19 20 01 29 03 04 30 31 31 31 32 33 33 33 05 08 09 10 34 35 35 35 34 31 12 36 34 33 13 37 14 38 38 38 39 40 41 42 16 31 43 36 34 33 44 07 45 46 47 48 49 49 49 21 50 22 43 36 34 23 44 36 51 51 51 36 24 25 26 27 43 43 43 52 44 44 44 53 18 28 54 20 01 29 03 04 30 08 09 10 32 08 09 10 05 08 09 10 55 56 57 35 55 56 12 58 55 56 13 37 14 14 14 38 39 40 41 42 16 59 60 58 55 61 62 07 45 46 47 48 49 21 21 21 50 22 63 58 55 23 63 58 51 64 63 58 24 25 26 27 24 25 26 52 24 25 26 53 18 28 54 20 39 29 29 29 30 65 65 65 32 32 32 65 45 46 47 65 39 56 57 35 30 66 66 66 67 37 37 37 45 46 47 38 39 40 41 42 30 59 60 66 67 61 62 53 45 46 47 48 49 40 41 42 50 50 50 66 67 67 67 53 51 64 63 48 68 40 41 42 68 52 52 52 68 68 68 53 54 54 54 48 69 69 69 70 69 71 71 71 69 61 62 71 72 72 72 71 73 56 57 70 74 74 74 75 74 61 62 75 74 64 72 75 73 76 57 70 77 59 60 70 77 61 62 70 77 64 72 75 73 76 57 78 73 59 60 78 73 78 78 78 77 64 63 75 79 76 76 76 79 59 60 80 79 79 79 80 77 80 80 80 

3x3x3x3x5
01 02 03 04 05 06 07 08 09 10 11 12 13 14 15 07 08 16 17 17 17 18 18 18 07 08 19 01 02 03 04 05 06 20 21 09 10 11 12 13 14 15 22 23 16 24 25 17 24 25 18 24 25 26 01 02 03 04 05 06 27 28 09 10 11 12 13 14 15 27 28 16 27 28 17 27 28 18 27 28 29 01 02 03 04 05 06 30 31 09 10 11 12 13 14 15 32 33 16 34 34 34 35 35 35 07 08 19 36 37 38 39 40 41 20 21 42 36 37 43 39 40 44 22 23 45 36 37 34 39 40 35 24 25 26 46 47 48 49 50 48 48 48 48 46 47 51 49 50 51 51 51 51 46 47 34 49 50 35 52 53 29 01 02 03 04 05 06 30 31 09 10 11 12 13 14 15 32 33 16 54 55 19 56 57 19 07 08 19 20 21 38 20 21 41 20 21 42 22 23 43 22 23 44 22 23 45 36 37 26 39 40 26 24 25 26 58 59 60 61 62 63 64 65 66 67 68 69 70 71 72 73 74 75 46 47 29 49 50 29 52 53 29 30 31 76 30 31 77 30 31 78 32 33 76 32 33 77 32 33 78 54 55 76 56 57 77 52 53 78 38 38 38 41 41 41 42 42 42 43 43 43 44 44 44 45 45 45 36 37 76 39 40 77 52 53 78 58 59 60 61 62 63 64 65 66 67 68 69 70 71 72 73 74 75 46 47 76 49 50 77 52 53 78 58 59 60 61 62 63 64 65 66 67 68 69 70 71 72 73 74 75 54 55 79 56 57 79 79 79 79 58 59 60 61 62 63 64 65 66 67 68 69 70 71 72 73 74 75 54 55 80 56 57 80 80 80 80 58 59 60 61 62 63 64 65 66 67 68 69 70 71 72 73 74 75 54 55 81 56 57 81 81 81 81 
