Prime hyperboxes of the W-Pentomino  Toshihiro Shirakawa 2015.04.29


Possible
3x3x4x[20,25,30,35]
3x3x5x[9,...]
3x3x6x[10,15]
3x4x4x[10,15]
3x4x5[6-11]
4x4x4x5
4x4x5x[6,9,11]

Prime
3x3x4x[20,25,30,35]
3x3x5x9
3x3x6x[10,15]
3x4x5x[6-7]
4x4x4x5

Impossible
3x3x3xN
3x3x4x[5,10,15]
3x3x5x[5-8]

Solutions
3x3x4x20
01 01 02 03 02 02 02 02 04 05 01 01 03 03 06 07 08 08 05 09 01 05 03 03 07 07 10 11 09 12 05 13 13 05 07 07 14 15 15 15 15 04 15 16 04 17 09 18 17 06 06 08 08 19 11 09 18 17 20 20 17 10 10 11 21 12 13 13 12 17 22 22 14 14 04 23 23 04 24 16 25 11 09 26 06 06 27 08 16 19 11 28 18 20 20 27 10 10 19 29 21 18 13 21 12 22 22 12 30 14 14 30 23 23 24 24 25 31 28 26 30 32 33 30 16 25 31 28 26 20 32 27 30 16 19 29 34 18 29 21 27 22 21 19 35 28 36 37 32 23 38 24 24 35 28 36 35 32 33 38 39 25 31 34 26 35 40 33 35 39 25 31 34 26 29 41 27 29 41 42 43 43 44 37 32 44 45 39 46 47 34 36 37 40 44 38 39 44 47 34 36 47 40 33 38 48 44 31 41 49 47 41 33 47 42 42 50 43 43 50 40 51 45 39 46 52 53 54 37 40 54 45 48 46 52 53 36 37 55 54 38 48 54 56 41 49 56 55 49 42 42 54 57 57 43 50 51 51 50 48 58 59 57 57 60 55 61 45 48 46 52 53 57 60 55 61 45 62 46 52 53 63 56 64 49 56 62 49 65 66 67 51 51 61 50 58 58 59 67 67 59 55 61 68 62 69 67 67 63 60 64 70 68 62 69 52 53 63 60 64 70 56 71 72 65 66 73 65 66 61 58 58 69 74 75 63 59 64 70 59 62 69 74 75 63 76 64 70 68 71 72 77 78 79 60 78 79 68 71 72 74 75 73 65 66 80 65 66 69 74 75 73 76 81 70 82 71 72 77 83 84 76 81 84 82 71 72 77 85 85 86 78 79 68 78 79 74 75 87 76 81 80 82 88 89 77 83 73 76 81 80 82 90 90 77 83 73 86 91 84 90 90 84 85 85 92 86 93 93 90 78 79 94 83 87 94 81 87 82 88 89 95 83 96 86 91 80 97 88 89 95 98 96 86 91 80 97 97 84 85 98 92 93 93 92 99 97 97 100 101 101 94 91 87 94 102 87 100 98 103 100 91 104 105 88 89 95 98 96 100 106 104 100 88 89 95 107 96 93 106 92 99 99 92 101 101 108 109 102 108 94 102 110 111 98 103 109 106 108 105 112 108 111 107 103 111 106 104 105 112 108 95 107 96 111 113 104 111 99 99 101 102 114 115 102 114 116 112 110 117 107 118 109 106 118 116 112 110 117 107 103 109 113 118 105 119 118 120 120 103 121 113 104 105 119 118 122 123 124 115 123 114 125 112 114 122 126 127 115 113 128 116 119 110 117 126 127 109 113 127 116 119 110 117 120 120 121 121 127 129 129 127 130 124 124 130 123 131 125 123 114 122 132 132 115 128 128 125 119 133 122 126 134 115 135 135 116 136 133 117 126 120 137 121 121 137 129 129 124 124 138 130 131 131 130 123 133 132 132 138 128 128 138 125 136 133 122 134 134 135 135 138 125 136 138 137 126 139 137 139 139 139 139 129 140 140 141 131 131 141 130 136 133 132 140 140 142 142 141 143 136 141 134 134 140 135 142 142 143 143 141 137 144 144 144 144 142 144 143 143 
3x3x4x25
01 01 02 03 03 04 05 05 06 07 01 01 08 08 04 09 09 06 07 07 01 10 08 08 10 09 09 11 07 07 12 12 08 13 13 09 14 02 02 14 03 03 15 05 05 16 16 17 14 18 04 14 19 06 10 16 16 10 18 04 14 19 06 11 11 16 20 12 12 21 13 13 02 02 22 15 18 03 15 19 05 23 24 17 25 18 26 27 19 26 10 24 17 25 28 04 27 29 06 30 11 11 20 20 12 21 21 13 15 24 22 15 18 22 27 19 31 23 24 26 32 28 26 27 29 31 23 33 17 25 28 34 35 29 34 30 30 17 25 20 20 35 21 21 36 24 37 38 28 22 27 29 22 36 33 26 32 28 39 35 29 31 23 33 34 32 40 34 35 41 31 23 30 30 25 40 42 43 41 42 44 33 37 38 45 46 47 45 46 36 33 37 38 40 39 35 41 48 36 49 34 32 40 39 43 41 31 50 49 42 32 51 42 43 52 53 44 45 46 47 45 46 47 54 55 44 49 37 38 40 48 43 41 48 36 49 37 38 51 39 43 52 53 50 50 42 56 51 39 56 52 53 47 45 46 47 54 55 57 54 55 44 49 48 58 51 48 58 52 53 44 59 60 61 51 62 61 52 53 56 50 50 56 63 64 65 63 64 66 54 55 66 54 55 57 57 67 58 59 60 58 68 62 69 67 67 61 59 60 61 68 62 67 67 70 56 63 64 65 63 64 65 71 70 72 59 60 66 68 62 66 57 57 58 59 60 69 68 62 69 73 70 61 74 74 74 74 75 74 73 70 65 63 64 65 71 75 76 71 77 72 72 78 79 68 78 66 80 80 69 81 81 69 82 75 83 82 70 81 81 84 85 85 75 83 73 77 81 71 86 76 71 86 76 73 77 87 72 72 79 79 78 80 80 78 88 82 84 89 82 75 90 91 77 92 92 84 89 85 85 83 91 77 76 93 94 76 93 86 83 73 86 87 87 84 95 79 79 80 91 78 88 82 84 95 96 97 90 91 97 88 92 92 89 96 85 90 98 99 100 100 94 89 93 94 83 93 86 101 87 87 102 96 103 102 91 103 101 104 97 95 96 97 105 98 106 88 104 92 95 107 99 90 98 99 88 100 100 89 107 94 90 93 94 102 104 103 102 96 103 108 98 109 101 104 97 105 107 106 105 98 106 101 110 99 95 107 99 111 112 113 114 114 100 115 114 114 116 116 114 102 104 103 108 117 109 108 118 109 105 110 106 105 107 106 111 118 113 101 110 119 115 112 120 111 112 113 121 122 119 115 122 120 123 116 116 108 110 109 108 117 109 111 124 113 125 110 119 115 117 120 111 118 113 125 112 119 115 112 120 123 118 126 121 121 127 128 122 127 123 122 116 129 130 130 130 130 131 130 124 132 129 129 119 133 117 120 123 124 132 125 129 129 133 117 126 123 118 126 125 121 121 128 128 127 134 122 127 135 136 137 138 139 131 140 139 141 142 136 137 138 143 131 144 124 132 142 142 126 133 143 126 144 124 132 125 142 142 133 128 128 134 134 127 135 139 145 135 139 146 140 140 141 147 136 137 138 148 131 149 148 141 147 136 137 138 143 131 144 150 132 151 151 152 133 143 152 144 134 134 147 139 145 135 146 146 135 140 140 147 148 145 149 148 153 149 150 141 154 136 137 138 155 153 156 150 141 157 151 151 157 143 152 144 158 152 147 159 160 146 146 160 161 150 162 149 148 145 149 155 160 161 150 160 154 154 145 156 155 153 156 158 160 163 163 151 157 164 153 157 158 152 165 159 166 167 155 162 168 168 162 169 159 166 170 155 166 161 158 171 156 154 154 156 164 166 161 158 166 172 163 163 173 164 153 157 174 174 165 165 162 167 167 162 175 168 168 169 159 176 170 164 171 175 175 171 169 159 176 170 164 176 161 175 175 172 172 163 173 173 176 174 174 176 177 165 165 178 167 167 179 179 168 177 177 171 178 178 171 180 179 179 169 177 177 170 178 178 180 180 179 169 172 172 170 173 173 174 180 180 
3x3x4x30
01 01 02 03 03 02 04 05 05 06 01 01 07 03 03 04 04 08 06 06 01 07 07 03 09 04 04 10 06 06 10 07 07 09 11 12 13 14 15 16 14 02 05 05 02 17 18 19 16 16 08 09 20 08 21 19 19 21 16 16 09 20 12 19 19 22 10 11 22 10 11 12 13 15 15 13 14 23 05 14 02 17 18 08 17 24 08 09 24 12 25 18 26 21 27 27 21 20 12 28 11 26 28 11 22 10 20 22 15 15 29 13 23 23 13 14 30 25 24 26 17 24 31 17 32 32 25 18 26 27 27 31 21 33 33 34 18 35 28 36 36 28 20 22 25 29 29 23 23 30 37 37 30 25 24 26 38 39 40 32 32 41 34 42 35 27 39 31 33 33 41 34 43 35 36 36 31 28 44 44 29 29 30 45 39 30 45 37 37 34 46 35 38 39 40 32 47 48 34 42 35 38 42 40 33 47 41 49 43 50 36 43 31 44 44 41 45 51 52 45 39 52 53 47 37 54 46 55 56 46 55 56 47 48 54 57 50 38 42 40 58 42 48 49 49 50 38 43 40 44 43 41 45 51 59 53 51 52 53 47 52 56 57 50 56 46 55 58 46 55 54 57 50 60 61 62 58 61 48 54 49 49 60 63 62 64 63 48 53 57 59 53 51 59 58 51 52 56 57 65 60 66 62 58 66 55 67 61 65 60 61 62 64 68 69 54 63 70 71 63 70 64 72 72 73 74 74 75 75 59 76 76 59 73 66 77 60 66 62 64 78 79 67 61 65 67 68 69 64 68 69 80 63 65 71 71 70 72 72 70 74 74 81 82 75 75 83 76 76 73 66 77 84 78 77 84 78 79 73 68 69 67 68 69 67 85 79 80 86 65 80 71 71 72 85 70 74 81 81 82 82 75 83 83 76 84 78 87 84 78 77 88 85 77 73 86 87 89 90 91 89 85 79 92 86 93 80 94 94 80 95 79 81 81 87 96 82 82 96 83 83 84 86 87 88 90 91 88 85 97 89 86 93 89 90 91 98 95 97 92 92 93 94 94 99 98 95 100 96 101 87 96 90 91 102 103 97 88 104 93 88 90 91 98 95 97 89 104 93 105 104 99 98 95 100 106 92 92 94 104 99 107 104 100 96 101 108 102 103 108 102 103 97 109 101 110 111 111 99 98 112 100 109 109 110 105 105 99 107 112 100 106 109 109 106 113 114 107 113 114 102 103 110 102 103 108 115 115 108 116 101 110 117 111 111 107 115 115 116 101 118 117 105 105 107 112 115 119 113 114 106 113 114 106 112 120 116 121 110 117 121 122 123 123 108 116 124 118 117 121 111 125 121 126 119 124 118 127 128 129 125 121 129 119 113 114 127 128 120 130 112 120 116 124 118 117 122 122 125 123 123 119 124 118 127 128 126 125 131 126 119 132 129 127 128 129 130 131 133 134 134 120 135 135 120 130 136 136 137 124 138 122 122 138 125 131 123 137 132 126 127 128 126 130 131 139 140 132 129 140 141 133 130 141 133 142 134 134 143 135 135 136 136 144 145 132 146 147 147 138 148 131 138 137 132 149 150 151 149 150 151 139 137 141 133 140 141 133 140 152 139 142 142 134 143 143 135 136 144 144 145 146 146 145 147 147 148 153 138 150 151 154 150 151 149 148 155 149 137 141 154 156 152 157 140 152 139 158 142 142 158 143 143 144 144 139 146 146 154 145 153 147 145 153 159 150 151 154 156 155 157 148 155 149 160 152 161 156 152 157 148 162 163 164 165 161 158 165 166 158 162 166 167 153 154 156 153 157 168 168 159 167 155 161 156 155 157 169 162 159 160 170 161 160 170 163 169 162 163 164 171 166 164 165 166 158 165 172 173 174 175 176 174 177 169 168 168 167 178 161 176 178 177 169 162 159 167 171 163 160 170 163 160 170 159 179 171 166 164 180 172 164 165 172 173 175 175 181 174 182 169 174 168 173 171 183 176 178 177 184 178 185 167 171 186 176 180 177 184 170 185 179 179 172 187 180 172 187 188 188 175 175 189 181 182 182 184 174 185 173 183 183 181 180 190 184 178 185 173 186 186 176 180 177 191 192 193 187 179 179 187 194 194 188 188 193 195 196 189 182 182 189 184 197 185 183 183 198 181 190 190 191 197 193 186 186 199 181 192 199 191 192 193 187 200 201 194 194 201 188 202 202 195 196 203 195 204 189 191 204 189 205 196 198 190 190 198 191 197 193 205 192 206 207 192 199 207 197 199 208 200 209 194 200 201 202 202 201 205 204 203 195 204 203 195 210 210 205 196 206 211 211 198 210 210 198 207 196 206 207 211 211 210 197 199 208 209 209 208 200 211 202 200 201 205 204 206 212 212 203 213 213 203 214 214 206 215 212 212 216 213 213 207 214 214 215 215 212 216 216 213 209 209 214 208 215 215 208 216 216 
3x3x4x35
01 02 02 02 02 03 02 04 04 01 05 06 01 06 06 06 06 07 08 05 09 01 05 07 01 10 07 11 11 07 12 05 07 12 05 13 14 15 15 14 03 03 04 04 16 17 17 09 14 17 17 14 10 17 08 18 09 08 18 19 14 10 13 12 11 11 12 20 19 21 20 13 15 15 09 03 03 16 04 10 16 22 23 09 24 23 19 24 10 13 22 25 26 08 18 19 08 18 13 12 20 11 27 20 28 21 21 28 15 29 16 30 31 16 30 32 32 24 29 26 24 23 19 33 23 34 22 25 26 35 25 36 35 18 36 22 20 28 27 27 28 37 21 21 30 38 26 30 31 39 32 32 40 24 29 26 33 31 39 33 23 34 35 29 36 35 25 36 41 25 34 22 42 28 37 27 27 37 43 43 30 38 44 45 46 44 32 46 40 33 38 47 33 31 39 48 49 40 35 29 36 41 31 39 41 50 34 37 42 51 37 42 51 43 43 34 52 46 53 45 46 44 54 55 44 52 38 47 45 49 47 48 49 40 41 38 56 41 50 39 48 50 40 57 57 56 58 42 51 43 42 51 59 46 53 59 55 53 54 55 44 52 49 56 45 49 47 54 60 47 52 50 56 45 50 61 48 60 62 63 57 57 58 58 61 48 64 51 65 55 66 59 55 53 59 60 53 65 65 56 67 68 61 54 60 62 52 65 65 67 68 61 54 64 62 63 63 57 69 58 58 69 64 70 71 71 66 67 72 66 59 60 62 73 74 75 67 72 61 76 64 62 73 74 75 77 68 78 76 64 70 69 63 63 69 68 78 79 79 70 73 71 71 67 80 66 76 80 66 73 81 82 77 72 78 76 83 70 84 74 75 77 72 78 85 83 70 69 74 75 86 68 87 88 79 79 73 80 71 77 80 89 76 83 89 84 81 82 77 90 78 85 83 91 84 81 82 92 72 87 85 93 91 94 74 75 86 86 87 88 88 79 84 80 89 95 95 89 85 83 91 84 96 96 92 90 87 85 93 91 97 81 82 92 90 87 98 93 99 94 81 82 94 86 86 98 88 88 100 100 89 92 95 95 101 93 91 96 96 102 92 103 103 98 93 99 97 104 102 97 90 102 98 105 99 106 104 107 94 90 102 94 105 102 108 100 100 109 109 95 101 101 99 96 104 110 103 103 110 98 105 99 111 104 112 97 113 110 97 105 110 106 106 107 114 113 107 114 115 110 108 116 100 108 109 109 117 101 101 118 104 112 103 113 119 117 105 120 111 111 112 121 113 119 121 122 120 114 106 106 114 115 107 123 115 107 124 116 112 108 125 109 108 125 120 118 116 112 118 113 126 117 122 120 121 111 111 121 127 119 117 122 128 114 115 129 123 115 119 123 130 130 124 125 131 132 125 133 132 122 120 124 116 134 118 127 126 118 122 135 121 116 134 136 127 126 117 128 128 123 129 129 123 137 119 130 130 138 132 125 131 132 127 133 139 140 140 124 141 131 136 127 133 139 142 135 124 141 134 136 137 126 128 128 135 129 129 134 143 137 126 130 138 138 132 141 144 136 145 145 140 140 146 147 141 131 136 137 133 139 142 146 147 148 131 143 137 133 139 142 135 149 148 134 143 150 150 138 138 135 147 141 144 145 145 144 140 151 151 147 148 152 143 152 152 152 152 146 149 148 153 143 154 154 139 142 146 149 155 155 150 150 156 157 142 156 147 158 159 145 158 144 151 151 144 149 148 160 161 158 162 161 158 163 149 153 153 154 154 162 157 158 146 155 155 156 150 164 156 157 164 165 166 167 159 166 166 159 151 166 166 161 167 160 161 168 163 157 169 163 153 153 160 154 168 162 157 169 170 155 164 156 171 164 162 171 165 165 172 173 173 172 174 159 175 169 159 161 167 163 175 174 163 175 169 176 175 167 160 175 168 170 177 177 170 171 164 160 171 168 162 165 165 178 173 173 179 172 180 180 172 169 181 182 183 184 185 174 184 185 176 176 182 167 170 182 174 170 186 177 177 171 187 188 182 168 188 182 178 178 173 189 179 180 180 179 172 181 181 185 183 190 185 183 184 176 176 184 191 191 190 192 174 193 186 186 177 194 187 195 194 187 188 178 178 188 196 189 190 180 189 179 181 181 179 185 197 190 192 183 193 198 183 184 199 191 191 192 200 193 198 186 186 199 195 195 194 187 201 194 187 188 196 196 190 192 189 193 198 189 202 199 197 203 192 200 193 198 202 202 199 197 191 204 200 205 202 202 206 195 195 207 204 201 201 194 208 209 210 196 196 210 200 211 198 212 212 199 203 203 204 200 211 212 212 206 213 197 207 204 205 205 212 208 206 214 197 207 201 201 209 215 208 209 216 217 218 210 219 220 210 221 206 203 203 207 204 219 211 222 208 206 213 213 207 205 205 211 223 208 224 214 214 209 225 225 209 215 215 224 216 217 218 216 221 220 210 221 226 227 217 218 222 219 220 222 228 224 227 213 213 227 219 211 223 223 224 229 214 214 227 225 225 227 215 215 230 221 231 216 221 231 216 226 226 222 217 218 222 228 220 232 228 224 229 217 218 233 219 220 234 223 223 229 235 235 235 235 225 235 236 236 230 237 238 230 237 231 226 226 231 229 228 239 232 228 239 232 240 241 229 242 242 233 233 241 234 234 241 243 243 241 244 244 241 236 236 245 246 246 238 230 237 238 230 237 231 232 246 246 232 240 239 247 240 239 242 242 246 247 233 233 247 234 234 247 243 243 247 244 244 236 245 245 248 249 249 249 249 238 249 237 238 248 240 250 248 240 251 252 252 239 242 250 250 248 251 251 248 252 252 250 250 243 251 251 244 245 245 252 

3x3x5x9
01 01 02 03 01 01 04 05 01 06 06 02 03 07 07 04 08 08 09 06 06 07 07 10 08 08 11 09 09 06 07 10 10 08 11 11 12 09 09 10 10 13 11 11 14 15 16 17 18 19 20 21 05 22 23 16 02 03 19 24 04 05 25 23 23 02 03 24 24 04 25 25 12 23 23 24 24 13 25 25 14 12 26 26 26 26 13 26 27 14 15 28 17 18 29 20 21 30 22 15 16 17 18 19 20 21 05 22 12 16 02 03 19 13 04 05 14 12 31 31 31 31 13 31 27 14 32 32 33 34 32 32 35 27 32 36 28 37 38 29 39 40 30 41 15 28 17 18 29 20 21 30 22 15 16 17 18 19 20 21 27 22 42 42 33 34 42 42 35 27 42 43 43 33 34 44 44 35 45 45 36 36 37 38 39 39 40 41 41 46 28 37 38 29 47 40 30 48 46 28 33 34 29 47 35 30 48 49 49 33 34 50 50 35 51 51 52 43 43 44 44 53 45 45 54 46 36 36 39 39 47 41 41 48 46 55 37 38 56 47 40 57 48 58 55 37 38 56 59 40 57 60 58 49 49 50 50 59 51 51 60 52 52 43 44 53 53 45 54 54 46 61 61 61 61 47 61 57 48 62 63 63 63 63 64 63 57 65 62 55 66 67 56 64 68 69 65 58 55 49 50 56 59 51 69 60 58 52 52 53 53 59 54 54 60 62 70 70 70 70 64 70 57 65 62 71 71 72 72 64 73 73 65 71 71 66 67 72 72 68 73 73 71 55 66 67 56 72 68 69 73 58 74 74 74 74 59 74 69 60 62 75 75 76 76 64 77 77 65 75 75 78 79 76 76 80 77 77 75 78 78 79 79 76 80 80 77 78 78 66 67 79 79 68 80 80 81 81 66 67 81 81 68 69 81 

3x3x6x10
01 01 02 03 01 01 04 04 01 05 05 02 03 03 06 07 08 09 10 05 05 10 03 03 11 08 09 12 13 05 14 14 15 11 11 15 12 13 16 17 14 14 18 11 11 19 20 20 19 19 14 18 19 19 21 22 22 22 22 23 22 04 04 24 24 02 07 25 06 07 26 27 12 13 02 10 25 06 10 08 09 12 13 15 17 28 15 18 08 09 29 30 16 17 28 16 18 31 31 20 20 32 33 32 32 32 32 34 21 35 36 21 25 23 37 38 04 07 24 24 07 25 23 37 26 27 12 13 02 17 39 06 10 26 27 29 30 15 17 40 06 18 08 09 29 30 41 33 28 16 31 31 16 20 42 41 33 28 34 43 44 34 45 35 36 21 25 36 21 38 46 47 35 24 47 39 23 37 38 46 29 30 48 49 39 23 37 26 27 29 30 41 33 40 50 51 26 27 52 42 41 33 40 53 31 44 53 52 42 34 43 28 34 43 44 54 45 55 55 45 39 36 56 56 36 57 35 48 47 39 58 47 38 46 59 35 48 49 49 58 37 38 46 52 42 41 60 50 50 51 44 61 52 42 53 60 40 53 51 44 62 43 63 63 43 40 54 64 64 54 55 55 48 45 65 58 45 56 56 57 66 48 57 65 58 47 67 67 59 66 68 59 49 49 67 67 46 52 68 68 50 50 61 67 69 61 68 68 53 60 70 62 51 69 62 63 63 54 60 70 54 51 64 64 55 66 71 72 73 58 74 74 56 75 66 76 57 65 77 57 74 74 75 78 76 59 65 77 59 79 74 80 78 61 81 70 61 82 79 83 80 80 62 81 70 62 82 69 83 63 80 80 60 84 85 86 69 64 75 66 71 72 73 77 87 87 88 75 78 71 72 73 77 89 90 88 91 78 76 92 65 93 82 90 94 91 95 76 92 70 93 82 79 94 96 95 97 81 84 85 86 79 83 96 98 98 81 84 85 86 69 83 75 99 99 99 99 77 99 87 87 91 78 71 72 73 93 89 89 88 91 95 71 72 73 93 82 90 88 96 95 76 92 84 85 86 90 94 96 97 97 92 84 85 86 79 94 98 98 100 81 100 100 100 100 83 101 102 103 101 103 103 103 103 87 91 102 104 101 102 93 101 89 89 105 95 104 105 102 104 101 102 88 96 106 107 105 106 104 105 90 104 97 97 107 92 106 107 105 106 94 98 108 108 108 108 107 108 106 107 
3x3x6x15
01 02 02 02 02 03 02 04 03 01 05 05 06 07 08 09 07 08 05 05 10 06 10 10 10 10 11 05 12 12 12 12 13 12 11 11 14 15 16 14 15 13 11 11 17 18 19 20 18 20 20 20 20 17 21 22 03 23 22 03 24 04 25 01 07 08 23 07 08 09 04 26 01 27 27 06 28 13 09 26 26 27 27 16 06 29 13 26 26 17 27 19 16 14 15 30 14 15 17 31 19 32 18 33 30 18 33 34 21 35 03 24 22 25 24 22 25 21 07 08 23 28 36 37 04 36 01 38 16 23 28 13 09 04 39 40 19 16 06 29 30 09 41 17 42 19 43 42 29 30 14 15 34 31 33 32 31 33 32 18 44 34 24 35 25 24 28 25 45 22 46 21 35 36 37 28 36 37 47 47 21 38 48 23 38 39 47 47 39 40 48 48 40 41 30 47 41 34 48 48 43 42 29 43 42 44 34 49 33 50 31 29 32 31 44 32 51 51 52 45 53 52 45 46 46 37 35 36 37 53 54 55 56 54 57 35 39 58 38 39 55 38 59 57 41 60 40 41 61 40 44 59 62 63 60 62 64 43 42 44 43 49 49 50 65 64 50 65 66 66 45 51 51 45 67 52 46 46 52 68 69 54 70 53 54 71 56 59 68 69 60 58 53 61 55 56 59 57 63 60 58 64 61 55 72 73 57 63 74 62 64 75 62 72 73 65 49 49 65 76 50 66 66 50 77 69 51 78 67 79 78 80 52 77 69 54 70 67 61 71 80 59 68 63 60 70 53 61 71 56 73 68 63 74 58 64 75 55 56 73 57 81 74 58 76 75 62 72 82 65 81 83 84 76 83 66 72 82 78 69 85 78 86 79 87 86 88 77 89 89 90 67 79 91 80 92 77 93 74 70 67 75 71 80 73 68 81 74 70 76 75 71 94 82 95 81 96 84 76 97 98 98 82 99 100 101 84 100 83 102 72 83 78 86 85 103 86 88 87 87 88 89 89 85 90 90 79 91 91 92 77 93 104 105 93 79 106 80 92 95 81 104 84 94 107 106 94 82 95 96 96 84 97 97 102 98 98 99 101 101 99 100 108 102 100 83 109 86 88 103 103 88 110 87 87 89 111 85 112 90 90 106 91 91 95 113 85 105 93 107 106 93 92 95 94 104 105 94 107 102 114 92 96 96 104 97 97 115 102 116 98 101 101 117 99 108 108 99 100 118 109 119 119 120 103 103 110 110 121 109 111 122 112 111 107 106 121 121 123 113 122 112 113 107 121 121 124 123 125 125 105 114 115 126 114 124 125 125 104 105 116 115 126 116 118 125 117 117 108 108 127 128 128 118 119 119 122 120 129 129 130 110 110 109 131 122 120 111 132 130 111 124 109 131 133 112 113 115 134 113 124 123 114 133 112 114 115 134 135 118 123 116 136 137 116 127 126 135 118 117 117 136 138 138 127 126 128 128 119 131 122 129 129 139 140 141 139 142 131 133 120 132 132 130 143 124 142 144 133 120 145 145 130 146 147 148 144 136 149 149 127 134 146 150 123 151 136 137 137 127 134 135 150 152 153 154 152 138 138 126 135 128 142 131 139 129 141 139 140 141 155 142 144 133 132 132 155 140 143 155 148 144 155 145 145 155 130 143 147 148 151 136 156 149 149 156 146 147 156 151 154 156 137 137 134 146 150 156 153 154 152 153 138 152 135 150 142 141 139 157 141 158 159 159 158 148 144 158 157 157 158 140 159 159 148 151 158 145 157 157 140 143 159 160 151 154 161 161 149 162 143 147 160 160 154 162 161 161 162 146 147 162 160 160 162 153 161 152 153 150 

3x4x4x10
01 01 02 03 01 01 03 03 01 04 03 03 05 06 07 08 08 07 09 08 08 09 10 08 11 06 12 11 11 12 13 11 11 13 10 14 15 15 16 17 15 15 17 17 15 18 17 17 19 19 02 20 20 02 21 20 20 04 10 20 05 22 22 09 23 07 09 24 07 04 10 14 05 06 16 13 23 12 13 24 12 25 25 14 26 06 16 26 26 27 18 26 26 18 28 28 29 19 19 30 23 02 21 21 02 31 10 14 22 22 16 09 23 32 33 34 07 04 34 14 05 35 16 13 35 32 33 24 12 04 25 25 05 06 36 18 27 27 18 24 37 28 28 38 29 29 19 30 23 32 30 21 21 31 31 39 22 40 40 41 34 32 42 34 43 44 39 39 40 40 45 41 35 46 33 35 43 39 39 25 40 36 36 27 27 37 33 24 37 28 38 38 47 29 29 47 48 32 30 48 43 30 31 31 49 50 45 49 34 46 42 48 43 44 48 51 52 50 45 41 50 46 42 35 53 44 48 53 36 36 37 41 50 37 33 50 54 38 38 54 55 55 45 47 56 46 47 56 43 57 58 58 59 60 45 49 61 46 49 56 51 57 56 51 52 60 62 52 60 53 42 63 53 44 56 64 65 65 62 41 60 54 42 60 54 44 66 66 67 55 55 68 68 69 47 68 68 58 58 68 59 70 62 59 61 51 49 63 51 57 71 71 72 72 62 52 61 53 52 63 64 57 73 64 74 65 65 74 74 54 75 74 74 66 66 76 67 67 55 77 69 69 77 63 78 58 79 78 80 70 62 59 70 81 59 63 82 71 71 83 80 72 72 84 61 64 85 73 64 57 73 83 86 87 65 86 61 88 75 75 88 66 76 76 80 67 67 69 69 78 77 79 78 77 79 89 80 90 90 84 70 81 85 70 82 71 89 89 90 90 72 84 73 81 85 73 82 89 89 83 90 87 88 86 87 88 86 75 75 76 76 83 80 91 91 84 79 78 85 79 92 77 93 93 91 91 94 84 95 95 85 92 92 93 93 96 91 94 94 95 95 81 92 92 82 93 96 96 94 94 88 95 87 81 86 87 82 96 96 83 
3x4x4x15
01 02 02 01 03 03 03 03 04 03 05 05 02 02 06 01 07 08 01 09 10 05 05 11 02 06 06 12 07 08 01 09 08 05 11 11 06 06 13 14 13 13 13 13 08 11 11 08 15 15 16 17 07 16 17 04 04 18 18 19 20 21 22 20 07 10 17 23 10 17 23 19 24 25 22 12 25 22 12 09 26 17 27 26 24 28 28 14 14 22 29 09 22 29 30 30 31 15 15 31 07 16 04 04 16 32 18 18 24 21 10 20 23 10 20 23 33 32 27 19 24 21 34 35 25 26 12 25 26 12 27 19 28 28 34 29 14 14 29 09 36 30 30 36 37 38 15 31 39 40 31 39 16 41 27 18 24 38 34 42 23 43 20 33 33 32 27 44 45 21 34 35 35 26 46 25 47 32 48 19 28 21 49 29 50 36 51 50 36 30 48 52 37 39 53 37 39 40 31 54 40 41 55 55 45 38 34 42 42 43 33 33 43 41 48 44 45 38 49 46 35 35 46 47 47 32 48 44 56 56 49 51 57 36 51 50 52 58 50 52 45 39 53 37 54 53 37 54 40 55 55 40 45 59 49 60 42 42 61 62 43 41 48 43 46 38 49 46 63 64 47 47 65 41 66 44 51 56 56 51 57 52 58 57 52 58 50 44 67 54 68 69 54 53 69 69 53 55 69 69 70 59 71 60 63 64 61 62 65 72 66 73 70 59 71 60 63 64 61 62 65 72 66 73 74 74 56 58 74 74 58 57 74 75 57 76 67 77 68 78 63 64 79 80 65 72 66 73 67 77 68 78 63 64 79 80 65 72 66 73 70 59 71 60 81 82 61 62 83 75 84 76 70 59 71 60 81 82 61 62 83 75 84 76 85 85 86 87 85 85 87 88 85 72 88 73 67 77 68 78 81 82 79 80 83 75 84 76 67 77 68 78 81 82 79 80 83 75 84 76 70 89 71 90 89 91 90 90 91 92 90 90 93 86 86 93 88 94 87 88 94 87 95 96 97 98 99 97 81 82 100 100 83 101 84 96 102 77 99 78 103 103 79 80 104 101 105 104 102 106 91 107 89 91 107 89 108 92 92 108 86 86 99 93 88 109 93 95 94 87 95 94 102 98 99 97 110 110 97 100 100 111 105 96 102 98 112 103 103 104 113 113 104 101 105 96 107 106 91 107 106 108 114 89 108 101 92 92 115 116 99 117 95 109 93 95 109 118 105 94 102 116 112 110 110 119 97 120 100 111 105 121 122 98 112 103 123 104 124 113 113 111 125 96 107 98 126 114 106 108 114 106 127 101 125 128 115 115 112 117 129 129 117 130 109 118 118 109 122 116 112 110 120 119 131 120 119 131 125 121 122 116 132 124 123 132 124 123 113 111 125 121 114 126 126 114 133 127 134 134 127 111 128 128 122 115 115 129 129 135 117 130 135 117 118 118 122 120 135 131 120 135 131 130 119 136 125 119 124 116 135 124 133 132 136 123 132 136 123 121 126 126 127 136 133 127 136 134 134 128 128 121 137 137 138 129 138 138 138 138 139 140 140 139 141 137 137 131 133 139 142 130 139 143 140 140 141 141 137 142 133 139 142 130 132 143 143 140 142 141 141 142 144 144 144 144 134 144 143 143 

3x4x5x6
01 01 02 03 04 05 03 03 05 06 03 03 07 01 01 08 08 09 10 10 09 11 12 13 07 07 01 14 08 08 14 10 10 11 11 13 14 07 07 14 15 08 16 15 10 16 11 11 14 17 17 17 17 18 17 18 18 18 18 19 20 20 02 21 04 02 22 22 05 06 23 05 24 24 09 25 04 09 25 22 22 06 12 26 25 24 24 25 27 27 27 27 22 27 12 13 25 15 24 16 15 28 16 28 28 28 28 13 29 29 30 31 30 30 30 30 19 32 32 19 33 20 20 21 21 02 34 34 02 35 23 05 33 36 09 33 04 37 38 38 37 06 23 26 39 36 37 33 04 37 33 38 38 06 12 26 39 15 37 16 40 40 40 40 38 40 12 13 41 29 29 31 31 19 42 42 19 43 32 32 44 36 20 45 21 21 45 34 34 35 35 46 39 36 47 48 49 49 48 50 46 51 23 46 39 52 47 49 49 46 48 50 46 48 23 26 53 52 54 49 54 54 54 54 55 48 56 26 41 41 29 57 31 31 57 42 42 43 43 32 44 36 47 44 58 58 45 50 34 45 35 35 39 52 47 58 58 59 51 50 59 51 60 60 53 52 61 58 61 61 61 61 59 60 60 59 53 62 62 62 62 55 62 56 55 60 56 59 57 41 41 57 63 63 63 63 42 63 43 43 64 64 47 44 64 64 44 50 64 45 65 65 53 52 66 51 67 67 51 68 68 65 65 69 53 66 66 67 67 70 68 68 70 65 69 69 66 66 55 67 56 55 68 56 70 69 69 70 57 71 71 71 71 72 71 72 72 72 72 70 
3x4x5x7
01 02 02 02 02 03 02 04 05 06 04 05 01 01 07 08 04 05 08 04 05 09 09 10 08 01 01 08 04 05 11 12 10 13 13 10 08 14 14 11 12 10 11 12 10 15 13 13 11 12 16 11 12 17 18 17 17 17 17 13 19 20 20 19 03 03 21 22 23 06 22 23 24 07 07 19 22 25 19 22 25 06 09 09 24 26 26 24 22 27 19 28 25 29 29 25 14 14 16 24 28 27 24 28 27 15 15 25 30 28 16 30 28 31 18 18 27 32 32 27 20 20 33 03 03 23 21 21 23 34 35 36 07 07 33 37 37 38 39 40 40 06 35 09 26 26 16 41 38 38 40 40 42 06 29 29 14 43 16 38 38 44 40 45 45 46 15 15 47 43 48 30 31 31 30 18 18 46 32 32 20 49 49 50 51 23 50 21 21 34 34 36 52 52 33 39 37 37 39 53 42 54 35 36 26 43 33 41 55 56 57 53 42 46 35 29 47 43 58 41 55 44 45 45 44 46 59 59 47 48 48 31 31 60 30 61 60 62 62 32 49 49 63 64 51 65 50 51 42 50 34 34 39 52 52 39 55 37 66 67 42 54 54 36 47 43 33 57 55 56 57 53 56 46 35 36 47 58 58 41 68 69 45 53 44 59 59 44 48 48 60 41 61 60 70 61 71 72 62 62 49 63 63 64 65 65 64 51 73 50 51 73 74 74 52 66 55 73 66 67 73 75 54 54 57 74 74 57 68 73 76 67 56 75 75 56 58 58 74 76 68 69 76 53 69 59 75 75 76 61 60 76 61 71 70 70 71 72 72 62 63 63 77 65 65 77 64 78 78 64 79 79 66 80 80 66 68 77 78 78 77 79 79 81 80 80 82 83 68 84 78 67 77 79 81 81 80 82 82 83 84 84 83 67 69 81 81 69 82 82 71 84 84 71 83 70 70 83 72 72 
3x4x5x8
01 02 02 01 03 04 05 06 04 07 08 08 02 02 09 10 03 09 05 03 11 08 08 11 02 12 13 10 12 09 10 03 09 08 03 14 15 13 13 15 12 16 10 12 09 10 14 14 13 13 17 18 19 16 18 12 20 14 14 20 21 21 04 01 06 04 01 06 22 07 07 23 24 21 21 25 26 11 05 26 11 27 28 23 24 26 21 25 26 16 05 28 29 30 28 31 32 26 33 15 28 16 15 28 29 30 30 31 32 17 17 34 19 20 18 19 20 18 30 30 24 06 04 25 06 35 01 22 22 36 07 07 24 37 37 25 38 11 27 38 39 27 40 23 32 38 41 42 38 16 05 40 39 43 40 23 32 38 33 42 40 33 15 40 29 44 44 31 17 17 45 34 34 20 46 19 29 18 19 31 24 47 47 25 35 35 22 22 39 36 48 49 37 37 41 27 50 51 27 50 39 36 52 49 32 53 41 54 54 51 55 56 56 43 52 23 57 53 45 42 58 33 55 58 33 43 44 44 57 59 45 42 34 34 46 46 29 60 60 31 47 47 41 35 35 51 61 48 39 61 48 62 37 53 41 63 64 51 63 50 65 36 50 49 57 53 45 66 54 54 56 56 65 36 52 49 57 58 45 66 58 67 55 68 67 43 52 44 69 59 70 42 59 70 55 46 46 43 60 60 47 71 71 61 48 51 61 48 65 72 72 62 63 53 73 63 64 74 75 64 65 76 50 62 57 77 73 78 79 54 56 80 81 82 83 49 69 58 84 66 68 85 86 68 67 82 52 67 69 87 87 66 59 70 55 59 70 88 88 60 71 71 73 61 89 89 89 89 65 89 72 72 63 77 73 78 79 74 75 64 74 76 64 62 69 77 84 78 79 85 75 80 81 76 83 62 69 68 84 86 68 85 86 80 81 82 83 67 87 87 90 66 90 90 90 90 70 82 88 88 71 77 73 78 79 91 92 91 91 91 91 72 93 77 84 78 79 85 92 92 74 94 94 74 93 93 84 95 95 85 75 92 92 76 94 94 86 93 93 86 95 95 75 80 81 76 83 94 87 96 96 96 96 95 96 80 81 82 83 88 
3x4x5x9
01 01 02 03 04 05 03 04 05 06 07 08 03 01 01 03 09 09 09 09 08 09 10 08 03 11 01 12 13 08 12 14 08 15 10 16 12 11 17 12 17 17 17 17 16 15 15 16 12 18 19 20 21 16 20 21 16 22 15 15 23 04 02 24 04 02 24 25 05 06 07 05 26 11 27 28 13 29 28 25 29 06 07 30 31 11 27 31 13 27 28 14 32 28 10 32 33 18 19 34 35 27 34 14 27 28 10 36 20 18 19 20 35 37 22 21 37 22 21 38 23 04 39 23 13 02 24 40 02 24 41 05 26 11 29 42 13 29 42 25 30 06 07 30 26 18 19 31 35 32 31 25 32 06 07 36 33 18 19 33 35 43 34 14 43 34 10 36 20 44 37 22 45 37 22 14 38 46 21 38 47 39 39 23 48 48 23 40 49 24 41 50 47 47 29 48 48 30 42 40 30 42 41 36 26 47 47 48 35 32 31 25 51 52 52 36 26 44 43 33 45 43 33 51 51 34 52 52 53 44 37 54 45 38 51 51 38 46 46 52 39 39 55 56 56 55 57 49 49 57 50 50 58 59 60 57 56 56 57 40 61 42 41 62 63 44 60 57 45 56 64 40 65 66 41 62 63 44 43 67 45 65 64 64 65 66 68 69 53 53 65 54 54 65 70 64 64 70 46 46 71 71 72 73 73 55 49 49 55 50 50 62 58 59 72 74 74 75 76 77 61 66 77 62 58 59 60 67 74 74 76 76 61 66 68 69 63 78 60 67 78 74 79 76 76 80 68 69 63 53 53 70 54 54 70 81 81 80 82 82 83 71 71 84 73 73 85 85 55 86 86 62 87 87 72 67 77 75 88 77 75 66 68 69 58 59 72 67 89 90 88 91 61 80 68 69 58 59 60 79 78 90 79 78 61 80 92 92 63 93 93 70 94 94 81 81 95 82 82 96 83 83 71 84 84 73 88 85 85 97 86 86 98 87 87 98 77 99 88 91 75 97 97 75 100 100 72 98 89 99 98 91 99 80 97 97 79 100 100 79 89 90 98 78 99 92 92 99 93 93 100 94 94 90 81 95 95 82 96 96 101 83 83 101 84 84 88 91 85 102 102 86 103 103 87 101 104 104 101 91 105 106 102 102 107 103 103 104 104 108 101 105 105 106 106 102 107 107 103 104 89 108 105 105 108 92 106 106 93 107 107 94 89 90 95 95 108 96 96 108 
3x4x5x10
01 01 02 03 04 02 05 06 06 05 07 07 08 09 10 05 04 11 05 12 12 13 13 14 08 08 10 05 11 11 12 12 15 16 13 13 17 08 08 11 11 15 12 18 15 16 19 13 20 20 15 21 21 15 22 18 23 22 24 24 25 01 01 03 03 02 06 06 02 07 07 26 27 09 28 27 04 29 30 31 14 16 31 14 32 09 10 27 04 29 27 18 29 16 19 33 17 34 10 17 34 35 27 18 29 36 19 29 37 20 20 22 21 21 22 23 23 24 24 38 25 25 01 39 03 03 06 40 02 07 26 26 41 41 28 42 31 14 30 31 14 16 19 33 32 09 28 42 04 35 30 18 43 36 19 33 32 09 10 17 34 35 17 34 43 36 44 44 37 37 20 22 45 21 23 23 46 24 38 38 47 25 25 39 40 48 39 40 48 26 26 33 49 41 41 50 31 35 50 51 43 36 52 33 49 53 28 42 54 35 30 51 43 36 52 55 32 53 28 42 54 56 30 34 56 44 44 55 32 37 37 57 45 46 57 45 46 38 38 58 47 40 59 47 40 60 39 51 48 39 61 48 50 53 41 50 62 60 63 51 43 64 61 55 49 53 65 66 62 67 66 68 67 64 52 55 49 69 65 42 54 70 71 68 56 44 52 56 57 69 46 57 54 46 71 45 58 72 45 58 73 73 59 47 74 59 47 51 75 64 76 48 50 53 77 63 74 60 63 68 75 64 61 55 66 69 78 66 62 60 71 68 67 79 61 67 49 69 65 80 62 70 71 81 70 82 52 56 57 83 65 80 54 58 72 81 58 72 84 84 85 73 73 85 86 59 87 86 59 64 76 88 63 77 77 63 74 89 87 68 75 79 76 88 66 69 78 80 74 60 71 81 75 79 61 67 90 83 78 80 62 91 92 81 70 82 82 70 90 83 65 72 93 91 72 93 94 84 84 94 95 86 73 85 86 96 85 97 96 79 98 98 77 77 99 100 101 89 87 101 89 79 76 88 90 83 99 80 74 91 87 81 75 102 76 88 90 83 78 92 103 91 92 103 104 102 82 82 105 105 78 106 107 94 106 93 94 84 93 108 95 86 99 95 97 109 85 97 96 98 98 96 110 110 99 100 109 109 100 101 89 111 101 89 90 110 110 109 109 91 87 112 112 111 111 88 92 103 110 92 103 104 112 112 104 102 111 111 106 105 105 106 107 94 112 107 108 102 93 108 113 97 99 95 97 114 95 115 114 98 115 96 113 113 116 117 115 116 100 115 114 100 101 114 118 113 113 117 115 116 117 119 116 120 120 114 118 103 104 118 119 104 117 119 116 117 120 120 106 119 105 118 119 108 118 107 108 102 107 120 
3x4x5x11
01 02 02 01 03 04 05 05 04 06 06 07 02 02 08 09 03 10 09 10 10 10 10 07 02 11 11 11 11 12 11 12 12 12 12 13 14 15 15 15 15 16 15 17 16 18 13 13 14 19 19 20 21 21 20 17 22 13 13 22 23 24 04 01 24 04 01 05 05 25 06 06 23 26 08 23 03 08 09 27 27 09 28 07 14 26 29 23 03 30 23 17 30 31 32 07 14 33 16 34 34 16 18 17 30 18 32 30 19 19 35 21 21 22 20 36 22 20 36 30 37 26 04 38 24 39 01 24 05 25 25 06 37 26 29 37 40 08 27 27 08 09 28 41 14 33 29 37 03 42 37 17 42 31 28 07 43 33 16 18 34 34 18 44 42 31 32 42 19 35 35 21 36 22 45 36 46 20 32 42 47 26 29 38 38 39 48 24 39 49 25 25 47 33 29 47 40 50 27 50 50 50 50 41 43 33 51 47 40 52 47 44 52 53 28 41 43 54 54 54 54 34 54 44 52 31 28 52 35 35 55 45 36 56 45 46 46 31 32 52 57 58 59 57 38 38 48 48 39 49 49 39 43 60 60 60 60 61 60 44 61 53 62 63 43 64 51 65 40 66 65 44 66 53 62 41 67 64 51 68 40 69 68 69 69 69 69 41 45 55 55 45 56 56 46 46 70 71 72 70 73 58 59 57 58 59 57 48 48 53 49 49 74 64 61 75 76 61 77 77 63 53 78 63 74 64 66 75 75 66 65 77 77 65 62 79 67 80 51 67 75 75 68 81 77 68 62 79 55 55 51 56 56 70 71 72 70 71 72 82 73 83 83 84 58 59 57 58 59 85 86 86 73 64 61 84 76 63 85 76 63 85 78 79 74 80 66 85 87 88 85 89 88 65 78 79 74 80 88 67 81 88 67 81 90 68 62 82 91 91 88 71 72 70 71 72 90 92 92 82 83 83 93 94 95 96 94 95 97 86 86 97 73 80 98 84 87 97 94 76 97 94 76 79 73 80 99 84 87 97 100 89 90 94 78 82 74 81 99 100 81 99 100 89 90 101 78 82 100 91 91 100 102 99 103 102 99 104 92 92 83 93 93 105 87 96 105 95 96 86 95 106 107 98 98 108 87 109 108 110 110 111 111 106 107 107 112 84 109 109 110 110 90 113 111 111 114 107 107 109 109 115 110 89 115 101 101 111 114 102 91 103 102 116 103 89 116 104 104 92 93 93 117 118 119 117 105 119 96 105 95 96 98 98 112 118 118 117 108 119 117 108 119 106 114 120 112 121 118 118 122 122 117 113 119 106 114 120 115 121 120 115 121 122 122 113 101 101 103 102 116 103 120 116 121 120 122 121 104 104 123 123 112 124 123 123 124 124 123 105 124 124 125 125 112 126 125 125 126 126 125 108 126 126 114 127 127 127 127 128 127 128 128 128 128 106 129 129 115 130 129 129 130 130 129 113 130 130 131 131 116 132 131 131 132 132 131 113 132 132 

4x4x4x5
01 02 02 03 04 05 06 03 07 05 06 08 09 10 10 08 01 01 02 02 04 04 11 08 12 13 13 08 14 15 15 16 17 01 01 02 12 04 04 08 12 18 13 13 14 14 15 15 12 19 19 20 12 21 22 23 24 21 22 13 24 14 14 15 25 26 06 27 07 26 06 03 07 05 28 03 09 05 10 10 25 25 29 27 30 31 11 27 30 31 11 16 09 32 32 16 17 25 25 20 17 18 33 27 30 18 33 27 30 34 32 32 19 19 22 20 24 35 22 23 24 21 36 23 30 21 36 32 07 37 06 38 07 26 28 38 39 26 28 03 40 05 41 10 42 31 29 20 43 31 29 16 43 44 11 16 09 44 11 45 42 18 46 20 17 18 46 47 17 34 33 47 09 34 33 45 19 48 22 49 24 35 36 50 51 35 36 23 51 21 52 23 53 37 28 54 39 37 28 38 39 26 41 38 40 40 41 45 53 31 54 54 53 44 29 55 43 44 29 55 43 56 56 45 42 54 54 47 53 34 46 47 53 34 46 55 56 56 33 55 42 48 49 49 51 48 36 50 51 35 52 50 56 35 52 55 39 57 57 58 39 37 41 59 60 37 41 38 60 40 40 45 57 57 58 58 60 44 59 59 60 61 61 62 43 63 63 64 57 58 58 47 60 59 59 62 61 61 46 62 63 63 64 64 42 49 49 62 51 48 52 62 61 48 52 50 63 64 64 50 

4x4x5x6
01 02 03 03 01 02 04 04 05 05 06 07 08 08 06 07 09 10 10 11 01 04 04 07 01 05 05 07 12 13 13 14 09 09 10 10 15 04 16 07 01 17 05 18 13 13 14 14 19 09 09 10 15 16 16 18 15 17 17 18 13 14 14 20 21 21 22 18 16 16 22 18 15 23 17 17 15 23 24 24 25 03 03 26 25 02 06 26 27 02 06 28 27 08 08 28 29 30 11 11 27 31 32 26 27 31 32 26 12 12 33 34 29 30 32 35 27 30 32 36 37 31 33 26 38 31 33 34 19 19 32 35 37 30 33 36 37 30 33 36 38 31 20 20 37 21 21 39 37 23 22 39 40 23 22 36 40 24 24 36 29 03 41 42 25 43 06 28 25 02 44 28 45 46 08 34 29 11 11 47 48 43 44 49 48 43 44 49 50 12 12 34 48 51 44 47 48 51 44 47 50 43 52 49 50 43 52 49 48 19 19 35 50 51 52 47 50 51 52 47 38 20 20 49 53 54 21 35 40 23 52 39 40 51 22 39 38 24 55 56 29 41 41 42 57 58 59 28 25 60 61 62 45 46 46 34 63 64 64 42 65 58 58 66 65 61 61 66 45 67 67 68 63 63 64 64 69 69 58 58 61 61 70 70 67 67 68 68 53 63 63 64 71 69 69 72 71 70 70 72 67 68 68 56 53 54 54 35 40 73 69 74 75 70 76 39 38 55 55 56 41 41 77 77 57 59 59 62 57 60 60 62 78 78 46 46 65 77 77 42 65 79 79 80 81 82 82 66 45 78 78 66 53 77 83 42 79 79 80 80 81 81 82 82 45 84 78 56 53 83 83 72 79 80 80 72 71 81 81 82 71 84 84 56 83 83 54 54 75 73 73 74 75 76 76 74 55 55 84 84 85 85 86 62 59 59 86 62 57 87 60 60 57 87 88 88 65 85 85 89 90 87 86 91 90 87 86 91 92 88 88 66 90 93 85 89 90 87 94 89 92 95 86 91 92 88 96 91 90 93 93 72 92 95 94 89 92 95 94 89 71 96 96 91 75 95 93 93 75 95 73 73 76 76 94 74 96 96 94 74 
4x4x5x9
01 02 03 04 01 02 03 04 05 06 07 08 05 06 07 08 09 10 11 12 05 06 03 04 05 06 03 04 13 14 15 16 17 10 18 12 05 06 19 20 21 22 03 04 13 23 15 24 17 25 18 26 21 22 19 20 21 22 19 20 27 23 28 24 21 22 29 30 21 22 29 30 31 32 19 20 31 32 19 20 33 10 34 12 01 02 07 08 01 02 07 08 13 35 15 36 09 10 11 12 37 38 38 39 40 41 41 42 13 14 15 16 09 25 11 26 38 38 39 39 40 40 41 41 27 14 28 16 17 25 18 26 38 39 39 43 44 40 40 41 27 23 28 24 17 45 18 46 31 32 29 30 31 32 29 30 47 23 48 24 33 10 34 12 49 49 07 08 01 02 50 50 13 35 15 36 33 25 34 26 37 49 49 42 37 50 50 42 27 35 28 36 09 25 11 26 51 52 49 53 54 50 55 56 27 14 28 16 09 45 11 46 44 52 52 43 44 55 55 43 47 14 48 16 17 45 18 46 31 32 52 52 55 55 29 30 47 23 48 24 57 58 59 60 61 61 62 62 63 63 64 64 65 66 67 68 33 58 34 42 51 61 61 42 37 64 64 56 37 35 67 36 33 45 34 46 51 69 61 53 54 64 70 56 47 35 48 36 44 45 71 46 44 69 69 53 54 70 70 43 47 72 48 43 73 74 71 75 76 76 69 69 70 70 77 77 78 72 79 80 57 59 59 60 51 62 62 60 65 63 63 56 65 66 66 68 57 58 81 82 51 83 83 84 85 86 86 56 87 88 67 68 89 58 71 82 83 83 84 84 85 85 86 86 87 72 67 90 89 91 71 75 83 84 84 53 54 85 85 86 78 72 92 90 73 74 74 75 73 76 76 53 54 77 77 80 78 79 79 80 59 59 93 82 65 62 93 60 65 94 63 60 87 94 66 66 57 81 81 82 95 94 93 96 95 94 93 96 87 88 88 68 57 58 71 75 97 94 98 99 100 101 93 102 78 72 67 68 89 91 91 75 103 101 98 104 103 101 98 104 78 92 92 90 89 101 74 74 73 101 76 80 73 77 98 80 79 79 98 90 105 106 107 82 108 106 109 110 108 111 112 110 87 113 112 114 81 81 115 96 97 106 112 96 95 106 112 102 95 116 88 88 117 118 115 119 97 120 112 99 100 106 121 102 122 116 123 124 103 118 91 91 103 120 121 99 100 120 121 104 92 92 123 104 89 125 121 126 127 128 121 129 127 120 130 129 131 120 132 90 105 105 107 110 97 109 109 110 108 111 111 102 108 113 114 114 117 118 107 96 97 133 133 134 135 136 136 102 95 113 123 124 117 118 115 119 133 133 134 134 135 135 136 136 122 116 123 124 103 125 115 119 133 134 134 99 100 135 135 136 122 116 132 104 127 125 126 126 127 128 128 99 100 130 130 129 131 131 132 129 117 105 105 110 109 109 137 137 138 138 111 111 108 114 114 124 117 118 107 139 140 137 137 141 140 138 138 141 142 113 123 124 140 125 107 139 140 137 143 139 142 144 138 141 142 113 132 141 140 125 115 119 142 143 143 139 142 144 144 139 122 116 132 141 127 126 126 119 143 143 128 128 130 130 144 144 122 131 131 129 
4x4x5x11
01 02 02 03 01 04 05 06 07 04 05 08 09 10 10 08 11 11 12 13 01 14 15 08 01 14 15 08 16 17 18 18 19 14 12 13 20 14 12 08 01 17 15 21 16 17 15 22 19 14 23 23 20 17 12 21 20 17 12 21 24 24 15 22 25 26 26 21 27 28 29 21 20 28 29 30 20 31 31 32 02 02 05 03 33 33 05 06 07 04 34 34 09 04 10 10 19 11 11 03 35 33 33 06 07 34 34 36 09 18 18 22 19 37 38 13 35 39 33 40 41 34 42 36 16 43 44 22 25 23 23 13 27 39 39 40 41 42 42 30 16 24 24 32 25 28 26 26 27 28 39 39 42 42 29 30 31 31 29 32 02 45 05 46 35 45 47 47 48 48 49 36 50 04 49 10 19 37 11 03 35 47 47 06 07 48 48 36 09 18 44 22 25 37 38 03 27 47 51 06 07 52 48 30 09 43 44 32 25 23 38 13 27 51 51 40 41 52 52 30 16 43 24 32 53 28 54 26 51 51 54 40 41 55 52 52 31 55 29 56 57 37 58 46 35 45 49 46 50 45 49 36 50 59 44 60 61 37 62 63 61 64 64 65 66 67 67 68 69 70 44 68 71 72 62 63 64 64 65 65 66 66 67 67 69 70 73 74 71 72 38 75 64 65 65 75 76 66 66 67 76 43 73 74 53 77 38 78 53 55 54 40 41 55 54 56 79 43 80 56 57 57 58 63 50 81 49 46 50 45 82 46 69 59 60 60 83 72 58 63 61 81 81 68 61 82 82 68 69 59 73 84 83 72 62 85 86 86 81 81 82 82 87 87 88 70 73 84 71 77 62 85 76 86 86 75 76 87 87 75 88 70 80 74 71 77 78 78 53 55 86 56 53 87 54 56 79 79 80 74 89 57 57 63 90 91 91 92 90 93 93 92 69 60 60 94 89 72 58 85 95 96 96 68 61 97 97 98 88 59 73 94 83 77 58 85 95 95 96 96 97 97 98 98 88 59 80 84 83 77 62 99 76 95 95 96 97 98 98 75 100 70 80 84 71 78 78 99 101 102 102 103 101 104 104 103 100 79 79 74 105 106 107 92 91 91 107 92 90 108 93 93 90 108 109 110 89 111 112 85 113 108 107 114 113 108 107 114 88 115 116 94 89 117 112 99 118 108 119 120 121 122 107 123 100 115 124 94 83 117 125 99 126 122 119 127 126 122 119 127 100 128 124 84 101 122 129 130 101 122 102 102 104 104 119 103 131 132 119 103 105 106 112 92 91 106 133 133 134 134 109 93 90 115 109 110 105 111 112 114 118 133 133 114 113 134 134 123 113 115 116 110 89 111 125 99 118 133 135 120 121 136 134 123 100 128 116 94 126 117 125 130 126 135 135 120 121 136 136 127 131 128 124 127 101 117 129 130 135 135 129 102 104 132 136 136 131 132 124 103 137 138 112 139 118 106 109 140 141 106 109 123 142 115 143 144 105 145 125 114 118 146 146 147 148 149 149 123 113 128 150 110 105 111 125 130 146 146 147 147 148 148 149 149 131 128 116 110 126 111 151 130 146 147 147 120 121 148 148 149 131 152 116 127 153 117 154 155 156 132 129 120 121 132 129 157 158 159 124 160 137 138 139 139 141 138 161 140 141 162 143 140 142 142 143 144 137 145 145 163 164 162 161 165 164 162 161 165 166 150 150 144 164 162 167 163 164 162 167 163 166 168 161 165 166 168 161 165 164 151 151 155 166 168 167 163 166 168 167 163 158 152 152 165 153 153 154 155 156 168 154 157 156 159 167 157 158 159 160 160 141 139 139 169 141 138 143 169 170 138 143 140 170 142 142 140 137 171 145 145 170 172 173 169 170 172 173 169 150 150 174 144 137 171 173 155 170 171 173 175 176 172 174 169 158 172 174 144 151 151 173 155 176 171 174 175 176 171 174 175 158 172 152 152 176 153 153 157 176 159 154 157 156 159 154 175 156 160 160 175 
