Prime boxes of the Y-Pentomino  Toshihiro Shirakawa 2015.03.20

minimal 10
5x10

Possible
5x10
9x[20,30,45,55]
10x[14,16,23,27]
11x[20,30,35,45]
12x[50,55,60,65,70,75,80,85,90,95]
13x[20,30,35,45]
14x15
15x[15,16,17,19,21,22,23]
17x[20,25]
18x[25,35]
22x25

2x4x[10,15]
2x5x[6,8,11,13,15]
2x7x[10,15]

3x4x5
3x5x[9,11]
3x6x[10,15]
3x7x[10,15]

4x4x5
4x5x5

5x5x[5,6,7]
5x7x7

2x2x4x5
2x2x5x9

2D Complete
3D Complete
4D Complete

Number of solutions
 5x10:4
 9x20:62
 9x30:3115
 9x45:160
 9x55:19524
10x14:79
10x16:15
10x23:1485
10x27:134
11x20:44
11x30:6018
11x35:12126
11x45:18835383
12x50:16512
12x55:500968
12x60:14233388
12x65:412270246
12x70:12914714506
12x75:432209985621
12x80:15197815803544
12x85:559725045107910
12x90:21482915860930403
12x95:855308244976293772
13x20:10
13x30:30491
13x35:1536801
13x45:5761859386
14x15:2349
15x15:212
15x16:5021
15x17:288
15x19:33470
15x21:166982
15x22:3728
15x23:148914
17x20:4846
17x25:1534701


Solutions
5x10
01 01 01 01 02 03 01 04 02 02 03 03 04 04 02 03 05 04 06 02 03 05 04 06 06 05 05 07 06 08 09 05 07 06 08 09 07 07 08 08 09 09 07 10 08 09 10 10 10 10 

9x20
01 01 01 01 02 02 02 02 03 04 01 05 05 05 05 02 03 03 04 04 06 05 07 07 07 07 03 04 06 06 06 06 07 08 09 03 04 10 11 11 11 11 08 09 09 10 10 10 10 11 08 08 09 12 13 14 14 14 14 15 08 09 12 13 13 14 15 15 15 15 12 12 13 16 17 18 18 18 18 19 12 13 16 17 17 20 18 21 19 19 16 16 17 22 20 20 21 19 23 24 16 17 22 20 21 21 19 23 24 24 22 22 20 25 21 23 23 24 26 27 22 28 25 25 29 23 24 26 27 27 28 25 30 29 29 26 26 27 28 28 25 30 29 31 32 26 27 33 28 30 30 29 31 32 33 33 33 33 34 30 31 31 32 32 35 34 34 34 34 36 31 32 35 35 35 35 36 36 36 36 
9x30
01 01 01 01 02 02 02 02 03 04 01 05 05 05 05 02 03 03 04 04 06 05 07 07 07 07 03 04 08 06 06 09 07 10 11 03 04 08 06 12 09 09 10 11 11 08 08 06 12 09 10 10 11 13 14 08 12 12 09 15 10 11 13 14 14 16 12 17 15 15 13 13 14 18 16 16 17 15 19 20 13 14 18 16 17 17 15 19 20 20 18 18 16 21 17 19 19 20 22 23 18 21 21 21 21 19 20 22 23 23 24 24 24 24 25 22 22 23 26 27 24 25 25 25 25 22 23 26 27 27 28 29 29 29 29 26 26 27 30 28 28 31 29 32 33 26 27 30 28 34 31 31 32 33 33 30 30 28 34 31 32 32 33 35 36 30 34 34 31 37 32 33 35 36 36 38 34 39 37 37 35 35 36 40 38 38 39 37 41 42 35 36 40 38 39 39 37 41 42 42 40 40 38 43 39 41 41 42 44 45 40 46 43 43 47 41 42 44 45 45 46 43 48 47 47 44 44 45 46 46 43 48 47 49 50 44 45 51 46 48 48 47 49 50 51 51 51 51 52 48 49 49 50 50 53 52 52 52 52 54 49 50 53 53 53 53 54 54 54 54 
9x45
01 01 01 01 02 03 03 03 03 04 01 05 02 02 02 02 03 06 04 04 05 07 08 08 08 08 06 04 05 05 07 07 09 08 06 06 04 10 05 07 09 09 09 09 06 10 10 11 07 12 12 12 12 13 14 10 11 11 15 16 12 13 13 14 10 11 15 15 16 16 17 13 14 14 11 18 15 16 17 17 13 14 19 18 18 15 16 20 17 21 19 19 22 18 23 20 20 17 21 24 19 22 18 23 23 20 21 21 24 19 22 22 23 25 20 26 21 24 24 22 27 23 25 25 26 26 24 27 27 27 27 25 28 26 29 30 31 31 31 31 25 28 26 29 30 30 32 31 33 28 28 29 29 30 34 32 32 33 35 28 36 29 30 34 32 33 33 35 35 36 36 34 34 32 37 33 35 38 36 39 40 34 37 37 41 35 38 36 39 40 40 42 37 41 38 38 39 39 40 43 42 37 41 41 38 44 39 40 43 42 42 41 44 44 44 44 43 43 42 45 46 47 47 47 47 48 43 45 45 46 46 49 47 50 48 48 51 45 46 49 49 50 50 48 52 51 45 46 53 49 54 50 48 52 51 51 55 53 49 54 50 52 52 51 55 55 53 53 54 54 56 52 57 58 55 53 59 54 60 56 56 57 58 55 61 59 59 60 56 57 57 58 58 61 59 60 60 56 62 57 58 61 61 59 63 60 62 62 62 62 64 61 65 63 63 66 66 66 66 64 65 65 63 67 68 66 69 64 64 70 65 63 67 68 68 69 69 64 70 65 67 67 68 71 69 72 73 70 70 74 67 68 71 69 72 73 70 75 74 74 71 71 72 72 73 73 75 74 76 77 71 78 72 73 75 75 74 76 77 78 78 78 78 79 75 76 76 77 77 80 79 79 79 79 81 76 77 80 80 80 80 81 81 81 81 
9x55
01 01 01 01 02 02 02 02 03 04 01 05 05 05 05 02 03 03 04 04 06 05 07 07 07 07 03 04 08 06 06 09 10 07 11 03 04 08 06 09 09 10 10 11 11 08 08 06 12 09 10 13 11 14 15 08 12 12 09 10 13 11 14 15 15 16 12 17 13 13 14 14 15 18 16 12 17 17 13 19 14 15 18 16 16 17 19 19 19 19 18 18 16 20 17 21 21 21 21 22 18 20 20 20 20 23 21 24 22 25 25 25 25 26 23 23 24 22 22 27 25 26 26 23 24 24 22 27 27 27 27 26 23 28 24 29 30 30 30 30 26 31 28 28 29 29 30 32 33 31 31 28 34 29 35 32 32 33 33 31 28 34 29 35 35 32 33 36 31 34 34 37 35 38 32 33 36 36 39 34 37 35 38 38 40 36 41 39 39 37 37 38 40 40 36 41 39 42 37 43 38 44 40 41 41 39 42 43 43 44 44 40 45 41 42 42 46 43 47 44 45 45 45 45 42 46 43 47 44 48 48 48 48 49 46 46 47 47 50 48 51 49 49 46 52 47 53 50 50 51 54 49 52 52 53 53 50 51 51 54 49 55 52 56 53 50 57 51 54 54 55 52 56 53 58 57 57 54 59 55 55 56 56 58 57 60 59 59 55 61 56 58 58 57 60 62 59 61 61 61 61 58 60 60 62 59 63 63 63 63 64 65 60 62 62 66 63 67 64 64 65 65 62 68 66 66 67 67 64 65 69 68 68 66 70 67 71 64 65 69 72 68 66 70 67 71 73 69 69 72 68 70 70 71 71 73 73 69 72 72 74 70 75 71 73 76 77 72 78 74 74 75 75 73 76 77 77 78 74 79 75 80 76 76 77 78 78 74 79 75 80 80 76 77 81 78 79 79 82 80 83 81 81 81 81 84 79 82 80 83 85 85 85 85 84 82 82 86 83 83 87 85 88 84 84 82 86 83 87 87 88 88 84 89 86 86 90 91 87 92 88 89 89 93 86 90 91 87 92 88 94 89 93 90 90 91 91 92 92 94 89 93 93 90 91 95 92 96 94 94 93 97 95 95 95 95 96 94 98 97 97 97 97 99 96 96 98 98 98 98 99 99 99 99 96 

10x14
01 01 01 01 02 03 03 03 03 04 05 01 02 02 02 02 06 03 04 04 05 07 07 07 07 08 06 06 09 04 05 05 10 07 08 08 06 09 09 04 05 10 10 10 10 08 06 11 09 12 13 13 13 13 14 08 11 11 09 12 15 13 16 14 14 14 14 11 12 12 15 15 16 17 17 17 17 11 18 12 15 19 16 16 20 17 18 18 18 18 15 19 16 21 20 22 22 22 22 23 24 19 19 21 20 20 25 22 23 23 24 19 21 21 20 25 25 25 25 23 24 24 26 21 27 27 27 27 28 23 24 26 26 26 26 27 28 28 28 28 
10x16
01 01 01 01 02 03 03 03 03 04 05 01 02 02 02 02 03 06 04 04 05 05 07 08 08 08 08 06 06 04 05 07 07 07 07 08 09 06 10 04 05 11 12 12 12 12 09 06 10 10 11 11 11 11 12 09 09 13 10 14 15 15 15 15 16 17 09 13 10 14 18 15 19 16 16 17 13 13 14 14 18 18 19 19 16 17 17 13 20 14 18 21 19 22 16 17 20 20 20 20 18 21 19 22 22 23 24 24 24 24 21 21 25 22 23 23 23 23 24 26 27 21 25 22 28 29 29 29 29 26 27 25 25 28 28 28 28 29 26 26 27 27 25 30 31 31 31 31 32 26 27 30 30 30 30 31 32 32 32 32 
10x23
01 02 02 02 02 03 03 03 03 04 01 01 05 02 06 07 03 08 04 04 01 09 05 05 06 07 07 08 10 04 01 09 05 06 06 07 08 08 10 04 09 09 05 11 06 07 12 08 10 10 13 09 11 11 12 12 12 12 10 14 13 13 15 11 16 17 17 17 17 14 13 18 15 11 16 16 19 17 14 14 13 18 15 15 16 19 19 19 19 14 18 18 15 20 16 21 21 21 21 22 23 18 20 20 20 20 24 21 22 22 23 25 25 25 25 24 24 24 24 22 23 23 26 25 27 27 27 27 28 22 23 26 26 26 26 29 27 30 28 28 31 32 32 32 32 29 30 30 28 33 31 31 34 32 29 29 35 30 28 33 31 34 34 34 34 29 35 30 33 33 31 36 37 37 37 37 35 35 38 33 36 36 39 37 40 41 35 42 38 38 43 36 39 39 40 41 41 42 38 44 43 36 39 40 40 41 42 42 38 44 43 43 39 45 40 41 46 42 44 44 43 45 45 45 45 46 46 46 46 44 
10x27
01 01 01 01 02 03 03 03 03 04 05 01 02 02 02 02 03 06 04 04 05 05 07 08 08 08 08 06 06 04 05 07 07 07 07 08 09 06 10 04 05 11 12 12 12 12 09 06 10 10 11 11 13 12 14 15 09 09 10 16 17 11 13 13 14 15 09 18 10 16 17 11 13 14 14 15 15 18 16 16 17 17 13 19 14 15 18 18 20 16 17 21 19 19 19 19 22 18 20 20 21 21 21 21 22 22 22 22 20 23 24 24 24 24 25 25 25 25 20 23 26 24 27 27 27 27 25 28 23 23 26 26 29 27 30 28 28 28 28 23 26 31 29 29 30 32 32 32 32 33 26 31 29 34 30 30 35 32 33 33 31 31 29 34 30 36 35 35 37 33 38 31 39 34 34 36 35 40 37 33 38 38 39 34 36 36 35 40 37 37 38 41 39 39 42 36 40 40 37 43 38 41 39 42 42 42 42 40 43 43 41 41 44 45 46 46 46 46 47 43 48 41 44 45 45 49 46 47 47 43 48 44 44 45 49 49 49 49 47 50 48 48 44 45 51 51 51 51 47 50 48 52 53 53 53 53 51 54 50 50 52 52 52 52 53 54 54 54 54 50 

11x20
01 01 01 01 02 03 04 04 04 04 05 06 01 07 02 02 03 03 04 08 05 05 06 06 07 07 02 03 09 08 08 10 05 06 11 07 12 02 03 09 13 08 10 05 06 11 07 12 12 09 09 13 08 10 10 11 11 14 12 15 16 09 13 13 10 17 18 11 14 12 15 16 16 13 19 17 17 18 14 14 15 15 16 20 19 19 21 17 18 18 14 22 15 16 20 23 19 21 17 18 24 22 22 25 20 20 23 19 21 21 24 24 26 22 25 25 20 23 23 21 27 28 24 26 22 25 29 30 23 31 27 27 28 24 26 26 25 29 30 30 31 31 27 28 28 26 32 29 29 30 33 31 34 27 28 35 32 32 36 29 30 33 31 34 34 35 35 37 32 36 36 33 33 38 34 39 40 35 37 32 36 41 42 33 38 34 39 40 35 37 37 36 41 42 38 38 39 39 40 40 37 43 41 41 42 42 38 44 39 40 43 43 43 43 41 42 44 44 44 44 
11x30
01 02 02 02 02 03 04 04 04 04 05 01 01 06 02 07 03 03 08 04 05 05 01 09 06 06 07 03 10 08 08 11 05 01 09 06 07 07 03 10 08 11 11 05 09 09 06 12 07 10 10 08 13 11 14 15 09 16 12 12 17 10 13 13 11 14 15 15 16 12 17 17 17 17 13 14 14 15 16 16 12 18 18 18 18 13 19 14 15 20 16 21 22 18 23 19 19 19 19 20 20 21 21 22 22 23 24 24 24 24 25 20 26 21 22 23 23 27 28 24 29 25 20 26 21 22 30 23 27 28 28 29 25 25 26 26 31 30 27 27 28 29 29 25 32 26 31 31 30 30 27 28 33 29 32 32 32 32 31 30 34 33 33 33 33 35 35 35 35 31 36 34 37 37 37 37 38 35 39 40 36 36 34 34 41 37 42 38 38 39 40 40 36 34 41 41 42 42 38 39 39 40 43 36 44 45 41 46 42 38 47 39 40 43 43 44 45 41 46 42 47 47 47 47 43 44 44 45 45 46 46 48 48 48 48 43 49 44 45 50 46 51 52 48 53 49 49 49 49 54 50 50 51 52 52 53 55 55 55 55 54 50 51 51 52 56 53 53 57 55 54 54 50 58 51 52 56 53 59 57 57 60 54 61 58 58 62 56 56 59 57 63 60 60 61 58 64 62 56 59 59 57 63 60 61 61 58 64 62 62 65 59 63 63 60 66 61 64 64 62 65 65 65 65 63 66 66 66 66 64 
11x35
01 02 02 02 02 03 04 04 04 04 05 01 01 06 02 07 03 03 04 08 05 05 01 09 06 06 07 03 10 08 08 11 05 01 09 06 07 07 03 10 10 08 11 05 09 09 06 12 07 13 10 14 08 11 11 15 09 16 12 12 13 10 14 14 11 17 15 15 16 12 13 13 18 14 19 17 17 15 16 16 12 20 13 18 14 19 21 17 15 22 16 23 20 18 18 19 19 21 17 22 22 23 23 20 20 18 24 19 21 21 25 22 26 23 20 24 24 24 24 21 27 25 22 26 23 28 28 28 28 29 27 27 25 25 26 26 30 31 28 32 29 29 27 25 33 26 30 30 31 31 32 29 34 27 33 33 33 33 30 31 32 32 29 34 34 35 35 35 35 30 31 36 32 37 34 38 39 35 40 41 36 36 36 36 37 34 38 39 39 40 41 41 42 43 37 37 38 38 39 40 40 41 42 42 43 43 37 44 38 39 45 40 41 46 42 43 44 44 44 44 45 45 47 46 46 42 43 48 48 48 48 49 45 47 47 46 50 50 50 50 48 51 49 45 47 52 46 53 54 50 55 51 51 49 49 47 52 53 53 54 54 55 56 51 49 57 52 52 58 53 54 55 55 56 51 57 57 59 52 58 53 54 60 55 56 56 61 57 59 58 58 60 60 60 60 56 62 61 57 59 59 58 63 64 64 64 64 62 61 61 59 63 63 63 63 65 64 62 62 61 66 67 67 67 67 68 65 65 69 62 66 66 70 67 71 68 68 65 72 69 69 73 66 70 70 71 74 68 65 72 69 75 73 66 70 71 71 74 68 72 72 69 75 73 73 70 76 71 74 74 77 72 75 75 73 76 76 76 76 74 77 77 77 77 75 
11x45
01 02 02 02 02 03 04 04 04 04 05 01 01 06 02 07 03 03 08 04 05 05 01 09 06 06 07 03 10 08 08 11 05 01 09 06 07 07 03 10 08 11 11 05 09 09 06 12 07 10 10 08 13 11 14 15 09 16 12 12 17 10 13 13 11 14 15 15 16 12 18 17 17 19 13 14 14 15 16 16 12 18 17 19 19 13 20 14 15 21 16 18 18 17 22 19 23 20 20 21 21 21 21 18 22 22 19 23 20 24 25 25 25 25 26 27 22 23 23 20 24 28 25 29 26 26 27 22 30 23 24 24 28 28 29 29 26 27 27 30 30 31 24 28 32 29 33 26 27 34 30 35 31 31 28 32 29 33 36 34 34 30 35 31 37 32 32 33 33 36 36 34 35 35 31 37 38 32 39 33 36 40 34 41 35 37 37 38 38 39 39 36 40 41 41 41 41 37 38 42 39 43 40 40 44 44 44 44 45 38 42 39 43 43 40 46 47 44 45 45 42 42 48 43 49 46 46 47 47 50 45 51 42 48 43 49 49 46 47 50 50 45 51 48 48 52 49 53 46 47 54 50 55 51 51 48 52 49 53 56 54 54 50 55 51 57 52 52 53 53 56 56 54 55 55 57 57 58 52 59 53 56 60 54 61 55 62 57 58 58 59 63 56 60 60 61 61 62 57 58 59 59 63 63 60 64 61 65 62 62 58 66 59 63 67 60 64 61 65 62 68 66 66 69 63 67 64 64 65 65 68 68 70 66 69 69 67 67 64 71 65 72 68 70 66 69 73 67 71 71 71 71 72 68 70 70 69 73 74 74 74 74 75 72 72 70 76 73 73 77 74 78 75 75 72 76 76 76 76 73 77 78 78 79 75 80 80 80 80 81 77 77 82 78 79 75 83 80 84 81 81 85 77 82 78 79 79 83 83 84 86 81 85 82 82 87 79 88 83 84 84 86 81 85 85 82 87 88 88 83 89 84 86 86 85 90 87 87 91 88 89 89 92 86 93 90 90 94 87 91 88 95 89 92 92 93 96 90 94 91 91 97 95 89 92 93 93 96 90 94 94 91 97 95 95 92 98 93 96 96 94 99 97 97 95 98 98 98 98 96 99 99 99 99 97 

12x50
01 02 02 02 02 03 04 05 05 05 05 06 01 01 07 02 03 03 04 04 05 08 06 06 01 09 07 07 10 03 04 11 08 08 12 06 01 09 07 10 10 03 04 11 11 08 12 06 09 09 07 13 10 14 15 11 16 08 12 12 17 09 13 13 10 14 15 11 16 16 12 18 17 17 19 13 14 14 15 15 16 20 18 18 17 21 19 13 22 14 15 23 16 20 24 18 17 21 19 19 22 22 25 23 20 20 24 18 21 21 19 26 22 25 25 23 23 20 24 24 27 21 26 26 22 28 25 23 29 30 24 31 27 27 32 26 28 28 25 29 29 30 30 31 27 33 32 26 34 28 35 36 29 30 31 31 27 33 32 32 34 28 35 36 29 30 37 31 33 33 32 34 34 35 35 36 36 38 37 37 39 33 40 41 34 42 35 36 38 38 37 43 39 39 40 41 41 42 42 44 45 38 37 43 39 40 40 41 46 42 44 44 45 38 43 43 39 47 40 41 46 42 48 44 45 45 49 43 47 47 47 47 46 46 48 44 45 50 49 49 51 51 51 51 46 48 48 52 50 50 49 53 54 51 55 55 55 55 48 52 56 50 49 53 54 54 57 55 58 59 52 52 56 50 53 53 54 60 57 57 58 59 59 52 56 56 61 53 54 60 57 58 58 59 62 63 56 64 61 61 60 60 57 65 58 59 62 63 63 64 61 66 67 60 65 65 68 62 62 63 64 64 61 66 67 67 69 65 68 68 62 63 70 64 66 66 67 71 69 65 68 72 70 70 70 70 73 66 67 71 69 69 68 72 72 74 73 73 73 73 71 71 69 75 76 72 74 74 77 77 77 77 78 71 75 75 76 72 79 74 80 81 77 82 78 78 83 75 76 76 79 74 80 81 81 82 78 84 83 75 76 79 79 80 80 81 82 82 78 84 83 83 85 86 79 87 80 81 88 82 84 84 83 85 85 86 86 87 87 89 88 88 90 84 91 92 85 86 93 87 89 89 88 94 90 90 91 92 85 86 93 87 95 89 88 94 90 91 91 92 92 96 93 93 95 89 94 94 90 97 91 92 98 96 93 99 95 95 100 94 97 97 101 98 98 96 96 99 95 102 100 100 103 97 101 101 98 96 99 99 102 102 100 104 103 97 101 105 98 106 107 99 108 102 100 104 103 103 101 105 106 106 107 107 108 102 104 104 103 109 105 105 110 106 107 111 108 108 112 104 109 109 113 105 110 106 107 111 108 114 112 112 115 109 113 110 110 116 117 111 111 114 112 118 115 109 113 113 110 116 117 111 114 114 112 118 115 115 113 119 116 116 117 117 120 114 118 118 115 119 119 119 119 116 117 120 120 120 120 118 
12x55
01 02 02 02 02 03 04 05 05 05 05 06 01 01 07 02 03 03 04 04 08 05 06 06 01 09 07 07 10 03 04 11 08 08 12 06 01 09 07 10 10 03 04 11 08 12 12 06 09 09 07 13 10 14 11 11 08 15 12 16 17 09 13 13 10 14 18 11 15 15 12 16 17 17 19 13 14 14 18 18 20 15 16 16 17 21 19 13 22 14 18 20 20 15 23 16 17 21 19 19 22 22 18 24 20 25 23 23 21 21 19 26 22 27 24 24 20 25 23 28 29 21 30 26 22 27 27 24 25 25 23 28 29 29 30 26 26 27 31 24 32 25 28 28 29 30 30 26 33 27 31 32 32 32 32 28 29 34 30 33 33 31 31 35 35 35 35 36 34 34 34 34 33 37 31 38 35 39 36 36 40 40 40 40 33 37 38 38 39 39 41 36 42 40 43 44 37 37 45 38 46 39 41 36 42 42 43 44 44 37 45 38 46 39 41 41 42 43 43 44 47 45 45 46 46 48 41 49 42 50 43 44 47 47 45 51 46 48 48 49 50 50 50 50 47 51 51 51 51 48 49 49 52 52 52 52 47 53 53 53 53 48 54 49 55 52 56 57 57 57 57 53 54 54 54 54 55 55 56 56 58 57 59 60 61 61 61 61 55 62 56 63 58 58 59 60 60 64 61 65 55 62 56 63 58 59 59 60 64 64 65 65 62 62 63 63 58 66 59 60 67 64 68 65 69 62 70 63 66 66 66 66 67 64 68 65 69 69 70 71 71 71 71 72 67 67 68 68 69 73 70 70 74 71 75 72 67 76 68 77 69 73 70 78 74 74 75 72 72 76 77 77 79 73 73 78 74 75 75 72 76 76 80 77 79 73 78 78 74 81 75 82 83 76 80 77 79 79 84 78 81 81 82 82 83 80 80 85 79 84 84 84 84 81 86 82 83 83 80 85 87 87 87 87 88 81 86 82 83 89 85 85 90 87 91 88 88 86 86 89 89 89 89 85 90 90 91 91 88 92 86 93 93 93 93 94 90 95 91 96 88 92 92 97 93 98 94 94 90 95 91 96 96 92 97 97 98 98 99 94 95 95 100 96 101 92 102 97 103 98 99 94 104 95 100 96 101 101 102 97 103 98 99 99 104 100 100 105 101 106 102 102 103 103 99 107 104 104 100 105 101 106 102 108 103 109 107 107 104 110 105 105 111 106 106 108 109 109 112 107 110 110 113 105 111 106 108 108 114 109 112 107 115 110 113 113 111 111 116 108 114 109 112 112 115 110 113 117 111 118 116 114 114 119 112 120 115 115 113 117 118 118 116 116 114 119 120 120 115 121 117 117 122 118 116 123 119 119 124 120 121 121 125 117 122 118 123 123 126 119 124 120 127 121 125 122 122 128 129 123 126 124 124 130 127 121 125 125 122 128 129 123 126 126 124 130 127 127 125 131 128 128 129 129 126 132 130 130 127 131 131 131 131 128 129 132 132 132 132 130 
12x60
01 02 02 02 02 03 04 05 05 05 05 06 01 01 07 02 03 03 04 04 08 05 06 06 01 09 07 07 10 03 04 11 08 08 12 06 01 09 07 10 10 03 04 11 08 12 12 06 09 09 07 13 10 14 11 11 08 15 12 16 17 09 13 13 10 14 18 11 15 15 12 16 17 17 19 13 14 14 18 18 20 15 16 16 17 19 19 13 21 14 18 20 20 15 22 16 17 23 19 24 21 21 18 25 20 26 22 22 23 23 19 24 21 27 25 25 20 26 22 28 29 23 24 24 21 27 27 25 26 26 22 28 29 23 30 24 31 27 32 25 33 26 28 28 29 29 30 30 31 27 32 32 33 33 34 28 29 35 30 36 31 31 32 37 33 38 34 34 35 35 30 36 31 39 32 37 33 38 34 40 41 35 42 36 36 39 37 37 38 38 34 40 41 35 42 36 43 39 39 37 44 38 40 40 41 41 42 42 43 39 45 44 44 44 44 40 41 46 42 43 43 45 45 47 47 47 47 48 46 46 46 46 43 49 45 50 51 47 48 48 52 53 53 53 53 49 45 50 51 51 54 48 52 52 53 55 49 49 50 50 51 54 54 48 52 56 55 55 57 49 58 50 51 59 54 60 52 56 56 55 57 57 58 61 59 59 54 60 62 56 63 55 57 58 58 61 61 59 60 60 62 56 63 63 57 64 58 61 65 59 66 60 62 62 63 64 64 64 64 61 65 65 66 66 62 67 63 68 69 69 69 69 65 70 66 71 67 67 68 68 72 69 73 74 65 70 66 71 75 67 76 68 72 72 73 74 70 70 71 71 75 67 76 68 72 73 73 74 74 70 77 71 75 75 76 76 72 78 73 74 77 77 77 77 75 79 76 78 78 78 78 80 81 81 81 81 79 79 79 79 82 80 80 80 80 83 81 84 85 85 85 85 82 86 86 86 86 83 83 84 87 85 88 89 82 82 90 86 91 83 84 84 87 87 88 89 82 90 90 91 91 83 92 84 87 88 88 89 89 93 90 94 91 95 92 92 87 96 88 89 93 93 90 94 91 95 92 97 96 96 96 96 98 93 94 94 95 95 92 97 99 99 99 99 98 93 100 94 101 95 97 97 102 99 103 98 98 104 100 100 101 101 105 97 102 102 103 103 98 104 100 106 101 107 105 105 102 108 103 109 104 104 100 106 101 107 105 110 102 108 103 109 111 104 106 106 107 107 105 110 108 108 109 109 111 111 112 106 113 107 110 110 114 108 115 109 111 112 112 113 113 113 113 110 114 114 115 116 111 117 112 118 118 118 118 119 114 115 115 116 116 117 112 120 118 121 119 119 114 122 115 116 123 117 117 120 121 121 124 119 122 122 125 116 123 117 120 120 126 121 124 119 127 122 125 125 123 123 128 120 126 121 124 124 127 122 125 129 123 130 128 126 126 131 124 132 127 127 125 129 130 130 128 128 126 131 132 132 127 133 129 129 134 130 128 135 131 131 136 132 133 133 137 129 134 130 135 135 138 131 136 132 139 133 137 134 134 140 141 135 138 136 136 142 139 133 137 137 134 140 141 135 138 138 136 142 139 139 137 143 140 140 141 141 138 144 142 142 139 143 143 143 143 140 141 144 144 144 144 142 
12x65
01 02 02 02 02 03 04 05 05 05 05 06 01 01 07 02 03 03 04 04 08 05 06 06 01 09 07 07 10 03 04 11 08 08 12 06 01 09 07 10 10 03 04 11 08 12 12 06 09 09 07 13 10 14 11 11 08 15 12 16 17 09 13 13 10 14 18 11 15 15 12 16 17 17 19 13 14 14 18 18 20 15 16 16 17 19 19 13 21 14 18 20 20 15 22 16 17 23 19 24 21 21 18 25 20 26 22 22 23 23 19 24 21 27 25 25 20 26 22 28 29 23 24 24 21 27 27 25 26 26 22 28 29 23 30 24 31 27 32 25 33 26 28 28 29 29 30 30 31 27 32 32 33 33 34 28 29 35 30 36 31 31 32 37 33 38 34 34 35 35 30 36 31 39 32 37 33 38 34 40 41 35 36 36 42 39 37 37 38 38 34 40 41 35 43 36 42 39 39 37 44 38 40 40 41 41 43 42 42 39 44 44 44 44 45 40 41 46 43 43 42 47 48 48 48 48 45 45 46 46 43 47 47 47 47 49 48 50 45 51 52 46 53 54 54 54 54 49 50 50 45 51 52 46 53 53 55 54 49 49 56 50 51 51 52 52 53 55 55 55 55 49 56 50 57 51 52 58 53 59 59 59 59 60 56 56 57 57 58 58 58 58 61 59 62 60 56 63 57 64 65 65 65 65 61 61 62 60 60 63 57 64 66 65 67 68 61 62 62 60 63 63 64 64 66 66 67 68 61 69 62 70 71 63 72 64 66 67 67 68 68 69 70 70 71 71 72 72 66 73 67 68 69 69 74 70 71 75 72 76 73 73 73 73 77 69 74 70 71 75 72 76 78 78 78 78 77 74 74 79 75 75 76 76 80 78 81 77 77 82 74 79 79 75 83 76 80 80 81 81 77 82 82 79 83 83 83 83 80 84 81 85 86 82 87 79 88 88 88 88 80 84 81 85 86 82 87 87 89 90 88 91 84 84 85 85 86 86 87 89 89 90 90 91 92 84 93 85 86 94 87 95 89 90 91 91 92 92 93 93 96 94 94 95 89 90 97 91 92 98 93 96 96 94 95 95 97 97 97 97 92 98 93 99 96 94 100 95 101 101 101 101 98 98 99 99 96 100 100 100 100 102 101 103 104 98 105 99 106 107 107 107 107 102 103 103 104 104 105 99 106 106 108 107 102 102 109 103 104 110 105 105 106 108 108 108 108 102 109 103 104 110 105 111 106 112 112 112 112 113 109 109 110 110 111 111 111 111 112 114 113 113 109 115 116 110 117 117 117 117 118 114 114 113 115 115 116 116 119 117 120 118 118 114 121 113 122 115 116 123 119 119 120 120 118 114 121 121 122 115 116 123 119 124 120 125 118 126 121 127 122 122 123 123 119 124 120 125 126 126 121 127 122 128 129 123 124 124 125 125 130 126 127 127 128 128 129 129 131 124 132 125 130 126 133 127 134 128 129 135 131 131 132 130 130 136 133 133 134 128 129 135 131 137 132 132 130 136 133 138 134 134 135 135 131 137 132 139 136 136 133 138 134 140 141 135 142 137 137 139 143 136 144 138 138 140 141 141 142 137 139 139 143 143 144 138 140 140 141 145 142 142 146 139 143 147 144 144 148 140 141 145 142 149 146 146 143 147 144 150 148 148 151 145 145 149 146 152 153 147 147 150 148 154 151 145 149 149 146 152 153 147 150 150 148 154 151 151 155 149 152 152 153 153 156 150 154 154 151 155 155 155 155 152 153 156 156 156 156 154 
12x70
01 02 02 02 02 03 04 05 05 05 05 06 01 01 07 02 03 03 04 04 08 05 06 06 01 09 07 07 10 03 04 11 08 08 12 06 01 09 07 10 10 03 04 11 08 12 12 06 09 09 07 13 10 14 11 11 08 15 12 16 17 09 13 13 10 14 18 11 15 15 12 16 17 17 19 13 14 14 18 18 20 15 16 16 17 19 19 13 21 14 18 20 20 15 22 16 17 23 19 24 21 21 18 25 20 26 22 22 23 23 19 24 21 27 25 25 20 26 22 28 29 23 24 24 21 27 27 25 26 26 22 28 29 23 30 24 31 27 32 25 33 26 28 28 29 29 30 30 31 27 32 32 33 33 34 28 29 35 30 36 31 31 32 37 33 38 34 34 35 35 30 36 31 39 32 37 33 38 34 40 41 35 36 36 42 39 37 37 38 38 34 40 41 35 43 36 42 39 39 37 44 38 40 40 41 41 43 42 42 39 44 44 44 44 45 40 41 46 43 43 42 47 48 48 48 48 45 45 46 46 43 47 47 47 47 49 48 50 45 51 52 46 53 54 54 54 54 49 50 50 45 51 52 46 53 53 55 54 49 49 56 50 51 51 52 52 53 55 55 55 55 49 56 50 57 51 52 58 53 59 59 59 59 60 56 56 57 57 58 58 58 58 61 59 62 60 56 63 57 64 65 65 65 65 61 61 62 60 60 63 57 64 66 65 67 68 61 62 62 60 63 63 64 64 66 66 67 68 61 69 62 70 71 63 72 64 66 67 67 68 68 69 70 70 71 71 72 72 66 73 67 68 69 69 74 70 71 75 72 76 73 73 73 73 77 69 74 70 71 75 72 76 78 78 78 78 77 74 74 79 75 75 76 76 80 78 81 77 77 82 74 79 79 75 83 76 80 80 81 81 77 82 82 79 83 83 83 83 80 84 81 85 86 82 87 79 88 88 88 88 80 84 81 85 86 82 87 87 89 90 88 91 84 84 85 85 86 86 87 89 89 90 90 91 92 84 93 85 86 94 87 95 89 90 91 91 92 92 93 93 96 94 94 95 89 90 97 91 92 98 93 96 96 94 95 95 97 97 97 97 92 98 93 99 96 94 100 95 101 101 101 101 98 98 99 99 96 100 100 100 100 102 101 103 104 98 105 99 106 107 107 107 107 102 103 103 104 104 105 99 106 106 108 107 102 102 109 103 104 110 105 105 106 111 108 108 112 102 109 103 104 110 105 113 106 111 108 114 112 112 109 109 110 110 113 113 111 111 108 114 112 115 109 116 117 110 118 113 119 111 114 114 112 115 116 116 117 117 118 113 119 119 120 114 115 115 121 116 117 122 118 118 119 120 120 120 120 115 121 116 117 122 118 123 119 124 124 124 124 125 121 121 122 122 123 123 123 123 124 126 125 125 121 127 128 122 129 129 129 129 130 126 126 125 127 127 128 128 131 129 132 130 130 126 133 125 134 127 128 135 131 131 132 132 130 126 133 133 134 127 128 135 131 136 132 137 130 138 133 139 134 134 135 135 131 136 132 137 138 138 133 139 134 140 141 135 136 136 137 137 142 138 139 139 140 140 141 141 143 136 144 137 142 138 145 139 146 140 141 147 143 143 144 142 142 148 145 145 146 140 141 147 143 149 144 144 142 148 145 150 146 146 147 147 143 149 144 151 148 148 145 150 146 152 153 147 154 149 149 151 155 148 156 150 150 152 153 153 154 149 151 151 155 155 156 150 152 152 153 157 154 154 158 151 155 159 156 156 160 152 153 157 154 161 158 158 155 159 156 162 160 160 163 157 157 161 158 164 165 159 159 162 160 166 163 157 161 161 158 164 165 159 162 162 160 166 163 163 167 161 164 164 165 165 168 162 166 166 163 167 167 167 167 164 165 168 168 168 168 166 
12x75
01 02 02 02 02 03 04 05 05 05 05 06 01 01 07 02 03 03 04 04 08 05 06 06 01 09 07 07 10 03 04 11 08 08 12 06 01 09 07 10 10 03 04 11 08 12 12 06 09 09 07 13 10 14 11 11 08 15 12 16 17 09 13 13 10 14 18 11 15 15 12 16 17 17 19 13 14 14 18 18 20 15 16 16 17 19 19 13 21 14 18 20 20 15 22 16 17 23 19 24 21 21 18 25 20 26 22 22 23 23 19 24 21 27 25 25 20 26 22 28 29 23 24 24 21 27 27 25 26 26 22 28 29 23 30 24 31 27 32 25 33 26 28 28 29 29 30 30 31 27 32 32 33 33 34 28 29 35 30 36 31 31 32 37 33 38 34 34 35 35 30 36 31 39 32 37 33 38 34 40 41 35 36 36 42 39 37 37 38 38 34 40 41 35 43 36 42 39 39 37 44 38 40 40 41 41 43 42 42 39 44 44 44 44 45 40 41 46 43 43 42 47 48 48 48 48 45 45 46 46 43 47 47 47 47 49 48 50 45 51 52 46 53 53 53 53 54 49 49 50 45 51 52 46 55 53 56 54 54 49 50 50 51 51 52 52 55 55 56 56 54 49 57 50 58 51 52 59 55 60 56 61 54 62 57 57 58 58 59 59 55 60 56 61 62 62 57 63 58 64 65 59 60 60 61 61 66 62 57 63 58 64 65 59 67 60 68 61 66 62 63 63 64 64 65 65 67 67 68 66 66 69 70 63 71 64 65 72 67 73 68 68 66 69 70 70 71 71 72 72 67 73 68 74 69 69 70 75 71 76 77 72 78 73 73 74 74 69 70 75 71 76 77 72 78 73 79 74 80 81 75 75 76 76 77 77 78 78 79 74 80 81 81 75 82 76 77 83 78 79 79 80 80 81 82 82 82 82 83 83 83 83 79 84 80 81 85 85 85 85 86 86 86 86 84 84 84 84 87 88 85 89 90 86 91 92 93 93 93 93 87 88 88 89 90 90 91 92 92 94 93 87 87 88 89 89 90 91 91 92 94 94 94 94 87 88 95 89 90 96 91 92 97 97 97 97 95 95 95 95 96 96 96 96 98 99 97 100 101 101 101 101 102 102 102 102 98 99 99 100 100 103 101 104 105 102 106 98 98 99 107 100 103 103 104 104 105 105 106 106 98 99 107 100 108 103 109 104 105 110 106 111 112 107 107 108 108 103 109 104 105 110 106 111 112 112 107 113 108 114 109 109 110 110 111 111 112 115 113 113 108 114 109 116 117 110 118 111 112 115 115 113 114 114 116 116 117 117 118 118 119 115 120 113 121 114 122 116 117 123 118 119 119 115 120 120 121 121 122 116 117 123 118 124 119 125 120 126 121 127 122 122 123 123 124 124 119 125 120 126 121 127 122 128 129 123 130 124 131 125 125 126 126 127 127 128 129 129 130 124 131 125 132 126 133 127 128 128 129 134 130 130 131 131 132 133 133 133 133 128 129 134 130 135 131 132 132 136 137 137 137 137 134 134 135 135 135 135 132 136 136 138 137 139 140 134 141 141 141 141 142 136 138 138 139 139 140 140 143 141 144 142 142 136 145 138 146 139 140 147 143 143 144 144 142 145 145 138 146 139 140 147 143 148 144 149 142 150 145 151 146 146 147 147 143 148 144 149 150 150 145 151 146 152 153 147 148 148 149 149 154 150 151 151 152 152 153 153 155 148 156 149 154 150 157 151 158 152 153 159 155 155 156 154 154 160 157 157 158 152 153 159 155 161 156 156 154 160 157 162 158 158 159 159 155 161 156 163 160 160 157 162 158 164 165 159 166 161 161 163 167 160 168 162 162 164 165 165 166 161 163 163 167 167 168 162 164 164 165 169 166 166 170 163 167 171 168 168 172 164 165 169 166 173 170 170 167 171 168 174 172 172 175 169 169 173 170 176 177 171 171 174 172 178 175 169 173 173 170 176 177 171 174 174 172 178 175 175 179 173 176 176 177 177 180 174 178 178 175 179 179 179 179 176 177 180 180 180 180 178 
12x80
01 02 02 02 02 03 04 05 05 05 05 06 01 01 07 02 03 03 04 04 08 05 06 06 01 09 07 07 10 03 04 11 08 08 12 06 01 09 07 10 10 03 04 11 08 12 12 06 09 09 07 13 10 14 11 11 08 15 12 16 17 09 13 13 10 14 18 11 15 15 12 16 17 17 19 13 14 14 18 18 20 15 16 16 17 19 19 13 21 14 18 20 20 15 22 16 17 23 19 24 21 21 18 25 20 26 22 22 23 23 19 24 21 27 25 25 20 26 22 28 29 23 24 24 21 27 27 25 26 26 22 28 29 23 30 24 31 27 32 25 33 26 28 28 29 29 30 30 31 27 32 32 33 33 34 28 29 35 30 36 31 31 32 37 33 38 34 34 35 35 30 36 31 39 32 37 33 38 34 40 41 35 36 36 42 39 37 37 38 38 34 40 41 35 43 36 42 39 39 37 44 38 40 40 41 41 43 42 42 39 44 44 44 44 45 40 41 46 43 43 42 47 48 48 48 48 45 45 46 46 43 47 47 47 47 49 48 50 45 51 52 46 53 53 53 53 54 49 49 50 45 51 52 46 55 53 56 54 54 49 50 50 51 51 52 52 55 55 56 56 54 49 57 50 58 51 52 59 55 60 56 61 54 62 57 57 58 58 59 59 55 60 56 61 62 62 57 63 58 64 65 59 60 60 61 61 66 62 57 63 58 64 65 59 67 60 68 61 66 62 63 63 64 64 65 65 67 67 68 66 66 69 70 63 71 64 65 72 67 73 68 68 66 69 70 70 71 71 72 72 67 73 68 74 69 69 70 75 71 76 77 72 78 73 73 74 74 69 70 75 71 76 77 72 78 73 79 74 80 81 75 75 76 76 77 77 78 78 79 74 80 81 81 75 82 76 77 83 78 79 79 80 80 81 82 82 82 82 83 83 83 83 79 84 80 81 85 85 85 85 86 86 86 86 84 84 84 84 87 88 85 89 90 86 91 91 91 91 92 87 87 88 88 89 90 90 93 91 92 92 92 92 87 88 89 89 90 94 93 95 95 95 95 96 87 88 97 89 90 94 93 93 95 96 96 96 96 98 97 97 94 94 93 99 99 99 99 100 98 98 97 101 102 94 103 104 99 100 100 100 100 98 97 101 102 102 103 104 105 105 105 105 106 98 101 101 102 103 103 104 104 105 106 106 106 106 107 101 102 108 103 104 109 109 109 109 107 107 107 107 108 108 108 108 110 111 109 112 113 113 113 113 114 114 114 114 110 111 111 112 112 115 113 116 117 114 118 110 110 111 119 112 120 115 115 116 117 117 118 118 110 111 119 112 120 115 116 116 117 121 118 122 123 119 119 120 120 115 124 116 117 121 118 122 123 123 119 125 120 126 124 124 121 121 122 122 123 127 125 125 126 126 124 128 129 121 130 122 123 127 127 125 131 126 124 128 129 129 130 130 132 127 133 125 131 126 128 128 129 134 130 132 132 127 133 133 131 131 135 128 129 134 130 136 132 137 133 138 131 139 135 135 134 134 136 136 132 137 133 138 138 139 135 140 141 134 142 136 143 137 137 138 139 139 135 140 141 141 142 136 143 137 144 138 145 139 140 140 141 146 142 142 143 143 144 145 145 145 145 140 141 146 142 147 143 144 144 148 149 149 149 149 146 146 147 147 147 147 144 148 148 150 149 151 152 146 153 153 153 153 154 148 155 150 150 151 152 152 156 153 157 154 154 148 155 150 151 151 152 158 156 156 157 157 154 155 155 150 159 151 152 158 156 160 157 161 154 162 155 163 159 159 158 158 156 160 157 161 162 162 163 163 159 164 165 158 160 160 161 161 166 162 167 163 159 164 165 165 168 160 169 161 166 162 167 163 164 164 165 170 168 168 169 166 166 171 167 167 172 164 165 170 168 173 169 169 166 171 167 174 172 172 170 170 168 173 169 175 171 171 174 174 172 176 177 170 178 173 173 175 179 171 180 174 172 176 177 177 178 173 175 175 179 179 180 174 176 176 177 181 178 178 182 175 179 183 180 180 184 176 177 181 178 185 182 182 179 183 180 186 184 184 187 181 181 185 182 188 189 183 183 186 184 190 187 181 185 185 182 188 189 183 186 186 184 190 187 187 191 185 188 188 189 189 192 186 190 190 187 191 191 191 191 188 189 192 192 192 192 190 
12x85
01 02 02 02 02 03 04 05 05 05 05 06 01 01 07 02 03 03 04 04 08 05 06 06 01 09 07 07 10 03 04 11 08 08 12 06 01 09 07 10 10 03 04 11 08 12 12 06 09 09 07 13 10 14 11 11 08 15 12 16 17 09 13 13 10 14 18 11 15 15 12 16 17 17 19 13 14 14 18 18 20 15 16 16 17 19 19 13 21 14 18 20 20 15 22 16 17 23 19 24 21 21 18 25 20 26 22 22 23 23 19 24 21 27 25 25 20 26 22 28 29 23 24 24 21 27 27 25 26 26 22 28 29 23 30 24 31 27 32 25 33 26 28 28 29 29 30 30 31 27 32 32 33 33 34 28 29 35 30 36 31 31 32 37 33 38 34 34 35 35 30 36 31 39 32 37 33 38 34 40 41 35 36 36 42 39 37 37 38 38 34 40 41 35 43 36 42 39 39 37 44 38 40 40 41 41 43 42 42 39 44 44 44 44 45 40 41 46 43 43 42 47 48 48 48 48 45 45 46 46 43 47 47 47 47 49 48 50 45 51 52 46 53 53 53 53 54 49 49 50 45 51 52 46 55 53 56 54 54 49 50 50 51 51 52 52 55 55 56 56 54 49 57 50 58 51 52 59 55 60 56 61 54 62 57 57 58 58 59 59 55 60 56 61 62 62 57 63 58 64 65 59 60 60 61 61 66 62 57 63 58 64 65 59 67 60 68 61 66 62 63 63 64 64 65 65 67 67 68 66 66 69 70 63 71 64 65 72 67 73 68 68 66 69 70 70 71 71 72 72 67 73 68 74 69 69 70 75 71 76 77 72 78 73 73 74 74 69 70 75 71 76 77 72 78 73 79 74 80 81 75 75 76 76 77 77 78 78 79 74 80 81 81 75 82 76 77 83 78 79 79 80 80 81 82 82 82 82 83 83 83 83 79 84 80 81 85 85 85 85 86 86 86 86 84 84 84 84 87 88 85 89 90 86 91 91 91 91 92 87 87 88 88 89 90 90 93 91 92 92 92 92 87 88 89 89 90 94 93 95 95 95 95 96 87 88 97 89 90 94 93 93 98 95 99 96 96 100 97 97 94 94 93 101 98 98 99 96 100 100 97 102 103 94 101 101 98 99 99 96 104 100 97 102 103 103 105 101 98 106 99 107 104 100 102 102 103 108 105 101 109 106 106 107 104 104 110 102 103 108 105 105 109 106 107 107 104 111 110 110 108 108 105 109 109 106 112 107 111 111 110 113 114 108 115 116 109 112 112 112 112 111 110 113 114 114 115 116 117 117 117 117 118 111 113 113 114 115 115 116 116 117 118 118 118 118 119 113 114 120 115 116 121 121 121 121 119 119 119 119 120 120 120 120 122 123 121 124 125 125 125 125 126 126 126 126 122 123 123 124 124 127 125 128 129 126 130 122 122 123 131 124 132 127 127 128 129 129 130 130 122 123 131 124 132 127 128 128 129 133 130 134 135 131 131 132 132 127 136 128 129 133 130 134 135 135 131 137 132 138 136 136 133 133 134 134 135 139 137 137 138 138 136 140 141 133 142 134 135 139 139 137 143 138 136 140 141 141 142 142 144 139 145 137 143 138 140 140 141 146 142 144 144 139 145 145 143 143 147 140 141 146 142 148 144 149 145 150 143 151 147 147 146 146 148 148 144 149 145 150 150 151 147 152 153 146 154 148 155 149 149 150 151 151 147 152 153 153 154 148 155 149 156 150 157 151 152 152 153 158 154 154 155 155 156 157 157 157 157 152 153 158 154 159 155 156 156 160 161 161 161 161 158 158 159 159 159 159 156 160 160 162 161 163 164 158 165 165 165 165 166 160 167 162 162 163 164 164 168 165 169 166 166 160 167 162 163 163 164 170 168 168 169 169 166 167 167 162 171 163 164 170 168 172 169 173 166 174 167 175 171 171 170 170 168 172 169 173 174 174 175 175 171 176 177 170 172 172 173 173 178 174 179 175 171 176 177 177 180 172 181 173 178 174 179 175 176 176 177 182 180 180 181 178 178 183 179 179 184 176 177 182 180 185 181 181 178 183 179 186 184 184 182 182 180 185 181 187 183 183 186 186 184 188 189 182 190 185 185 187 191 183 192 186 184 188 189 189 190 185 187 187 191 191 192 186 188 188 189 193 190 190 194 187 191 195 192 192 196 188 189 193 190 197 194 194 191 195 192 198 196 196 199 193 193 197 194 200 201 195 195 198 196 202 199 193 197 197 194 200 201 195 198 198 196 202 199 199 203 197 200 200 201 201 204 198 202 202 199 203 203 203 203 200 201 204 204 204 204 202 
12x90
01 02 02 02 02 03 04 05 05 05 05 06 01 01 07 02 03 03 04 04 08 05 06 06 01 09 07 07 10 03 04 11 08 08 12 06 01 09 07 10 10 03 04 11 08 12 12 06 09 09 07 13 10 14 11 11 08 15 12 16 17 09 13 13 10 14 18 11 15 15 12 16 17 17 19 13 14 14 18 18 20 15 16 16 17 19 19 13 21 14 18 20 20 15 22 16 17 23 19 24 21 21 18 25 20 26 22 22 23 23 19 24 21 27 25 25 20 26 22 28 29 23 24 24 21 27 27 25 26 26 22 28 29 23 30 24 31 27 32 25 33 26 28 28 29 29 30 30 31 27 32 32 33 33 34 28 29 35 30 36 31 31 32 37 33 38 34 34 35 35 30 36 31 39 32 37 33 38 34 40 41 35 36 36 42 39 37 37 38 38 34 40 41 35 43 36 42 39 39 37 44 38 40 40 41 41 43 42 42 39 44 44 44 44 45 40 41 46 43 43 42 47 48 48 48 48 45 45 46 46 43 47 47 47 47 49 48 50 45 51 52 46 53 54 54 54 54 49 49 50 45 51 52 46 53 53 55 54 56 49 50 50 51 51 52 52 53 55 55 56 56 49 57 50 58 51 52 59 53 60 55 61 56 62 57 57 58 58 59 59 60 60 55 61 56 62 57 63 58 64 65 59 66 60 61 61 62 62 57 63 58 64 65 59 66 60 67 61 68 62 63 63 64 64 65 65 66 66 67 68 68 68 68 63 69 64 65 70 66 67 67 71 72 72 72 72 69 69 70 70 70 70 67 71 71 73 72 74 69 75 76 76 76 76 77 71 78 73 73 74 69 75 79 76 80 77 77 71 78 73 74 74 75 75 79 79 80 80 77 78 78 73 81 74 82 75 79 83 80 84 77 85 78 86 81 81 82 82 79 83 80 84 84 85 86 86 81 87 82 88 83 83 89 84 85 85 90 86 81 87 82 88 91 83 89 84 92 85 90 86 87 87 88 88 91 89 89 92 92 90 90 93 94 87 95 88 91 91 89 96 92 97 90 93 94 94 95 95 91 98 96 96 92 97 93 93 94 99 95 100 98 98 101 96 102 97 97 93 94 99 95 100 103 98 101 96 102 97 104 105 99 99 100 100 103 98 101 101 102 102 104 105 105 99 106 100 103 103 101 107 102 104 104 105 106 106 106 106 103 108 107 107 107 107 104 105 109 109 109 109 108 108 108 108 110 111 112 112 112 112 109 113 114 114 114 114 110 111 111 115 112 116 113 113 117 114 118 110 110 111 119 115 115 116 116 113 117 117 118 118 110 111 119 115 120 116 121 113 117 122 118 123 124 119 119 115 120 116 121 121 117 122 118 123 124 124 119 125 120 120 121 126 122 122 123 123 124 127 125 125 120 128 121 126 129 122 130 123 124 127 127 125 128 128 126 126 129 129 130 130 131 127 132 125 133 128 134 126 129 135 130 131 131 127 132 132 133 128 134 134 129 135 130 136 131 137 132 133 133 138 134 139 135 135 136 136 131 137 132 140 133 138 134 139 141 135 142 136 137 137 140 140 138 138 139 139 141 141 142 136 143 137 144 140 145 138 146 139 141 147 142 142 143 143 144 140 145 145 146 146 141 147 142 148 143 149 144 144 145 150 146 151 147 147 148 148 143 149 144 152 145 150 146 151 153 147 154 148 149 149 152 152 150 150 151 151 153 153 154 148 155 149 156 152 157 150 158 151 153 159 154 154 155 155 156 152 157 157 158 158 153 159 154 160 155 161 156 156 157 162 158 163 159 159 160 160 155 161 156 164 157 162 158 163 165 159 166 160 167 161 161 164 162 162 163 163 165 165 166 160 167 161 168 164 164 162 169 163 165 170 166 166 167 167 168 164 169 169 169 169 165 170 166 171 167 168 168 172 173 173 173 173 170 170 171 171 171 171 168 172 172 174 173 175 176 170 177 177 177 177 178 172 179 174 174 175 176 176 180 177 181 178 178 172 179 174 175 175 176 182 180 180 181 181 178 179 179 174 183 175 176 182 180 184 181 185 178 186 179 187 183 183 182 182 180 184 181 185 186 186 187 187 183 188 189 182 184 184 185 185 190 186 191 187 183 188 189 189 192 184 193 185 190 186 191 187 188 188 189 194 192 192 193 190 190 195 191 191 196 188 189 194 192 197 193 193 190 195 191 198 196 196 194 194 192 197 193 199 195 195 198 198 196 200 201 194 202 197 197 199 203 195 204 198 196 200 201 201 202 197 199 199 203 203 204 198 200 200 201 205 202 202 206 199 203 207 204 204 208 200 201 205 202 209 206 206 203 207 204 210 208 208 211 205 205 209 206 212 213 207 207 210 208 214 211 205 209 209 206 212 213 207 210 210 208 214 211 211 215 209 212 212 213 213 216 210 214 214 211 215 215 215 215 212 213 216 216 216 216 214 
12x95
01 02 02 02 02 03 04 05 05 05 05 06 01 01 07 02 03 03 04 04 08 05 06 06 01 09 07 07 10 03 04 11 08 08 12 06 01 09 07 10 10 03 04 11 08 12 12 06 09 09 07 13 10 14 11 11 08 15 12 16 17 09 13 13 10 14 18 11 15 15 12 16 17 17 19 13 14 14 18 18 20 15 16 16 17 19 19 13 21 14 18 20 20 15 22 16 17 23 19 24 21 21 18 25 20 26 22 22 23 23 19 24 21 27 25 25 20 26 22 28 29 23 24 24 21 27 27 25 26 26 22 28 29 23 30 24 31 27 32 25 33 26 28 28 29 29 30 30 31 27 32 32 33 33 34 28 29 35 30 36 31 31 32 37 33 38 34 34 35 35 30 36 31 39 32 37 33 38 34 40 41 35 36 36 42 39 37 37 38 38 34 40 41 35 43 36 42 39 39 37 44 38 40 40 41 41 43 42 42 39 44 44 44 44 45 40 41 46 43 43 42 47 48 48 48 48 45 45 46 46 43 47 47 47 47 49 48 50 45 51 52 46 53 54 54 54 54 49 49 50 45 51 52 46 53 53 55 54 56 49 50 50 51 51 52 52 53 55 55 56 56 49 57 50 58 51 52 59 53 60 55 61 56 62 57 57 58 58 59 59 60 60 55 61 56 62 57 63 58 64 65 59 66 60 61 61 62 62 57 63 58 64 65 59 66 60 67 61 68 62 63 63 64 64 65 65 66 66 67 68 68 68 68 63 69 64 65 70 66 67 67 71 72 72 72 72 69 69 70 70 70 70 67 71 71 73 72 74 69 75 76 77 77 77 77 71 78 73 73 74 69 75 76 76 79 77 80 71 78 73 74 74 75 75 76 81 79 79 80 78 78 73 82 74 83 75 76 81 79 80 80 84 78 85 82 82 83 83 81 81 79 86 80 84 85 85 82 87 83 88 89 81 86 86 84 84 90 85 82 87 83 88 89 89 91 86 92 84 90 85 87 87 88 88 89 91 91 86 92 90 90 93 94 87 95 88 89 96 91 97 92 92 90 93 94 94 95 95 96 96 91 97 92 98 93 93 94 99 95 100 101 96 102 97 97 98 98 93 94 99 95 100 101 96 102 97 103 98 104 105 99 99 100 100 101 101 102 102 103 98 104 105 105 99 106 100 101 107 102 103 103 104 104 105 106 106 106 106 107 107 107 107 103 108 104 105 109 109 109 109 110 110 110 110 108 108 108 108 111 112 109 113 114 110 115 116 117 117 117 117 111 112 112 113 114 114 115 116 116 118 117 111 111 112 113 113 114 115 115 116 118 118 118 118 111 112 119 113 114 120 115 116 121 121 121 121 119 119 119 119 120 120 120 120 122 123 121 124 125 125 125 125 126 126 126 126 122 123 123 124 124 127 125 128 129 126 130 122 122 123 131 124 132 127 127 128 129 129 130 130 122 123 131 124 132 127 128 128 129 133 130 134 135 131 131 132 132 127 136 128 129 133 130 134 135 135 131 137 132 138 136 136 133 133 134 134 135 139 137 137 138 138 136 140 141 133 142 134 135 139 139 137 143 138 136 140 141 141 142 142 144 139 145 137 143 138 140 140 141 146 142 144 144 139 145 145 143 143 147 140 141 146 142 148 144 149 145 150 143 151 147 147 146 146 148 148 144 149 145 150 150 151 147 152 153 146 154 148 149 149 155 150 151 151 147 152 153 153 154 148 156 149 155 150 157 151 152 152 153 158 154 154 156 155 155 157 157 157 157 152 153 158 154 159 156 156 155 160 161 161 161 161 158 158 159 159 156 160 160 160 160 162 161 163 164 158 165 159 166 167 167 167 167 162 162 163 164 164 165 159 166 166 168 167 169 162 163 163 164 170 165 165 166 168 168 169 169 162 171 163 164 170 165 172 166 173 168 174 169 175 171 171 170 170 172 172 173 173 168 174 169 175 171 176 177 170 178 172 179 173 174 174 175 175 171 176 177 177 178 172 179 173 180 174 181 175 176 176 177 182 178 178 179 179 180 181 181 181 181 176 177 182 178 183 179 180 180 184 185 185 185 185 182 182 183 183 183 183 180 184 184 186 185 187 188 182 189 189 189 189 190 184 191 186 186 187 188 188 192 189 193 190 190 184 191 186 187 187 188 194 192 192 193 193 190 191 191 186 195 187 188 194 192 196 193 197 190 198 191 199 195 195 194 194 192 196 193 197 198 198 199 199 195 200 201 194 196 196 197 197 202 198 203 199 195 200 201 201 204 196 205 197 202 198 203 199 200 200 201 206 204 204 205 202 202 207 203 203 208 200 201 206 204 209 205 205 202 207 203 210 208 208 206 206 204 209 205 211 207 207 210 210 208 212 213 206 214 209 209 211 215 207 216 210 208 212 213 213 214 209 211 211 215 215 216 210 212 212 213 217 214 214 218 211 215 219 216 216 220 212 213 217 214 221 218 218 215 219 216 222 220 220 223 217 217 221 218 224 225 219 219 222 220 226 223 217 221 221 218 224 225 219 222 222 220 226 223 223 227 221 224 224 225 225 228 222 226 226 223 227 227 227 227 224 225 228 228 228 228 226 

13x20
01 01 01 01 02 02 02 02 03 03 03 03 04 05 01 06 06 06 06 02 07 08 03 09 04 04 05 05 10 11 06 12 07 07 08 08 09 13 04 05 10 10 11 11 12 12 07 08 09 09 13 04 05 14 10 11 15 12 16 07 08 17 09 13 13 14 14 10 11 15 12 16 17 17 17 17 13 18 19 14 20 15 15 16 16 21 22 22 22 22 18 19 14 20 20 15 23 16 21 21 24 22 18 18 19 19 20 23 23 23 23 21 24 24 24 24 18 19 25 20 26 26 26 26 21 27 28 28 28 28 25 25 25 25 26 29 27 27 27 27 30 28 31 32 33 33 33 33 29 34 34 34 34 30 31 31 32 32 35 33 29 29 36 34 37 30 30 38 31 32 35 35 35 35 29 36 36 37 37 30 38 31 32 39 40 40 40 40 36 41 37 42 43 38 38 39 39 44 40 45 46 36 41 37 42 43 38 47 48 39 44 44 45 46 41 41 42 42 43 43 47 48 39 44 45 45 46 46 41 49 42 43 47 47 48 48 44 50 45 46 51 49 49 49 49 52 47 48 50 50 50 50 51 51 51 51 52 52 52 52 
13x30
01 01 01 01 02 02 02 02 03 04 04 04 04 05 01 06 06 06 06 02 07 03 03 08 04 09 05 05 10 11 06 12 07 07 03 08 08 09 09 05 10 10 11 11 12 12 07 03 13 08 14 09 05 15 10 11 16 12 17 07 18 13 08 14 09 15 15 10 11 16 12 17 18 18 13 13 14 14 19 15 20 16 16 17 17 21 18 13 22 14 23 19 15 20 20 16 24 17 21 18 22 22 23 23 19 19 20 25 24 24 21 21 26 27 22 28 23 19 29 20 25 25 24 30 21 26 27 22 28 23 29 29 31 25 32 24 30 26 26 27 27 28 28 33 29 31 25 32 32 30 30 26 27 34 28 35 33 29 31 31 32 36 30 37 34 34 34 34 35 33 33 31 38 32 36 37 37 37 37 39 35 35 33 38 38 38 38 36 36 40 39 39 39 39 35 41 42 42 42 42 36 40 40 43 43 43 43 44 41 41 42 45 45 45 45 40 46 43 47 44 44 41 48 48 48 48 45 49 40 46 47 47 50 44 41 51 48 52 53 49 49 46 46 54 47 50 44 51 51 52 52 53 53 49 55 46 54 47 50 50 56 51 57 52 53 58 49 55 54 54 59 50 60 56 51 57 52 53 58 58 55 55 54 59 60 60 56 56 57 57 61 58 62 55 63 59 59 64 60 56 65 57 66 61 58 62 62 63 63 59 64 60 65 65 66 66 61 61 62 67 63 68 69 64 64 70 65 71 66 61 72 62 67 63 68 69 64 73 70 65 71 66 74 72 67 67 68 68 69 69 73 70 70 71 71 74 72 72 67 75 68 69 73 73 70 76 71 74 74 72 77 75 75 75 75 78 73 76 76 76 76 74 77 77 77 77 78 78 78 78 
13x35
01 01 01 01 02 02 02 02 03 04 04 04 04 05 01 06 06 06 06 02 07 03 03 08 04 09 05 05 10 11 06 12 07 07 03 13 08 08 09 05 10 10 11 11 12 12 07 03 13 08 09 09 05 14 10 11 15 12 16 07 13 13 08 17 09 14 14 10 11 15 12 16 16 18 13 19 17 17 20 14 21 15 15 22 16 18 18 19 19 17 23 20 14 21 21 15 22 16 24 18 25 19 17 23 20 20 21 26 22 22 24 24 18 25 19 23 23 20 27 21 26 26 22 28 24 29 25 25 30 23 27 27 31 26 32 28 28 24 29 25 33 30 30 34 27 31 26 32 32 28 29 29 33 33 30 35 34 27 31 31 32 36 28 37 29 38 33 30 35 34 34 31 39 32 36 36 37 37 38 33 35 35 34 39 39 39 39 36 40 37 41 38 38 42 35 43 44 44 44 44 36 40 37 41 38 45 42 42 43 43 46 44 47 40 40 41 41 45 45 42 48 43 49 46 46 47 47 40 50 41 51 45 42 48 43 49 46 52 47 50 50 50 50 51 45 48 48 49 49 46 52 47 53 53 53 53 51 51 54 48 55 49 56 52 52 57 53 58 59 51 60 54 54 55 55 56 52 57 57 58 58 59 59 60 54 61 55 62 56 56 63 57 64 58 59 60 60 54 61 55 62 56 65 63 57 64 58 59 66 60 61 61 62 62 65 65 63 63 64 64 66 66 66 66 61 67 62 68 65 63 69 64 70 71 71 71 71 72 67 67 68 65 69 69 70 70 73 71 74 72 72 67 75 68 68 76 69 77 70 73 73 74 78 72 67 75 68 76 76 69 77 70 73 74 74 78 72 75 75 79 80 76 81 77 77 73 82 74 78 78 83 75 79 80 76 81 77 84 82 82 85 78 86 83 79 79 80 80 81 81 84 87 82 85 85 86 83 83 79 80 88 81 84 84 87 82 85 86 86 83 89 88 88 88 88 90 84 87 87 85 91 86 89 89 89 89 90 90 90 90 87 91 91 91 91 
13x45
01 01 01 01 02 02 02 02 03 04 04 04 04 05 01 06 06 06 06 02 07 03 03 08 04 09 05 05 10 11 06 12 07 07 03 13 08 08 09 05 10 10 11 11 12 12 07 03 13 08 09 09 05 14 10 11 15 12 16 07 13 13 08 17 09 14 14 10 11 15 12 16 16 18 13 19 17 17 20 14 21 15 15 22 16 23 18 18 19 17 24 20 14 21 21 15 22 16 23 18 19 19 17 24 20 20 21 25 22 22 23 23 18 26 19 24 24 20 27 21 25 25 22 28 23 26 26 26 26 24 27 27 29 25 28 28 28 28 30 30 30 30 31 32 27 29 25 33 34 34 34 34 35 30 31 31 32 27 29 29 33 33 34 35 35 35 35 36 31 32 32 29 37 33 38 39 39 39 39 40 36 31 32 41 37 37 33 38 38 42 39 40 40 36 36 41 41 43 37 44 38 42 42 42 42 40 36 45 46 41 43 37 44 38 47 47 47 47 40 45 45 46 41 43 43 44 44 48 47 49 49 49 49 45 46 46 43 50 44 51 48 48 52 53 49 54 45 46 55 50 50 51 51 48 52 52 53 53 54 54 55 55 56 50 57 51 48 58 52 53 59 54 60 61 55 56 50 57 51 58 58 52 53 59 54 60 61 55 56 56 57 57 62 58 63 59 59 60 60 61 61 56 64 57 62 62 58 63 65 59 66 60 61 64 64 64 64 67 62 63 63 65 65 66 66 68 69 69 69 69 67 62 70 63 65 71 66 72 68 68 73 69 67 67 70 70 74 65 71 66 72 68 75 73 73 76 67 77 70 74 71 71 72 72 68 75 73 78 76 76 77 70 74 74 71 79 72 75 75 73 78 76 77 77 80 74 79 79 79 79 81 75 78 78 76 82 77 80 83 83 83 83 84 81 81 85 78 82 82 80 80 86 83 87 84 84 81 88 85 85 89 82 90 80 86 87 87 91 84 81 88 85 92 89 82 90 86 86 93 87 91 84 88 88 85 92 89 89 90 90 86 93 87 91 91 94 88 92 92 89 95 90 96 93 93 97 91 98 94 94 99 92 100 95 95 96 96 93 97 98 98 94 101 99 99 100 95 102 96 103 97 97 104 98 94 101 99 100 100 95 102 96 103 103 97 104 98 101 101 99 105 100 102 102 106 103 107 108 104 104 109 101 110 105 105 111 102 106 103 107 108 104 112 109 109 110 105 113 111 106 106 107 107 108 108 112 109 110 110 105 113 111 111 106 114 107 108 112 112 109 115 110 113 113 111 116 114 114 114 114 117 112 115 115 115 115 113 116 116 116 116 117 117 117 117 

14x15
01 01 01 01 02 02 02 02 03 04 05 05 05 05 06 01 07 07 07 07 02 03 03 04 04 08 05 09 06 06 10 07 11 11 11 11 03 04 08 08 09 09 06 10 10 10 10 11 12 13 03 04 14 08 15 09 06 16 17 17 17 17 12 13 13 18 14 08 15 09 16 16 16 16 17 12 12 13 18 18 14 14 15 15 19 20 20 20 20 21 12 13 22 18 14 23 15 24 19 19 20 21 21 21 21 25 22 18 26 23 23 24 19 27 28 29 29 29 29 25 22 22 26 23 24 24 19 27 28 28 30 29 25 25 22 26 26 23 31 24 27 27 28 30 30 30 30 25 32 33 26 34 31 31 35 27 28 36 37 37 37 37 32 33 33 34 31 38 35 36 36 36 36 39 37 32 32 33 34 34 31 38 35 35 40 39 39 39 39 41 32 33 42 34 38 38 35 40 40 40 40 41 41 41 41 42 42 42 42 38 

15x15
01 01 01 01 02 03 03 03 03 04 05 05 05 05 06 07 01 02 02 02 02 08 03 04 04 04 04 05 06 06 07 09 09 09 09 08 08 08 08 10 11 11 11 11 06 07 07 12 09 13 13 13 13 10 10 10 10 11 14 06 07 12 12 12 12 15 13 16 16 16 16 14 14 14 14 17 17 17 17 15 15 15 15 18 16 19 20 20 20 20 21 17 22 23 23 23 23 18 18 19 19 19 19 20 24 21 21 22 22 25 23 26 27 18 28 28 28 28 24 24 21 29 22 30 25 25 26 27 18 31 32 28 33 34 24 21 29 22 30 25 26 26 27 27 31 32 32 33 34 24 29 29 30 30 25 35 26 27 31 31 32 33 33 34 34 36 29 37 30 35 35 35 35 38 31 32 39 33 34 40 36 37 37 37 37 41 38 38 38 38 39 39 39 39 40 36 36 42 41 41 41 41 43 44 44 44 44 45 40 40 36 42 42 42 42 43 43 43 43 44 45 45 45 45 40 
15x16
01 01 01 01 02 03 03 03 03 04 05 05 05 05 06 07 01 02 02 02 02 03 04 04 04 04 08 05 06 06 07 09 09 09 09 10 11 11 11 11 08 08 08 08 06 07 07 09 10 10 10 10 12 11 13 13 13 13 14 06 07 15 16 16 16 16 12 12 12 12 13 14 14 14 14 15 15 15 15 16 17 18 18 18 18 19 20 20 20 20 21 21 21 21 17 17 17 17 18 19 19 19 19 20 22 23 21 24 25 25 25 25 26 27 27 27 27 28 22 22 23 23 24 24 29 25 26 26 30 27 28 28 28 28 22 23 31 24 32 29 29 33 26 30 34 34 34 34 35 22 23 31 24 32 29 36 33 26 30 30 34 35 35 35 35 31 31 32 32 29 36 33 33 30 37 38 38 38 38 39 40 31 41 32 36 36 33 37 37 37 37 42 38 39 39 40 41 41 41 41 36 43 43 43 43 42 42 42 42 39 40 40 44 45 45 45 45 46 43 47 47 47 47 48 39 40 44 44 44 44 45 46 46 46 46 47 48 48 48 48 
15x17
01 01 01 01 02 03 03 03 03 04 05 05 05 05 06 07 01 02 02 02 02 03 08 04 04 04 04 05 06 06 07 07 09 10 10 10 10 08 11 12 12 12 12 13 06 07 14 09 09 15 10 08 08 11 11 16 12 13 13 06 07 14 09 15 15 15 15 08 11 16 16 16 16 13 17 14 14 09 18 19 19 19 19 11 20 20 20 20 13 17 21 14 22 18 18 23 19 24 24 24 24 20 25 17 17 21 21 22 18 23 23 23 23 26 24 25 25 25 25 17 21 22 22 18 27 28 26 26 26 26 29 29 29 29 30 21 31 22 27 27 28 32 32 32 32 33 29 34 30 30 31 31 31 31 27 28 28 32 33 33 33 33 34 35 30 36 36 36 36 27 28 37 37 37 37 38 34 34 35 30 39 36 40 40 40 40 41 37 38 38 38 38 34 35 35 39 39 42 40 41 41 41 41 43 43 43 43 44 35 45 39 42 42 42 42 46 46 46 46 43 44 44 44 44 45 39 47 48 48 48 48 49 46 50 50 50 50 51 45 45 47 47 47 47 48 49 49 49 49 50 51 51 51 51 45 
15x19
01 02 02 02 02 03 03 03 03 04 05 05 05 05 06 01 01 07 02 08 09 03 10 04 04 04 04 05 06 06 01 11 07 07 08 09 10 10 10 10 12 12 12 12 06 01 11 07 08 08 09 09 13 13 13 13 12 14 15 06 11 11 07 16 08 09 17 18 13 19 20 14 14 15 15 21 11 22 16 16 17 17 18 18 19 20 20 14 15 23 21 21 22 16 24 25 17 18 19 19 20 26 14 15 23 21 22 22 16 24 25 17 18 27 19 20 26 26 23 23 21 28 22 24 24 25 25 27 27 27 27 26 29 30 23 28 28 28 28 24 25 31 32 32 32 32 26 29 30 30 33 34 34 34 34 31 31 31 31 32 35 29 29 30 36 33 33 37 34 38 38 38 38 39 35 35 40 29 30 36 33 37 37 37 37 38 41 39 39 42 35 40 40 36 36 33 43 44 44 44 44 41 41 39 42 35 40 45 46 36 43 43 47 44 48 49 41 50 39 42 42 40 45 46 46 51 43 47 47 48 49 41 50 50 42 52 45 45 46 53 51 43 47 48 48 49 49 50 52 52 52 52 45 46 53 51 51 47 54 48 49 55 50 56 56 56 56 57 53 53 51 54 54 54 54 55 55 55 55 56 57 57 57 57 53 
15x21
01 01 01 01 02 03 03 03 03 04 05 05 05 05 06 07 01 02 02 02 02 08 03 04 04 04 04 05 06 06 07 09 09 09 09 08 08 08 08 10 11 11 11 11 06 07 07 09 12 13 13 13 13 10 10 10 10 11 14 06 07 15 12 12 12 12 13 16 16 16 16 14 14 14 14 15 15 15 15 17 18 18 18 18 16 19 20 20 20 20 21 21 21 21 17 17 18 22 19 19 19 19 23 20 24 25 21 26 27 17 28 22 22 22 22 29 23 23 24 24 25 25 26 27 17 28 30 30 30 30 29 31 23 32 24 25 26 26 27 27 28 28 33 30 29 29 31 23 32 24 25 34 26 27 35 28 33 33 33 33 29 31 31 32 32 34 34 36 35 35 35 35 37 37 37 37 31 38 32 39 40 34 36 36 41 42 42 42 42 37 38 38 38 38 39 40 34 36 41 41 41 41 42 43 43 43 43 44 39 39 40 40 36 45 46 46 46 46 47 43 44 44 44 44 39 40 45 45 45 45 48 46 47 47 47 47 49 49 49 49 50 50 50 50 48 48 48 48 51 52 52 52 52 49 53 54 50 55 56 56 56 56 51 51 51 51 52 57 53 53 54 55 55 55 55 56 58 58 58 58 57 57 57 57 53 54 54 59 60 60 60 60 61 58 62 62 62 62 63 53 54 59 59 59 59 60 61 61 61 61 62 63 63 63 63 
15x22
01 01 01 01 02 03 03 03 03 04 05 05 05 05 06 07 01 02 02 02 02 08 03 04 04 04 04 05 06 06 07 09 09 09 09 08 08 08 08 10 11 11 11 11 06 07 07 09 12 13 13 13 13 10 10 10 10 11 14 06 07 15 12 12 12 12 13 16 16 16 16 14 14 14 14 15 15 15 15 17 18 18 18 18 16 19 20 20 20 20 21 21 21 21 17 17 22 18 19 19 19 19 23 20 24 25 21 26 27 17 22 22 28 29 29 29 29 23 24 24 25 25 26 27 17 30 22 28 28 29 31 23 23 32 24 25 26 26 27 27 30 22 28 33 31 31 34 23 32 24 25 35 26 27 30 30 36 28 33 33 31 34 32 32 37 35 35 35 35 38 30 36 39 33 40 31 34 34 32 37 41 41 41 41 38 36 36 39 33 40 40 34 42 37 37 43 41 44 38 38 45 36 39 39 40 42 42 42 42 37 43 43 44 44 38 45 46 39 47 40 48 48 48 48 49 43 50 44 51 45 45 46 47 47 47 47 52 48 49 49 43 50 44 51 51 45 46 46 53 52 52 52 52 54 49 50 50 55 51 56 57 46 58 53 59 59 59 59 54 49 60 50 55 51 56 57 57 58 53 53 61 59 54 54 62 60 55 55 56 56 57 58 58 53 61 61 61 61 54 62 60 60 55 63 56 57 64 58 65 65 65 65 66 62 62 60 63 63 63 63 64 64 64 64 65 66 66 66 66 62 
15x23
01 02 02 02 02 03 03 03 03 04 05 05 05 05 06 01 01 07 02 08 09 03 04 04 04 04 10 05 06 06 01 11 07 07 08 09 12 12 12 12 13 10 10 14 06 01 11 07 08 08 09 09 12 15 13 13 10 14 14 06 11 11 07 16 08 09 17 15 15 18 13 10 19 14 20 21 11 16 16 16 16 17 17 15 18 13 19 19 14 20 21 22 22 22 22 23 17 24 15 18 18 25 19 20 20 21 21 26 22 23 23 17 24 27 18 25 25 19 28 20 21 26 26 26 26 23 24 24 27 27 29 25 30 28 28 31 32 32 32 32 23 33 24 27 29 29 25 30 28 34 31 31 35 32 33 33 33 33 27 36 29 30 30 28 34 31 35 35 35 35 37 37 37 37 36 29 38 30 34 34 31 39 40 41 41 41 41 37 36 36 38 38 38 38 34 39 39 40 40 41 42 42 42 42 36 43 44 44 44 44 45 39 40 46 46 46 46 42 43 43 43 43 47 44 48 45 39 40 49 46 50 50 50 50 51 47 47 47 47 48 45 45 49 49 49 49 50 52 51 51 51 51 53 48 48 45 54 55 55 55 55 52 52 52 52 56 53 53 57 48 54 54 58 55 59 60 61 61 61 61 56 62 53 57 57 63 54 58 58 59 60 60 61 64 56 56 62 53 57 65 63 54 58 59 59 60 64 64 64 64 56 62 62 57 65 63 63 58 66 59 60 67 68 68 68 68 62 69 65 65 63 66 66 66 66 67 67 67 67 68 69 69 69 69 65 

17x20
01 02 02 02 02 03 04 05 05 05 05 06 07 07 07 07 08 01 01 09 02 03 03 04 04 05 06 06 06 06 10 07 08 08 01 11 09 09 12 03 04 13 14 14 14 14 10 10 10 10 08 01 11 09 12 12 03 04 13 15 14 16 17 17 17 17 18 08 11 11 09 19 12 20 13 13 15 15 16 16 17 18 18 18 18 21 11 22 19 12 20 20 13 15 23 16 24 25 26 26 26 26 21 21 22 19 19 20 27 28 15 23 16 24 25 25 29 26 30 21 22 22 19 31 20 27 28 23 23 24 24 25 29 29 30 30 21 32 22 33 31 27 27 28 28 23 34 24 25 35 29 36 30 32 32 33 33 31 31 27 28 34 34 34 34 37 35 29 36 30 38 32 39 33 31 40 40 40 40 41 42 37 37 35 35 36 36 38 32 39 33 43 44 40 45 41 41 42 42 37 35 46 36 47 38 38 39 39 43 44 44 45 45 41 42 48 37 49 46 46 47 38 50 39 43 43 44 51 45 52 41 42 48 49 49 46 47 47 50 50 50 50 43 44 51 45 52 53 48 48 54 49 46 55 47 56 56 56 56 57 51 51 52 52 53 53 48 54 49 58 55 55 59 56 57 57 57 57 51 60 52 53 61 62 54 54 58 55 63 59 64 64 64 64 60 60 60 60 53 61 62 54 58 58 55 63 59 59 65 64 66 66 66 66 67 61 61 62 62 68 58 63 63 59 65 65 65 65 66 67 67 67 67 61 62 68 68 68 68 63 
17x25
01 02 02 02 02 03 04 05 05 05 05 06 07 07 07 07 08 01 01 09 02 03 03 04 04 10 05 06 06 06 06 07 08 08 01 11 09 09 12 03 04 10 10 10 10 13 13 13 13 14 08 01 11 09 12 12 03 04 15 15 15 15 16 17 13 18 14 08 11 11 09 19 12 20 20 20 20 15 16 16 17 17 18 14 14 21 11 19 19 12 22 20 23 23 23 23 16 17 18 18 14 24 21 21 25 19 22 22 22 22 26 23 27 16 17 28 18 24 24 21 29 25 19 30 30 30 30 26 26 27 27 28 28 28 28 24 21 29 25 25 31 32 30 33 26 34 27 35 35 35 35 36 24 29 29 25 31 31 32 32 33 26 34 27 37 35 36 36 36 36 38 29 39 40 31 32 33 33 34 34 37 37 41 42 42 42 42 38 38 39 40 31 32 43 33 44 34 45 37 41 41 46 42 47 38 39 39 40 40 48 43 43 44 44 45 37 41 49 46 46 47 38 50 39 40 48 48 43 51 44 45 45 52 41 49 46 47 47 50 50 50 50 53 48 43 51 44 54 45 52 49 49 46 55 47 56 56 56 56 53 48 57 51 51 54 52 52 58 49 59 55 55 60 56 61 53 53 57 57 51 62 54 54 52 58 59 59 55 63 60 60 61 64 53 65 57 62 62 54 66 58 58 67 59 55 63 60 61 61 64 64 65 57 68 62 66 66 69 58 67 59 63 63 60 70 61 64 71 65 65 68 62 72 66 69 67 67 73 74 63 70 70 75 64 71 65 68 68 76 72 66 69 69 67 73 74 74 77 70 75 71 71 78 79 68 76 72 72 69 80 73 73 74 81 77 70 75 75 71 78 79 76 76 72 80 80 80 80 73 74 81 77 77 75 82 78 78 79 79 76 83 84 84 84 84 85 81 81 77 82 82 82 82 78 79 83 83 83 83 84 85 85 85 85 81 

18x25
01 02 02 02 02 03 03 03 03 04 04 04 04 05 05 05 05 06 01 01 02 07 07 07 07 03 08 09 04 10 10 10 10 05 06 06 01 11 11 11 11 07 12 08 08 09 09 13 10 14 14 14 14 06 01 15 11 16 17 12 12 18 08 09 19 13 13 20 21 14 22 06 15 15 16 16 17 17 12 18 08 09 19 13 20 20 21 21 22 22 23 15 24 16 17 25 12 18 18 19 19 13 26 20 21 27 22 28 23 15 24 16 17 25 25 18 29 30 19 31 26 20 21 27 22 28 23 23 24 24 32 25 33 29 29 30 30 31 26 26 27 27 28 28 23 34 24 32 32 25 33 35 29 30 31 31 26 36 37 27 38 28 34 34 34 34 32 33 33 35 29 30 39 31 36 36 37 37 38 38 40 40 40 40 32 41 33 35 35 39 39 39 39 36 37 42 38 43 44 40 45 41 41 41 41 35 46 46 46 46 47 36 37 42 38 43 44 44 45 45 48 48 48 48 49 46 47 47 47 47 42 42 43 43 44 50 45 51 52 48 49 49 49 49 53 54 54 54 54 42 55 43 44 50 45 51 52 56 56 56 56 53 53 57 54 58 55 55 55 55 50 50 51 51 52 52 59 56 60 61 53 57 57 58 62 62 62 62 63 50 64 51 52 65 59 59 60 61 53 57 66 58 58 67 62 68 63 63 64 64 65 65 59 60 60 61 61 57 66 58 67 67 68 68 63 69 64 70 71 65 59 72 60 61 73 66 66 74 75 67 76 68 63 69 64 70 71 65 77 72 72 73 73 78 66 74 75 67 76 68 69 69 70 70 71 71 77 72 79 80 73 78 74 74 75 75 76 76 81 69 82 70 71 77 77 72 79 80 73 78 78 74 75 83 76 84 81 82 82 82 82 85 77 79 79 80 80 78 86 83 83 83 83 84 81 81 87 85 85 85 85 88 79 80 89 86 86 86 86 90 84 84 81 87 87 87 87 88 88 88 88 89 89 89 89 90 90 90 90 84 
18x35
01 02 02 02 02 03 04 05 05 05 05 06 07 08 08 08 08 09 01 01 10 02 03 03 04 04 11 05 06 06 07 07 08 12 09 09 01 13 10 10 14 03 04 15 11 11 16 06 07 17 12 12 18 09 01 13 10 14 14 03 04 15 11 16 16 06 07 17 17 12 18 09 13 13 10 19 14 20 15 15 11 21 16 22 23 17 24 12 18 18 25 13 19 19 14 20 26 15 21 21 16 22 23 17 24 24 18 27 25 25 28 19 20 20 26 26 29 21 22 22 23 23 24 30 27 27 25 31 28 19 32 20 26 33 29 21 34 22 23 35 24 30 36 27 25 31 28 28 32 37 26 33 29 29 34 38 35 35 30 30 36 27 31 31 28 32 32 37 33 33 29 34 34 38 38 35 39 30 36 36 40 31 41 42 32 37 37 33 43 44 34 38 45 35 39 46 36 47 40 40 41 42 42 37 48 43 43 44 44 38 45 39 39 46 46 47 40 41 41 42 48 48 48 48 43 44 49 50 45 45 39 46 47 47 40 51 41 42 52 52 52 52 43 44 49 50 45 53 54 46 55 47 51 51 51 51 56 57 52 58 59 49 49 50 50 53 54 54 55 55 60 60 60 60 56 57 57 58 59 59 49 50 53 53 54 61 55 62 63 60 64 56 56 57 58 58 59 65 65 65 65 53 54 61 55 62 63 63 64 64 56 57 66 58 59 67 68 65 69 70 61 61 62 62 63 71 64 72 73 66 66 66 66 67 68 68 69 70 70 61 74 62 63 71 64 72 73 73 75 76 67 67 68 69 69 70 74 74 74 74 71 71 72 72 73 75 75 76 76 67 68 77 69 70 78 78 78 78 79 71 80 72 73 81 75 76 82 83 77 77 77 77 84 85 78 86 79 79 80 87 81 81 75 76 82 83 88 88 88 88 84 85 85 86 79 80 80 87 87 81 89 82 82 83 83 88 90 84 84 85 86 86 79 91 80 87 92 81 89 93 82 83 94 90 90 95 84 85 96 86 91 91 97 87 92 89 89 93 93 98 94 94 90 95 95 99 96 96 100 91 97 97 92 92 89 93 98 98 94 101 90 95 99 99 96 102 100 91 97 103 92 104 105 93 106 98 94 101 107 95 108 99 96 102 100 100 97 103 104 104 105 105 106 98 101 101 107 107 108 99 102 102 100 109 103 103 110 104 105 111 106 106 112 101 107 113 108 108 114 102 109 109 115 103 110 104 105 111 106 116 112 112 107 113 108 117 114 114 118 109 115 110 110 119 120 111 111 116 112 121 122 113 113 117 114 123 118 109 115 115 110 119 120 111 116 116 112 121 122 113 117 117 114 123 118 118 115 124 119 119 120 120 125 116 121 121 122 122 126 117 123 123 118 124 124 124 124 119 120 125 125 125 125 121 122 126 126 126 126 123 

22x25
01 02 02 02 02 03 04 04 04 04 05 06 06 06 06 07 08 09 09 09 09 10 01 01 11 02 12 03 03 13 04 14 05 05 15 06 07 07 08 08 09 16 10 10 01 17 11 11 12 03 18 13 13 14 05 19 15 15 20 07 08 21 16 16 22 10 01 17 11 12 12 03 18 13 14 14 05 19 15 23 20 07 08 21 21 16 22 10 17 17 11 24 12 18 18 13 25 14 19 19 15 23 20 20 26 21 27 16 22 22 28 17 29 24 24 30 18 25 25 25 25 19 23 23 20 31 26 21 27 27 22 32 28 28 29 24 30 30 30 30 33 33 33 33 34 23 31 31 26 26 27 35 32 32 28 29 29 24 36 37 38 38 38 38 33 34 34 34 34 31 26 39 27 35 40 32 28 41 29 36 36 37 37 42 38 43 43 43 43 44 45 31 46 39 35 35 40 32 41 41 41 41 36 37 42 42 42 42 43 47 44 44 45 45 46 39 39 35 40 40 48 48 48 48 36 37 49 50 50 50 50 47 51 44 45 46 46 39 52 53 40 54 55 48 56 57 49 49 49 49 50 58 47 47 51 44 45 59 46 52 52 53 53 54 55 55 56 57 60 60 60 60 58 58 61 47 51 51 59 59 59 59 52 53 54 54 55 56 56 57 57 62 60 63 64 58 61 61 51 65 66 66 66 66 52 53 67 54 55 68 56 57 69 62 62 63 64 58 61 65 65 65 65 66 70 71 67 67 67 67 68 68 72 69 69 62 63 63 64 64 61 73 74 74 74 74 70 71 75 75 75 75 76 68 72 72 69 62 77 63 64 73 73 73 73 78 74 70 70 71 71 79 75 80 76 68 72 81 69 82 77 83 83 83 83 84 78 78 78 78 70 71 85 79 79 80 76 76 72 81 82 82 77 77 86 83 84 84 84 84 87 87 87 87 85 79 80 80 76 88 81 81 89 82 77 90 86 86 91 92 92 92 92 93 87 85 85 79 94 80 88 88 95 81 89 82 90 90 86 96 91 91 97 92 98 93 93 99 85 100 94 94 101 88 95 89 89 102 103 90 86 96 91 104 97 97 98 93 105 99 99 100 94 106 101 88 95 95 89 102 103 90 96 96 91 104 97 98 98 93 105 99 100 100 94 106 101 101 95 107 102 102 103 103 108 96 104 104 97 109 98 105 105 99 110 100 106 106 101 107 107 107 107 102 103 108 108 108 108 104 109 109 109 109 105 110 110 110 110 106 


2x4x10
01 02 01 01 01 03 01 04 05 02 05 02 05 03 05 04 06 02 05 03 07 03 04 04 06 02 06 08 07 03 07 04 06 08 09 08 07 08 10 08 06 11 09 11 07 11 10 11 09 12 09 13 10 11 10 14 12 12 09 13 15 13 10 14 15 12 15 13 15 14 15 14 16 12 16 13 16 16 16 14 
2x4x15
01 02 01 01 01 03 01 04 05 02 05 02 05 03 05 04 06 02 07 03 05 03 04 04 06 02 07 08 07 03 09 04 06 06 07 08 09 08 09 10 06 11 07 08 12 10 09 10 13 11 12 08 12 14 09 10 13 11 13 11 12 14 15 10 13 11 16 14 12 14 15 17 13 18 16 19 15 14 15 17 18 18 16 19 16 17 15 17 20 18 16 19 21 19 22 17 20 18 20 19 21 23 22 22 20 23 21 23 21 23 22 23 20 24 24 24 21 24 22 24 

2x5x6
01 02 01 03 01 03 01 03 04 03 02 02 05 06 01 03 07 08 04 04 09 02 05 06 05 06 07 08 04 10 09 02 05 06 07 08 07 08 04 10 09 09 05 06 11 12 07 08 10 10 09 12 11 12 11 12 11 12 11 10 
2x5x8
01 02 01 03 01 03 01 03 04 03 05 02 01 02 06 07 04 03 04 08 05 02 05 07 06 07 06 08 04 08 05 02 09 10 06 07 11 12 04 08 05 13 09 10 06 07 11 12 14 08 09 13 09 10 11 10 11 12 14 12 13 13 09 10 15 16 11 12 14 14 15 13 15 16 15 16 15 16 14 16 
2x5x11
01 02 01 03 01 03 01 03 04 03 02 02 05 06 01 03 07 08 04 04 09 02 05 06 05 06 07 08 04 08 09 02 05 06 07 10 07 08 04 11 09 09 05 06 12 10 07 08 13 11 09 14 12 10 12 10 13 11 13 11 14 14 15 16 12 10 17 18 13 11 19 14 15 16 12 16 17 18 13 20 19 14 15 16 15 18 17 18 17 20 19 19 15 16 21 22 17 18 20 20 19 22 21 22 21 22 21 22 21 20 
2x5x13
01 02 01 03 01 03 01 03 04 03 05 02 01 02 06 07 04 03 04 08 05 02 05 09 06 07 06 07 04 08 05 02 09 09 06 07 10 08 04 08 05 11 12 09 06 07 10 13 14 08 11 11 12 09 10 15 10 13 14 13 16 11 12 12 17 15 10 13 14 14 16 11 12 15 17 15 17 13 14 18 16 16 19 20 17 15 21 22 18 18 16 23 19 20 17 20 21 22 24 18 19 23 19 20 21 22 21 22 24 18 23 23 19 20 25 26 21 22 24 24 25 23 25 26 25 26 25 26 24 26 
2x5x15
01 02 01 03 01 03 01 03 04 03 02 02 05 06 01 03 07 08 04 04 09 02 05 06 05 06 07 08 04 08 09 02 05 06 07 10 07 08 04 11 09 09 05 06 10 10 07 08 11 11 09 12 13 14 13 10 13 15 13 11 12 12 16 14 13 10 17 15 18 11 16 12 16 14 17 14 17 15 18 15 19 12 16 14 20 21 17 15 18 18 19 21 16 21 20 21 17 21 18 22 19 19 23 24 20 20 25 26 22 22 19 27 23 24 20 24 25 26 28 22 23 27 23 24 25 26 25 26 28 22 27 27 23 24 29 30 25 26 28 28 29 27 29 30 29 30 29 30 28 30 

2x7x10
01 02 01 01 01 03 01 04 04 04 05 04 06 04 02 02 07 03 07 03 07 07 07 08 05 05 06 06 09 02 10 11 10 03 10 10 10 08 05 08 06 12 09 02 13 11 13 03 13 13 13 08 05 12 06 12 09 14 09 11 15 11 16 17 16 08 16 16 16 12 09 14 15 11 15 18 19 17 19 17 19 19 19 12 20 14 21 14 15 18 22 17 22 23 22 22 22 24 20 14 21 18 15 18 25 17 25 23 25 25 25 24 20 20 21 21 26 18 26 26 26 23 26 23 24 24 20 27 21 27 27 27 28 27 28 23 28 28 28 24 
2x7x15
01 02 01 03 01 04 01 05 06 05 07 05 08 05 02 02 03 03 01 04 06 04 06 05 07 07 08 08 09 02 09 03 09 04 09 10 06 10 07 10 08 10 11 02 12 03 09 04 13 14 06 10 07 15 08 16 11 11 12 14 12 14 13 14 13 14 15 15 16 16 11 17 12 17 17 17 13 17 18 19 20 15 21 16 11 22 12 23 24 25 13 19 18 19 20 15 21 16 22 22 23 23 24 25 18 25 18 19 20 20 21 21 26 22 27 23 24 25 24 28 18 19 20 29 21 30 26 22 27 23 24 25 31 28 31 31 31 29 31 30 26 26 27 27 32 28 32 28 32 29 32 29 30 30 26 33 27 34 35 36 32 28 37 38 39 29 40 30 35 33 35 34 35 36 35 38 37 38 39 38 40 38 33 33 34 34 41 36 37 36 37 42 39 39 40 40 41 33 41 34 41 36 41 42 37 42 39 42 40 42 


3x4x5
01 02 03 01 02 02 01 02 04 01 02 05 06 07 03 08 07 03 01 07 04 09 07 05 06 06 03 08 10 04 08 07 04 09 05 05 06 10 03 08 10 11 09 10 04 09 10 05 06 12 11 08 12 11 12 12 11 09 12 11 
3x5x9
01 02 03 01 04 05 01 06 05 01 07 05 08 09 05 02 02 03 04 04 03 01 06 05 08 07 07 08 09 09 10 02 03 10 04 11 10 06 06 10 07 12 08 09 13 14 02 03 10 04 11 15 06 12 16 07 12 08 09 13 14 17 11 14 17 11 15 17 17 16 17 12 16 13 13 14 18 19 15 20 11 15 21 22 16 23 12 24 25 13 14 18 19 20 20 22 15 21 22 16 23 22 24 25 22 18 18 19 26 20 19 21 21 27 24 23 23 24 25 25 26 18 19 26 20 27 26 21 27 26 23 27 24 25 27 
3x5x11
01 02 03 01 04 05 01 06 05 01 07 05 08 09 05 02 02 03 10 04 03 01 06 11 08 07 05 08 09 09 10 02 03 10 04 04 06 06 11 12 07 07 08 09 13 14 02 03 10 04 15 12 06 11 12 07 11 08 09 13 14 16 15 10 16 15 16 16 11 12 16 17 18 13 13 14 14 19 20 21 15 22 21 23 12 21 17 18 21 13 14 19 19 20 20 15 22 22 23 24 21 17 18 18 17 25 26 19 20 27 23 22 28 23 24 29 17 18 30 31 25 26 19 20 27 27 22 28 23 24 29 29 24 30 31 25 26 26 25 27 32 33 28 28 24 29 31 30 30 31 25 26 32 33 27 32 33 28 32 33 29 32 33 30 31 

3x6x10
01 02 03 01 04 05 01 06 05 01 06 05 07 06 05 08 06 09 02 02 03 10 04 03 01 04 11 07 12 05 07 06 09 08 08 09 10 02 03 10 04 11 10 12 11 10 12 11 07 12 11 08 12 09 13 02 03 13 04 14 13 15 16 13 15 15 07 15 17 08 15 09 18 19 14 13 19 14 20 19 16 20 19 16 20 20 17 20 21 17 18 18 22 23 19 14 24 25 16 24 26 27 24 28 17 24 21 21 18 29 22 23 30 14 23 25 16 24 26 27 31 28 17 32 21 33 18 29 22 23 30 22 25 25 27 26 26 27 31 28 28 32 21 33 29 29 22 23 30 30 34 25 35 31 26 27 31 28 33 32 32 33 34 29 35 34 30 35 34 36 35 34 36 35 31 36 36 32 36 33 
3x6x15
01 02 03 01 04 03 01 05 03 01 05 03 06 05 07 08 05 09 10 02 02 04 04 11 01 12 03 06 13 07 06 05 07 08 08 09 10 02 14 10 04 11 12 12 11 15 13 16 06 13 07 08 09 09 10 02 14 17 04 11 15 12 16 15 13 16 06 18 07 08 19 09 10 14 14 17 20 11 17 12 21 15 13 16 22 18 18 19 19 23 24 20 14 17 20 25 26 20 21 15 20 16 22 18 23 22 19 23 24 27 25 17 27 25 26 27 21 28 27 21 22 18 29 30 19 23 24 24 31 32 27 25 26 26 21 28 28 33 22 34 29 30 30 23 24 35 31 32 36 25 26 34 33 28 34 33 37 34 29 30 34 29 32 35 31 32 36 31 38 39 40 28 39 33 37 39 29 30 39 41 35 35 31 32 36 36 38 42 40 37 43 33 37 39 44 45 41 41 46 35 47 48 36 49 38 42 40 38 43 40 37 50 44 45 51 41 46 46 47 48 42 49 38 42 40 43 43 44 45 50 44 45 51 41 46 47 47 48 52 49 48 42 49 53 43 54 50 50 44 45 51 51 46 52 47 48 52 49 53 52 54 53 52 54 53 50 54 53 51 54 

3x7x10
01 02 03 01 04 03 01 05 03 01 06 03 07 06 08 09 06 06 10 06 11 12 02 02 04 04 03 01 05 08 13 14 08 07 07 08 09 09 08 10 10 11 12 02 15 12 04 16 05 05 16 13 14 16 07 17 16 09 18 11 10 19 11 12 02 15 20 04 15 13 05 16 13 14 14 07 17 17 09 18 21 10 19 11 12 22 15 20 23 24 20 25 24 13 14 24 26 17 24 18 18 21 27 19 19 22 22 15 20 23 23 26 25 24 26 28 29 26 17 21 26 18 21 27 19 30 31 22 32 20 23 33 25 25 34 28 28 29 35 36 29 27 37 21 27 38 30 31 22 32 31 23 33 35 25 34 35 28 29 35 36 36 35 37 30 27 38 30 31 32 32 39 33 33 39 34 34 39 28 29 39 36 40 41 37 37 38 38 30 31 42 32 42 42 33 39 42 34 41 42 40 41 36 40 41 37 40 41 38 40 
3x7x15
01 02 03 01 04 03 01 05 03 01 06 03 07 06 08 09 06 10 11 06 12 13 02 02 04 04 14 01 05 03 15 05 08 07 06 08 09 09 10 11 11 12 13 02 14 13 04 14 15 05 14 15 16 14 07 07 08 09 10 10 11 12 12 13 02 17 18 04 17 19 05 17 15 16 17 07 16 08 09 20 10 11 21 12 13 22 23 18 24 17 19 19 25 15 16 25 26 25 25 20 20 25 21 21 27 18 22 23 18 24 23 19 28 29 26 16 29 26 30 29 26 20 29 26 21 27 22 22 23 18 24 24 19 28 28 31 30 32 31 30 29 31 20 27 31 21 27 33 22 23 34 24 35 34 28 32 34 34 32 34 30 32 31 36 32 37 38 27 33 39 35 33 40 35 41 28 35 41 41 35 41 30 42 41 36 43 37 38 38 33 39 44 45 40 44 45 45 44 45 46 44 45 36 42 37 36 43 37 38 43 33 39 39 47 40 40 47 47 44 47 46 48 47 42 42 49 36 43 37 38 50 51 39 52 53 40 54 55 46 56 49 46 48 49 57 42 49 58 43 49 59 50 51 51 52 53 53 54 55 56 56 60 46 48 60 57 48 60 58 50 60 59 50 51 52 52 53 54 54 55 61 56 55 57 48 62 57 63 60 58 58 59 59 50 51 61 52 53 61 54 55 61 56 62 61 63 62 57 63 62 58 63 62 59 63 


4x4x5
01 02 03 04 01 02 03 04 01 02 03 04 01 02 03 04 05 05 05 05 06 06 06 06 01 02 03 04 07 07 07 07 08 09 05 10 08 08 06 10 08 11 10 10 08 12 07 10 09 09 09 09 13 14 15 16 11 11 11 11 12 12 12 12 13 14 15 16 13 14 15 16 13 14 15 16 13 14 15 16 

4x5x5
01 02 03 04 02 02 02 02 05 06 07 08 06 06 06 06 09 10 11 12 01 13 03 04 01 13 03 04 05 13 07 08 05 13 07 08 09 10 11 12 01 14 03 04 14 14 14 14 05 13 07 08 09 10 11 12 09 10 11 12 01 15 03 04 16 16 16 16 05 16 07 08 17 18 19 20 09 10 11 12 15 15 15 15 17 18 19 20 17 18 19 20 17 18 19 20 17 18 19 20 

5x5x5
01 02 03 04 05 01 02 03 04 05 01 02 03 04 05 01 02 03 04 05 06 07 07 07 07 08 08 08 08 09 10 11 03 04 05 01 02 12 13 14 06 13 13 13 13 06 15 07 16 17 10 11 08 18 09 10 11 12 18 18 10 11 12 18 14 10 11 19 18 17 06 15 15 16 17 20 21 22 09 09 20 22 22 22 22 20 20 12 14 14 20 19 19 19 19 06 15 16 16 17 21 21 21 21 09 23 24 24 24 24 23 23 12 24 14 23 25 25 25 25 23 15 25 16 17 
5x5x6
01 02 03 04 05 01 02 03 04 06 01 02 03 04 06 01 02 03 04 06 07 07 07 07 06 08 08 08 08 05 09 09 09 09 10 01 02 03 04 11 12 12 12 12 06 13 14 07 15 16 17 18 08 05 05 17 19 09 10 10 17 20 21 22 11 17 12 23 24 11 13 14 14 15 16 18 18 18 18 05 25 19 19 22 10 17 20 21 22 11 13 20 23 24 16 13 14 15 15 16 25 26 26 26 26 25 19 21 26 10 25 20 21 22 11 25 23 23 24 24 13 14 27 15 16 28 28 28 28 29 30 19 28 29 29 30 20 21 22 29 30 30 23 24 29 30 27 27 27 27 
5x5x7
01 02 03 04 05 01 02 03 04 05 01 02 03 04 05 01 02 03 04 05 06 06 06 06 07 08 09 09 09 09 10 10 10 10 11 01 02 03 04 05 12 12 12 12 13 14 06 12 07 07 08 15 09 16 11 08 17 10 16 11 18 17 19 16 16 14 17 17 16 13 14 17 20 21 07 08 15 15 22 23 24 25 26 22 11 18 18 19 22 13 27 28 29 22 13 14 20 20 21 07 08 15 26 23 23 24 25 26 22 11 18 25 19 19 30 27 28 29 29 13 14 28 20 21 21 24 15 31 32 23 24 25 26 32 30 18 33 19 32 30 27 28 29 32 30 27 34 20 21 30 31 31 31 31 23 24 25 26 32 35 33 33 33 33 35 27 28 29 35 35 34 34 34 34 35 



2x2x4x5
01 02 03 04 01 02 03 05 01 02 03 03 01 02 03 06 07 04 08 04 09 10 08 05 01 02 08 08 11 06 08 06 07 10 12 04 09 10 12 05 09 10 12 05 11 10 12 06 07 13 07 04 09 13 12 05 13 13 14 15 11 13 11 06 07 16 14 15 09 16 14 15 16 16 14 15 11 16 14 15 
2x2x5x9
01 02 03 04 01 02 05 06 01 02 05 07 01 02 05 08 09 10 05 11 03 04 03 04 12 13 06 06 01 02 05 07 09 10 08 08 09 10 11 11 12 13 03 04 12 13 14 06 12 13 07 07 12 13 15 08 09 10 16 11 17 18 03 04 19 18 14 06 18 18 15 07 20 18 15 08 09 10 16 11 17 17 14 21 19 22 14 21 22 22 21 21 20 22 15 21 20 22 16 16 17 23 24 25 19 26 14 27 19 28 27 27 20 29 15 27 30 31 16 27 17 23 24 25 19 26 32 33 28 28 32 33 20 29 32 33 30 31 32 33 23 23 24 25 26 26 24 25 34 28 35 36 29 29 32 33 30 31 30 31 34 23 24 25 34 26 35 36 34 28 35 36 34 29 35 36 30 31 35 36 
