prime hyperboxes of the Z-Pentomino  Toshihiro Shirakawa 2013.11.23

Update 2013.12.03
       3x3x4x25

Zx60=3x4x5x5 minimal
01 04 06 06 10  14 15 15 06 49  24 24 15 06 06  27 28 15 15 59
01 04 10 10 10  01 04 20 19 21  01 04 20 20 20  27 28 28 28 20
13 05 10 09 43  18 23 21 21 21  01 04 26 26 03  30 29 31 28 56
13 09 09 09 03  13 22 21 50 03  13 22 22 22 03  31 31 31 22 56
11 09 08 37 03  17 17 08 08 08  13 17 54 54 08  31 17 17 58 45

02 05 39 39 43  14 16 16 39 49  14 24 16 39 39  14 29 16 16 59
02 05 12 12 43  02 19 19 19 49  02 25 25 55 55  27 29 32 32 59
11 05 12 37 43  18 23 23 23 49  02 25 26 55 34  30 29 32 58 59
11 12 12 37 34  18 50 50 50 34  25 25 55 55 34  30 32 32 58 56
11 07 07 37 34  18 07 47 47 45  07 07 47 54 45  30 47 47 58 45

35 05 40 41 43  40 40 40 48 48  40 24 24 48 44  14 29 48 48 60
35 41 41 41 44  35 19 52 53 44  35 53 53 53 44  27 53 60 60 60
11 41 42 37 44  52 52 52 23 49  35 26 26 36 33  27 57 60 58 59
42 42 42 36 33  52 50 51 36 33  51 51 51 36 33  51 57 57 57 56
42 38 38 36 33  18 38 46 46 45  38 38 46 54 54  30 46 46 57 56

Possible
3x3x4x25
3x3x5x[10,15]
3x4x5x5

Impossible
AxBxCxD mod 25 != 0
3x3x3xN
3x3x5x5


3x3x4x25 
01 02 03 01 02 04 05 06 04 05 06 03 05 06 03 05 06 03 05 06 07 08 09 07 08 09 03 10 11 11 10 10 10 12 12 10 13 14 14 01 02 04 15 15 16 13 14 17 17 17 17 17 15 16 14 14 18 08 09 07 19 15 15 20 11 18 20 20 20 19 12 20 21 22 04 01 02 04 01 02 23 13 24 24 25 26 26 27 27 16 08 09 18 08 09 07 19 28 07 11 11 29 30 30 31 32 12 12 21 22 23 21 22 23 21 22 23 13 24 18 25 26 31 19 27 16 13 28 18 25 28 31 19 28 16 29 29 29 25 30 31 32 32 32 33 34 23 35 34 36 21 22 37 24 24 38 26 26 31 39 27 27 40 28 38 40 40 40 39 41 40 29 42 42 25 30 30 43 43 32 33 33 33 35 34 36 37 37 37 44 45 45 35 45 36 45 45 46 47 41 38 35 41 36 39 41 48 47 42 49 50 51 49 50 43 48 52 53 33 52 34 54 37 34 54 44 53 46 44 51 46 44 55 46 47 41 38 35 51 36 39 55 48 42 42 38 50 51 49 39 43 43 56 57 57 52 57 54 57 57 58 47 53 46 59 51 60 44 55 48 47 61 61 59 61 60 61 61 48 50 62 62 50 62 49 62 62 49 56 63 54 52 63 54 52 55 58 56 53 64 59 63 60 65 55 58 56 53 66 67 63 68 69 63 58 70 70 66 67 70 68 69 70 70 71 72 72 59 72 60 72 72 73 64 64 64 59 74 60 65 65 65 56 75 66 67 74 68 69 76 58 77 77 78 79 77 78 79 77 77 71 75 73 71 80 73 71 76 73 64 75 66 67 80 68 69 76 65 81 75 66 67 74 68 69 76 82 81 83 83 79 83 78 83 83 82 84 75 73 84 84 84 71 76 84 85 85 86 87 80 88 89 90 90 81 85 86 87 74 88 89 90 82 79 85 85 79 74 78 90 90 78 91 92 92 93 92 94 92 92 95 81 96 96 93 80 94 97 97 82 81 96 86 87 80 88 89 97 82 96 96 98 98 98 98 98 97 97 91 99 95 91 100 95 91 101 95 102 103 103 93 103 94 103 103 104 105 105 86 87 105 88 89 105 105 106 106 86 87 106 88 89 106 106 107 99 95 107 100 108 91 101 108 102 99 109 93 100 94 110 101 104 102 99 109 93 100 94 110 101 104 102 111 111 112 111 113 111 111 104 114 114 115 107 114 108 116 114 114 115 115 115 112 117 113 116 116 116 115 99 109 112 100 113 110 101 116 102 118 118 112 118 113 118 118 104 119 119 108 107 119 108 107 119 119 120 121 121 112 117 113 122 122 123 120 121 109 124 117 125 110 122 123 121 121 109 124 117 125 110 122 122 126 127 127 126 126 126 128 128 126 129 129 130 130 130 130 130 131 131 120 129 132 124 133 125 134 131 123 135 129 129 135 117 136 131 131 136 137 127 132 138 133 139 134 128 140 137 141 132 124 133 125 134 142 140 120 141 132 124 133 125 134 142 123 120 143 143 135 144 136 145 145 123 127 127 132 138 133 139 134 128 128 137 141 146 138 144 139 147 142 140 146 146 146 138 144 139 147 147 147 146 143 136 135 144 136 135 145 147 148 141 149 149 149 149 149 142 150 137 141 151 152 144 151 152 142 140 137 153 153 138 153 139 153 153 140 143 143 154 154 154 154 154 145 145 148 155 150 148 156 150 148 157 150 158 159 159 152 156 151 160 160 161 158 159 162 162 162 162 162 160 161 159 159 163 163 163 163 163 160 160 164 155 150 164 164 164 148 157 164 152 155 165 152 156 151 166 157 151 158 155 167 167 167 167 167 157 161 168 169 169 168 169 170 169 169 170 171 172 172 171 172 173 172 172 173 165 165 165 171 156 173 166 166 166 158 155 173 171 156 173 171 157 161 158 174 174 168 174 170 174 174 161 175 176 176 175 176 177 176 176 177 165 178 178 175 178 177 178 178 166 179 179 177 175 179 177 175 179 179 180 180 170 168 180 170 168 180 180 
3x3x5x10
01 02 03 03 03 03 03 02 01 01 02 04 04 04 04 04 02 01 05 06 07 08 09 08 07 06 05 05 05 05 10 09 10 05 05 05 11 11 05 10 11 10 05 11 11 12 13 13 08 13 08 13 13 12 01 02 14 08 15 08 14 02 01 16 06 07 08 15 08 07 06 16 16 06 07 10 09 10 07 06 16 17 06 07 17 17 17 07 06 17 12 12 12 08 18 08 12 12 12 01 02 14 19 18 19 14 02 01 01 02 14 10 15 10 14 02 01 16 20 14 10 09 10 14 20 16 21 06 07 21 09 21 07 06 21 22 22 12 23 22 23 12 22 22 24 20 25 19 18 19 25 20 24 24 20 25 19 15 19 25 20 24 16 20 14 19 15 19 14 20 16 16 26 26 21 26 21 26 26 16 27 28 28 23 28 23 28 28 27 27 20 25 23 18 23 25 20 27 24 29 30 23 18 23 30 29 24 31 31 30 19 31 19 30 31 31 32 32 21 21 32 21 21 32 32 33 29 25 33 33 33 25 29 33 27 29 25 34 35 34 25 29 27 24 29 30 23 35 23 30 29 24 24 36 37 37 37 37 37 36 24 38 39 39 38 39 38 39 39 38 40 29 41 41 41 41 41 29 40 27 36 30 34 35 34 30 36 27 27 36 30 34 42 34 30 36 27 43 36 44 34 42 34 44 36 43 45 45 44 38 45 38 44 45 45 40 40 40 46 35 46 40 40 40 43 36 47 46 35 46 47 36 43 43 48 47 49 42 49 47 48 43 43 50 44 34 51 34 44 50 43 52 50 38 38 51 38 38 50 52 53 48 40 53 53 53 40 48 53 43 48 47 46 42 46 47 48 43 52 48 44 49 42 49 44 48 52 52 50 44 49 51 49 44 50 52 52 54 54 49 54 49 54 54 52 55 48 47 55 55 55 47 48 55 56 56 47 46 56 46 47 56 56 52 50 57 46 51 46 57 50 52 57 50 57 57 51 57 57 50 57 57 58 58 49 58 49 58 58 57 
3x3x5x15
01 03 05 05 05 05 05 07 09 01 03 11 13 15 16 18 15 12 11 11 11 13 15 14 12 12 12 11 15 19 17 15 14 12 04 02 10 08 06 06 06 06 06 04 02 20 07 09 20 07 09 22 07 09 01 03 19 16 16 16 18 24 26 27 24 19 13 24 14 18 24 26 27 24 19 17 17 17 18 04 02 10 08 23 10 08 21 10 08 21 28 07 09 20 30 30 22 32 32 01 03 19 16 34 14 22 34 26 01 03 23 13 34 14 22 04 02 27 34 23 13 34 17 18 04 02 33 33 23 31 31 21 10 08 29 28 28 28 20 30 36 20 32 26 38 40 40 38 40 42 40 40 26 43 43 23 42 42 42 22 44 44 27 41 41 42 41 39 41 41 39 27 33 21 37 31 21 29 29 29 45 47 28 30 30 36 32 32 49 51 53 55 38 53 36 49 49 49 51 43 50 37 53 36 49 44 52 50 50 50 37 53 39 56 53 52 50 33 33 37 31 31 29 48 46 45 47 57 45 47 59 45 47 59 55 55 55 38 61 63 38 61 63 51 43 43 37 61 36 44 44 52 64 61 39 64 61 39 56 56 56 60 48 46 60 48 46 58 48 46 65 65 57 67 67 59 45 47 69 55 71 57 73 75 63 77 75 52 51 71 57 73 75 74 58 72 52 51 75 78 64 75 74 58 72 56 70 48 46 60 68 68 58 66 66 79 65 59 79 67 59 69 69 69 81 83 63 81 83 63 77 77 77 85 71 57 73 83 74 58 72 86 78 78 78 64 83 82 64 83 82 70 70 70 60 68 80 60 66 80 85 65 65 79 67 67 69 87 89 85 91 93 81 91 74 95 72 77 85 71 96 73 91 74 95 72 86 78 71 96 73 91 82 94 91 86 90 88 70 68 68 80 66 66 86 85 87 89 79 87 89 79 87 89 93 93 93 81 97 99 81 97 99 101 101 96 103 97 104 95 102 102 100 97 82 100 97 82 94 94 94 90 88 80 90 88 80 90 88 86 105 87 89 103 107 107 109 111 111 93 113 96 103 113 99 109 109 109 110 101 96 103 113 104 95 102 109 110 110 110 100 113 104 95 113 94 112 112 110 108 108 104 90 88 106 105 105 105 103 107 115 117 111 115 119 119 99 121 119 99 117 119 119 123 101 101 121 121 121 102 102 124 120 120 118 100 120 121 100 120 120 116 112 118 116 108 104 106 106 106 125 127 105 107 107 115 111 111 124 129 131 133 135 137 138 117 137 124 123 131 133 135 137 136 134 132 124 123 137 118 139 137 136 134 132 130 123 112 112 116 108 108 106 128 126 125 127 115 125 127 115 125 127 124 129 131 133 138 138 138 117 140 130 129 140 118 135 140 136 117 140 130 129 140 118 139 139 139 134 132 130 123 128 126 116 128 126 116 128 126 141 131 133 141 141 141 125 127 141 143 131 133 138 145 136 144 145 130 143 143 143 135 145 136 144 144 144 129 145 143 135 145 139 134 132 144 142 128 126 142 142 142 134 132 142 
5x5x3x4
01 02 03 03 04 05 06 04 04 04 05 07 04 02 08 09 07 07 07 05 08 10 10 07 05 01 02 11 11 08 05 02 12 12 08 08 02 12 02 08 08 12 12 02 05 08 11 11 02 01 05 07 10 10 08 05 07 07 07 09 08 02 04 07 05 04 04 04 06 05 04 03 03 02 01 13 14 14 03 15 16 06 06 06 15 16 17 17 18 19 09 09 09 18 19 20 20 10 14 14 01 14 11 21 21 22 23 23 23 23 22 23 17 23 22 23 23 23 23 22 21 21 11 14 01 14 14 10 20 20 19 18 09 09 09 19 18 17 17 16 15 06 06 06 16 15 03 14 14 13 13 13 13 03 03 16 24 25 06 15 25 25 25 26 27 25 24 09 18 19 27 20 10 10 01 01 11 11 21 27 22 24 24 24 27 27 26 26 26 27 27 24 24 24 22 27 21 11 11 01 01 10 10 20 27 19 18 09 24 25 27 26 25 25 25 15 06 25 24 16 03 03 13 13 13 16 28 13 29 30 16 29 29 29 15 30 29 31 28 15 31 31 31 18 19 31 20 20 18 19 22 28 21 21 30 22 28 32 32 30 30 28 32 28 30 30 32 32 28 22 30 21 21 28 22 19 18 20 20 31 19 18 31 31 31 15 28 31 29 30 15 29 29 29 16 30 29 13 28 16 
